
 now Q is 10

basis_ent0 = 0.015039
 [28 , 33, 44]  0.015039 + 0.001010 <  0.016101  :  5438.734375  (34)
 [8 , 33, 44]  0.015039 + 0.001715 >>  0.016101  :  5408.484375  (53)
 [33 , 38, 44]  0.015039 + 0.001189 <  0.016101  :  5404.656250  (41)
 [33 , 34, 44]  0.015039 + 0.000995 <  0.016101  :  5339.968750  (37)
 [33 , 42, 44]  0.015039 + 0.001150 <  0.016101  :  5330.109375  (39)
 [33 , 39, 44]  0.015039 + 0.000889 <  0.016101  :  5320.328125  (37)
 [33 , 43, 44]  0.015039 + 0.000911 <  0.016101  :  5305.281250  (37)
 [33 , 35, 44]  0.015039 + 0.000900 <  0.016101  :  5302.765625  (37)
 [33 , 36, 44]  0.015039 + 0.000894 <  0.016101  :  5291.984375  (36)
 [33 , 37, 44]  0.015039 + 0.000894 <  0.016101  :  5291.984375  (36)

 [33 , 44, 99]  0.015039 + 0.000894 <  0.010734  :  5291.984375  (36)
 [8 , 33, 99]  0.015039 + 0.001613 <  0.010734  :  4298.609375  (48)
 [28 , 33, 99]  0.015039 + 0.000933 <  0.010734  :  3956.000000  (24)
 [9 , 33, 99]  0.015039 + 0.000722 <  0.010734  :  3541.437500  (23)
 [33 , 54, 99]  0.015039 + 0.000673 <  0.010734  :  3527.531250  (23)
 [31 , 33, 99]  0.015039 + 0.000814 <  0.010734  :  3444.156250  (26)
 [10 , 33, 99]  0.015039 + 0.001035 <  0.010734  :  3439.578125  (30)
 [33 , 55, 99]  0.015039 + 0.000785 <  0.010734  :  3436.281250  (26)
 [33 , 38, 99]  0.015039 + 0.000872 <  0.010734  :  3428.468750  (30)
 [13 , 33, 99]  0.015039 + 0.000785 <  0.010734  :  3414.937500  (26)

 [33 , 99, 99]  0.015039 + 0.000678 <  0.005367  :  3192.109375  (22)
 [44 , 99, 99]  0.015039 + 0.000217 <  0.005367  :  2099.875000  (14)
 [8 , 99, 99]  0.015039 + 0.001212 <  0.005367  :  883.609375  (26)
 [28 , 99, 99]  0.015039 + 0.000067 <  0.005367  :  464.453125  (1)
 [9 , 99, 99]  0.015039 + 0.000044 <  0.005367  :  349.328125  (1)
 [10 , 99, 99]  0.015039 + 0.000357 <  0.005367  :  247.468750  (8)
 [55 , 99, 99]  0.015039 + 0.000107 <  0.005367  :  244.171875  (4)
 [38 , 99, 99]  0.015039 + 0.000281 <  0.005367  :  234.562500  (8)
 [31 , 99, 99]  0.015039 + 0.000062 <  0.005367  :  212.781250  (3)
 [24 , 99, 99]  0.015039 + 0.000124 <  0.005367  :  171.390625  (4)
8, 33, 44