

 [80] ******************************************************

 [41 , 49, 54]  152718.430809 vs 149622.215213 >>  3096.215596  :  36.656250  (1)
[750]    37  [41, 49, 54]

 [70] ******************************************************

 [5 , 49, 54]  131002.014504 vs 128527.837610 >>  2474.176895  :  111.171875  (2)
[710]    46  [5]
[750]    65  [5, 49, 54]

 [60] ******************************************************

 [5 , 28, 54]  116495.898057 vs 114427.809159 >>  2068.088898  :  293.734375  (3)
[340]    129  [28]
[710]    87  [5]
[750]    86  [5, 54]

 [50] ******************************************************

 [5 , 13, 28]  102911.142500 vs 100553.960675 >>  2357.181825  :  569.625000  (3)
[340]    200  [28]
[710]    212  [5, 13]
[843]    158  [5, 13, 28]

 [40] ******************************************************

 [5 , 22, 56]  88822.025518 vs 86708.776451 >>  2113.249067  :  861.156250  (3)
[311]    280  [5, 22, 56]
[710]    366  [5]
[809]    215  [5, 22, 56]

 [30] ******************************************************

 [5 , 13, 47]  72878.288091 vs 71080.240993 >>  1798.047098  :  1328.265625  (4)
[710]    512  [5, 13]
[743]    477  [5, 47]
[843]    327  [5, 13, 47]
[931]    13  [5, 13]