

 [80] ******************************************************

 [99 , 99, 99]  152718.430809 vs 149461.962712 >>  3256.468097  :  0.000000  (0)

 [70] ******************************************************

 [11 , 35, 63]  131002.014504 vs 128760.882417 >>  2241.132087  :  9.640625  (1)
[191]    10  [11, 35, 63]

 [60] ******************************************************

 [20 , 29, 41]  116495.898057 vs 114675.622273 >>  1820.275784  :  72.984375  (2)
[768]    3  [29]
[836]    70  [20, 29, 41]

 [50] ******************************************************

 [20 , 29, 41]  102911.142500 vs 100697.584069 >>  2213.558431  :  118.718750  (2)
[768]    4  [29]
[836]    115  [20, 29, 41]

 [40] ******************************************************

 [9 , 18, 37]  88822.025518 vs 86799.940298 >>  2022.085220  :  490.484375  (4)
[311]    297  [9, 18, 37]
[674]    137  [9, 18, 37]
[736]    14  [37]
[737]    42  [37]

 [30] ******************************************************

 [20 , 41, 52]  72878.288091 vs 71087.583726 >>  1790.704364  :  1563.265625  (24)
[295]    41  [20, 52]
[391]    17  [20, 41, 52]
[423]    95  [20, 41, 52]
[455]    63  [20, 41, 52]
[468]    16  [20, 41, 52]
[487]    44  [20, 41, 52]
[675]    5  [20]
[678]    21  [20, 41]
[704]    26  [20, 41, 52]
[740]    264  [20, 41]
[769]    48  [41, 52]
[770]    113  [20, 41, 52]
[800]    38  [52]
[801]    85  [52]
[832]    105  [52]
[834]    173  [52]
[835]    111  [20, 52]
[836]    97  [20, 41]
[864]    22  [20, 52]
[868]    87  [20, 41, 52]
[897]    16  [52]
[899]    16  [20, 41, 52]
[931]    19  [20, 52]
[932]    44  [20, 41, 52]