

 [80] ******************************************************

 [10 , 18, 45]  121891.745328 vs 117057.654145 >>  4834.091183  :  155.140625  (2)
 [788]    72.703125 (2)
 [821]    82.437500 (3)

 [70] ******************************************************

 [10 , 18, 45]  100181.443032 vs 97030.020722 >>  3151.422310  :  487.015625  (2)
 [788]    233.453125 (2)
 [821]    253.562500 (3)

 [60] ******************************************************

 [10 , 18, 45]  86232.334477 vs 83906.231583 >>  2326.102893  :  638.375000  (3)
 [755]    25.484375 (3)
 [788]    358.343750 (2)
 [821]    254.546875 (3)

 [50] ******************************************************

 [18 , 45, 57]  75162.802696 vs 73555.641867 >>  1607.160829  :  862.156250  (3)
 [722]    320.234375 (3)
 [788]    374.515625 (2)
 [821]    167.406250 (2)

 [40] ******************************************************

 [18 , 45, 57]  64956.747797 vs 63786.254880 >>  1170.492916  :  1021.843750  (6)
 [536]    1.203125 (1)
 [555]    2.156250 (2)
 [722]    378.515625 (3)
 [777]    1.781250 (1)
 [788]    351.750000 (2)
 [794]    3.531250 (1)
 [821]    288.593750 (2)

 [30] ******************************************************

 [10 , 18, 45]  54436.507764 vs 53622.857414 >>  813.650350  :  1841.484375  (15)
 [299]    9.328125 (1)
 [568]    6.140625 (1)
 [705]    0.750000 (1)
 [722]    150.640625 (1)
 [736]    0.890625 (1)
 [755]    199.109375 (3)
 [777]    0.781250 (1)
 [785]    0.281250 (1)
 [788]    726.390625 (2)
 [800]    2.312500 (1)
 [801]    1.453125 (1)
 [821]    668.875000 (3)
 [912]    67.687500 (2)
 [946]    1.000000 (1)
 [953]    5.843750 (2)