
 now Q is 70

 now outputing  - - - -> end


basis_ent0 = 0.013252
 [12 , 17, 53]  0.013252 + 0.001352 <  0.015735  :  30.578125  (17)
 [17 , 53, 56]  0.013252 + 0.001792 <  0.015735  :  29.593750  (25)
 [5 , 12, 53]  0.013252 + 0.001622 <  0.015735  :  29.265625  (23)
 [17 , 33, 53]  0.013252 + 0.001534 <  0.015735  :  29.171875  (22)
 [12 , 53, 56]  0.013252 + 0.001694 <  0.015735  :  28.390625  (22)
 [17 , 53, 60]  0.013252 + 0.001519 <  0.015735  :  28.203125  (20)
 [5 , 53, 56]  0.013252 + 0.001884 <  0.015735  :  27.765625  (27)
 [17 , 53, 63]  0.013252 + 0.001536 <  0.015735  :  27.703125  (18)
 [5 , 12, 17]  0.013252 + 0.001337 <  0.015735  :  27.500000  (31)
 [5 , 53, 60]  0.013252 + 0.001342 <  0.015735  :  27.046875  (19)

 [17 , 53, 99]  0.013252 + 0.001634 >>  0.010490  :  22.468750  (17)
 [12 , 53, 99]  0.013252 + 0.001536 <  0.010490  :  21.609375  (14)
 [5 , 53, 99]  0.013252 + 0.001446 <  0.010490  :  20.718750  (17)
 [53 , 56, 99]  0.013252 + 0.001568 <  0.010490  :  20.531250  (15)
 [12 , 17, 99]  0.013252 + 0.000715 <  0.010490  :  19.953125  (20)
 [14 , 53, 99]  0.013252 + 0.001238 <  0.010490  :  19.656250  (10)
 [33 , 53, 99]  0.013252 + 0.001369 <  0.010490  :  19.656250  (15)
 [9 , 53, 99]  0.013252 + 0.001400 <  0.010490  :  18.718750  (12)
 [17 , 33, 99]  0.013252 + 0.000757 <  0.010490  :  18.468750  (26)
 [53 , 60, 99]  0.013252 + 0.001052 <  0.010490  :  18.421875  (8)

 [53 , 99, 99]  0.013252 + 0.001095 <  0.005245  :  12.656250  (5)
 [17 , 99, 99]  0.013252 + 0.000762 <  0.005245  :  9.671875  (15)
 [12 , 99, 99]  0.013252 + 0.000520 <  0.005245  :  7.890625  (9)
 [56 , 99, 99]  0.013252 + 0.000585 <  0.005245  :  7.515625  (13)
 [33 , 99, 99]  0.013252 + 0.000292 <  0.005245  :  7.171875  (11)
 [5 , 99, 99]  0.013252 + 0.000555 <  0.005245  :  6.937500  (11)
 [11 , 99, 99]  0.013252 + 0.000315 <  0.005245  :  5.625000  (7)
 [14 , 99, 99]  0.013252 + 0.000246 <  0.005245  :  5.484375  (6)
 [27 , 99, 99]  0.013252 + 0.000401 <  0.005245  :  3.578125  (6)
 [9 , 99, 99]  0.013252 + 0.000387 <  0.005245  :  3.359375  (7)
17, 53, 99