

 [80] ******************************************************

 [2 , 10, 35]  131347.645610 vs 126963.272115 >>  4384.373494  :  114.171875  (2)
[812]    72  [2, 10, 35]
[825]    43  [2, 10, 35]

 [70] ******************************************************

 [2 , 10, 35]  109138.657973 vs 106102.380452 >>  3036.277522  :  183.609375  (3)
[461]    1  [10]
[812]    116  [2, 10, 35]
[825]    67  [2, 10, 35]

 [60] ******************************************************

 [2 , 10, 35]  95498.035203 vs 92910.189043 >>  2587.846160  :  211.109375  (3)
[459]    2  [10]
[812]    142  [2, 10, 35]
[825]    68  [2, 10, 35]

 [50] ******************************************************

 [2 , 10, 35]  84826.251863 vs 82751.235508 >>  2075.016356  :  253.609375  (4)
[63]    1  [2]
[812]    166  [2, 10, 35]
[825]    85  [2, 10, 35]
[938]    1  [35]

 [40] ******************************************************

 [2 , 10, 35]  73554.422273 vs 71845.693308 >>  1708.728966  :  275.234375  (3)
[812]    182  [2, 10, 35]
[825]    93  [2, 10, 35]
[938]    0  [35]

 [30] ******************************************************

 [2 , 10, 35]  62483.579989 vs 61426.966277 >>  1056.613711  :  367.609375  (3)
[746]    3  [35]
[812]    252  [2, 10, 35]
[825]    113  [2, 10, 35]