

 [80] ******************************************************

 [0 , 4, 34]  131347.645610 vs 127347.046784 >>  4000.598826  :  12.203125  (8)
[45]    1  [4]
[83]    1  [4, 34]
[274]    1  [0, 34]
[303]    0  [0, 4]
[360]    0  [0, 4]
[454]    4  [0, 4, 34]
[461]    5  [4, 34]
[517]    1  [4]

 [70] ******************************************************

 [4 , 19, 25]  109138.657973 vs 106632.395254 >>  2506.262720  :  58.265625  (20)
[4]    2  [4, 19, 25]
[8]    20  [4, 19, 25]
[12]    8  [4, 19, 25]
[19]    7  [4, 19, 25]
[45]    3  [4]
[55]    0  [4, 19]
[73]    1  [19, 25]
[74]    0  [19]
[83]    2  [4, 25]
[91]    1  [4, 19, 25]
[92]    0  [4, 19, 25]
[150]    1  [19]
[164]    1  [25]
[229]    2  [19]
[240]    0  [19, 25]
[289]    2  [25]
[305]    1  [19]
[331]    1  [4, 19]
[360]    0  [4, 19]
[461]    5  [4]
[517]    0  [4]
[572]    0  [19]
[937]    1  [19]

 [60] ******************************************************

 [4 , 25, 54]  95498.035203 vs 93326.549311 >>  2171.485892  :  485.984375  (34)
[1]    2  [4, 54]
[2]    35  [4, 25, 54]
[3]    23  [4, 25, 54]
[4]    31  [4]
[5]    36  [4, 25]
[6]    32  [4, 25]
[7]    46  [4, 25]
[8]    52  [4, 25, 54]
[9]    33  [4, 25]
[10]    43  [4, 25]
[11]    40  [4, 25]
[12]    19  [4, 25]
[13]    34  [4, 25, 54]
[14]    20  [4, 25, 54]
[41]    3  [54]
[42]    2  [4]
[63]    3  [54]
[73]    2  [54]
[83]    4  [4, 54]
[92]    1  [4, 25, 54]
[123]    2  [54]
[200]    0  [54]
[207]    1  [25, 54]
[210]    2  [54]
[240]    0  [25, 54]
[247]    0  [4, 54]
[305]    2  [54]
[334]    4  [54]
[395]    2  [54]
[400]    3  [25]
[459]    1  [4]
[600]    3  [54]
[796]    2  [4, 54]
[872]    3  [4]
[894]    2  [25]

 [50] ******************************************************

 [4 , 25, 54]  84826.251863 vs 83337.570603 >>  1488.681260  :  731.015625  (39)
[1]    4  [4, 54]
[2]    73  [4, 25, 54]
[3]    59  [4, 25, 54]
[4]    63  [4]
[5]    66  [4, 25]
[6]    61  [4, 25]
[7]    47  [4, 25]
[8]    55  [4, 25, 54]
[9]    58  [4, 25]
[10]    53  [4, 25]
[11]    46  [4, 25]
[12]    26  [4, 25]
[13]    42  [4, 25, 54]
[14]    26  [4, 25, 54]
[63]    5  [54]
[78]    5  [54]
[84]    0  [4]
[91]    3  [4, 25]
[92]    2  [4, 25]
[167]    4  [54]
[175]    0  [4, 25, 54]
[179]    2  [4, 25]
[207]    4  [25]
[210]    1  [54]
[227]    3  [54]
[237]    1  [4]
[240]    1  [54]
[241]    0  [54]
[247]    3  [54]
[265]    3  [54]
[266]    1  [54]
[369]    3  [54]
[418]    0  [4]
[454]    0  [54]
[796]    4  [4, 54]
[859]    1  [4]
[938]    4  [54]
[940]    0  [25]
[971]    2  [4]

 [40] ******************************************************

 [4 , 25, 54]  73554.422273 vs 72405.633155 >>  1148.789119  :  835.296875  (35)
[1]    17  [4, 54]
[2]    76  [4, 25, 54]
[3]    71  [4, 25, 54]
[4]    82  [4]
[5]    80  [4, 25]
[6]    64  [4, 25]
[7]    60  [4, 25]
[8]    56  [4, 25, 54]
[9]    72  [4, 25]
[10]    63  [4, 25]
[11]    44  [4, 25]
[12]    31  [4, 25]
[13]    45  [4, 25, 54]
[14]    31  [4, 25, 54]
[54]    1  [4]
[55]    0  [4]
[63]    1  [54]
[78]    3  [54]
[84]    2  [4]
[92]    4  [4, 25]
[142]    1  [4, 54]
[167]    6  [54]
[179]    0  [4, 25]
[207]    6  [25]
[210]    0  [54]
[240]    0  [54]
[241]    3  [54]
[265]    2  [54]
[369]    2  [54]
[447]    3  [54]
[746]    4  [54]
[796]    0  [54]
[861]    1  [25]
[938]    3  [54]
[945]    2  [4, 54]

 [30] ******************************************************

 [4 , 25, 54]  62483.579989 vs 62199.539244 >>  284.040745  :  1012.765625  (52)
[1]    6  [4, 54]
[2]    85  [4, 25, 54]
[3]    83  [4, 25, 54]
[4]    73  [4]
[5]    71  [4, 25]
[6]    83  [4, 25]
[7]    67  [4, 25]
[8]    53  [4, 25, 54]
[9]    68  [4, 25]
[10]    55  [4, 25]
[11]    46  [4, 25]
[12]    32  [4, 25]
[13]    42  [4, 25, 54]
[14]    28  [4, 25, 54]
[19]    16  [4, 54]
[38]    1  [25]
[53]    4  [54]
[54]    5  [4]
[55]    4  [4]
[62]    1  [4]
[72]    0  [54]
[78]    1  [54]
[84]    12  [4]
[90]    3  [54]
[92]    6  [4, 25]
[175]    11  [54]
[179]    3  [4]
[203]    1  [4, 25]
[207]    0  [25]
[209]    10  [54]
[210]    3  [54]
[240]    2  [54]
[241]    5  [54]
[265]    12  [54]
[266]    2  [54]
[291]    0  [25]
[323]    0  [4]
[369]    14  [54]
[376]    7  [4]
[443]    1  [4, 54]
[447]    5  [54]
[529]    20  [4, 25, 54]
[602]    4  [4]
[697]    7  [54]
[746]    10  [54]
[773]    9  [25, 54]
[775]    3  [4]
[782]    12  [54]
[806]    6  [54]
[860]    9  [4, 25]
[926]    2  [25]
[940]    3  [25]
[945]    5  [4, 54]