

 [80] ******************************************************

 [0 , 10, 14]  192129.397680 vs 188285.535774 >>  3843.861906  :  154.843750  (2)
[141]    64  [0, 14]
[822]    91  [0, 10, 14]
[25]    152  [2, 3, 6]
[25]    148  [3, 6, 54]
[25]    147  [3, 6, 17]
[146]    63  [10, 14, 30]
[822]    84  [10, 14, 30]

 [70] ******************************************************

 [0 , 6, 28]  159044.609240 vs 155916.221531 >>  3128.387709  :  481.250000  (3)
[25]    192  [6, 28]
[141]    159  [0, 6]
[160]    130  [0, 6, 28]
[25]    295  [6, 17, 28]
[160]    164  [17, 28]
[25]    272  [6, 28, 63]
[160]    176  [28, 63]
[25]    208  [6, 14]
[822]    236  [10, 14]
[5]    26  [2, 28]
[25]    293  [2, 6, 28]
[160]    121  [6, 28]

 [60] ******************************************************

 [6 , 17, 53]  136158.699355 vs 133549.893657 >>  2608.805698  :  718.984375  (3)
[25]    265  [6, 17]
[161]    188  [6, 17, 53]
[790]    267  [6, 17, 53]
[25]    260  [6, 54]
[28]    198  [0, 6, 54]
[141]    256  [0, 6, 54]
[25]    338  [6, 17, 54]
[28]    197  [6, 54]
[161]    178  [17]
[25]    306  [6, 17, 28]
[160]    220  [17, 28]
[161]    181  [17, 28]
[25]    265  [6, 17]
[141]    255  [0, 6]
[161]    179  [0, 6, 17]

 [50] ******************************************************

 [6 , 24, 28]  118403.661005 vs 115684.757878 >>  2718.903127  :  1116.937500  (3)
[25]    374  [6, 24, 28]
[160]    403  [6, 24, 28]
[842]    340  [24]
[25]    416  [6, 17, 28]
[160]    441  [17, 28]
[161]    244  [17, 28]
[160]    403  [24, 28]
[822]    340  [10, 24]
[842]    349  [10, 24]
[29]    243  [7]
[133]    89  [7, 24]
[160]    403  [24, 28]
[842]    346  [7, 24]
[29]    245  [7, 10, 28]
[133]    88  [7]
[160]    398  [28]
[822]    313  [7, 10]

 [40] ******************************************************

 [6 , 24, 28]  100180.338028 vs 97677.105850 >>  2503.232178  :  1453.062500  (3)
[25]    662  [6, 24, 28]
[160]    416  [6, 24, 28]
[842]    375  [24]
[25]    601  [6, 28]
[160]    415  [28, 29]
[808]    410  [6, 28, 29]
[25]    601  [6, 28]
[160]    416  [28, 43]
[192]    393  [6, 43]
[25]    610  [6, 24]
[808]    407  [6, 29]
[842]    387  [24, 29]
[25]    704  [6, 17, 28]
[160]    454  [17, 28]
[161]    237  [17, 28]

 [30] ******************************************************

 [6 , 10, 24]  80083.370882 vs 77847.354026 >>  2236.016856  :  1696.890625  (3)
[25]    707  [6, 24]
[822]    584  [10, 24]
[842]    415  [10, 24]
[5]    340  [2]
[25]    756  [2, 6]
[822]    580  [2, 10]
[5]    417  [2, 44]
[25]    761  [2, 6, 44]
[128]    487  [2, 6, 44]
[5]    394  [2, 12]
[25]    772  [2, 6, 12]
[96]    482  [2, 6, 12]
[25]    684  [6, 48]
[820]    32  [6, 48]
[822]    551  [10, 48]
[852]    383  [10, 48]