
 now Q is 70

 now outputing  - - - -> end


basis_ent0 = 0.006283
 [35 , 47, 58]  0.006283 + 0.001812 <  0.015804  :  31.437500  (6)
 [7 , 15, 54]  0.006283 + 0.002115 <  0.015804  :  29.906250  (29)
 [10 , 53, 54]  0.006283 + 0.001953 <  0.015804  :  29.890625  (28)
 [7 , 53, 54]  0.006283 + 0.002533 <  0.015804  :  29.281250  (31)
 [15 , 53, 54]  0.006283 + 0.001680 <  0.015804  :  28.734375  (27)
 [7 , 10, 54]  0.006283 + 0.002238 <  0.015804  :  28.687500  (28)
 [15 , 26, 54]  0.006283 + 0.001584 <  0.015804  :  28.390625  (26)
 [15 , 52, 54]  0.006283 + 0.001415 <  0.015804  :  27.218750  (26)
 [7 , 54, 59]  0.006283 + 0.001484 <  0.015804  :  27.203125  (25)
 [10 , 15, 54]  0.006283 + 0.001753 <  0.015804  :  27.078125  (26)

 [15 , 54, 99]  0.006283 + 0.001398 <  0.010536  :  22.578125  (21)
 [7 , 54, 99]  0.006283 + 0.002087 <  0.010536  :  22.015625  (23)
 [10 , 54, 99]  0.006283 + 0.001824 <  0.010536  :  19.125000  (20)
 [53 , 54, 99]  0.006283 + 0.001886 <  0.010536  :  19.078125  (21)
 [19 , 54, 99]  0.006283 + 0.001306 <  0.010536  :  18.187500  (17)
 [18 , 54, 99]  0.006283 + 0.001749 <  0.010536  :  17.421875  (19)
 [54 , 61, 99]  0.006283 + 0.001450 <  0.010536  :  17.375000  (18)
 [26 , 54, 99]  0.006283 + 0.001367 <  0.010536  :  17.187500  (17)
 [32 , 54, 99]  0.006283 + 0.001263 <  0.010536  :  17.156250  (16)
 [52 , 54, 99]  0.006283 + 0.001163 <  0.010536  :  17.140625  (18)

 [54 , 99, 99]  0.006283 + 0.001247 >>  0.005268  :  13.390625  (13)
 [53 , 99, 99]  0.006283 + 0.000705 <  0.005268  :  5.703125  (8)
 [15 , 99, 99]  0.006283 + 0.000267 <  0.005268  :  5.468750  (6)
 [10 , 99, 99]  0.006283 + 0.000859 <  0.005268  :  4.390625  (8)
 [7 , 99, 99]  0.006283 + 0.000512 <  0.005268  :  3.984375  (8)
 [18 , 99, 99]  0.006283 + 0.000482 <  0.005268  :  3.796875  (5)
 [52 , 99, 99]  0.006283 + 0.000289 <  0.005268  :  3.218750  (5)
 [46 , 99, 99]  0.006283 + 0.000664 <  0.005268  :  2.828125  (8)
 [0 , 99, 99]  0.006283 + 0.000384 <  0.005268  :  2.625000  (7)
 [2 , 99, 99]  0.006283 + 0.000369 <  0.005268  :  2.328125  (6)
54, 99, 99