

 [80] ******************************************************

 [20 , 22, 55]  121891.745328 vs 117103.390133 >>  4788.355195  :  159.484375  (2)
 [722]    91.578125 (2)
 [755]    67.906250 (3)

 [70] ******************************************************

 [22 , 24, 62]  100181.443032 vs 97120.001895 >>  3061.441137  :  340.359375  (2)
 [788]    111.437500 (2)
 [821]    228.921875 (3)

 [60] ******************************************************

 [12 , 20, 22]  86232.334477 vs 83910.003728 >>  2322.330749  :  893.187500  (4)
 [722]    181.578125 (1)
 [755]    360.171875 (3)
 [788]    193.218750 (2)
 [790]    158.218750 (2)

 [50] ******************************************************

 [0 , 20, 22]  75162.802696 vs 73454.011785 >>  1708.790911  :  1050.343750  (4)
 [366]    216.546875 (3)
 [722]    284.312500 (2)
 [755]    346.171875 (3)
 [788]    203.312500 (1)

 [40] ******************************************************

 [0 , 20, 22]  64956.747797 vs 63614.147621 >>  1342.600176  :  1173.015625  (4)
 [366]    320.484375 (3)
 [722]    342.593750 (2)
 [755]    329.390625 (3)
 [788]    180.546875 (1)

 [30] ******************************************************

 [0 , 20, 22]  54436.507764 vs 53442.903813 >>  993.603951  :  1954.062500  (5)
 [366]    448.328125 (3)
 [722]    416.625000 (2)
 [755]    528.390625 (3)
 [788]    555.187500 (1)
 [946]    5.531250 (1)