
 now Q is 40

basis_ent0 = 0.008300
 [8 , 43, 44]  0.008300 + 0.006431 <  0.016101  :  931.796875  (79)
 [8 , 44, 49]  0.008300 + 0.005624 <  0.016101  :  924.468750  (71)
 [8 , 44, 55]  0.008300 + 0.006070 <  0.016101  :  909.062500  (73)
 [8 , 15, 44]  0.008300 + 0.005637 <  0.016101  :  907.968750  (72)
 [8 , 33, 44]  0.008300 + 0.006475 <  0.016101  :  906.140625  (75)
 [8 , 38, 44]  0.008300 + 0.005833 <  0.016101  :  902.171875  (71)
 [8 , 10, 44]  0.008300 + 0.005861 <  0.016101  :  895.375000  (71)
 [8 , 44, 48]  0.008300 + 0.006038 <  0.016101  :  888.937500  (72)
 [8 , 36, 44]  0.008300 + 0.006208 <  0.016101  :  888.828125  (75)
 [8 , 24, 44]  0.008300 + 0.006401 <  0.016101  :  887.437500  (73)

 [8 , 44, 99]  0.008300 + 0.007044 >>  0.010734  :  852.812500  (72)
 [38 , 44, 99]  0.008300 + 0.003607 <  0.010734  :  548.312500  (32)
 [43 , 44, 99]  0.008300 + 0.004171 <  0.010734  :  547.875000  (34)
 [10 , 44, 99]  0.008300 + 0.003284 <  0.010734  :  534.359375  (23)
 [44 , 49, 99]  0.008300 + 0.002886 <  0.010734  :  524.390625  (20)
 [15 , 44, 99]  0.008300 + 0.002786 <  0.010734  :  514.906250  (21)
 [33 , 44, 99]  0.008300 + 0.003549 <  0.010734  :  512.375000  (22)
 [41 , 44, 99]  0.008300 + 0.002831 <  0.010734  :  503.343750  (22)
 [14 , 44, 99]  0.008300 + 0.002740 <  0.010734  :  501.312500  (20)
 [5 , 44, 99]  0.008300 + 0.002973 <  0.010734  :  498.562500  (20)

 [44 , 99, 99]  0.008300 + 0.003825 <  0.005367  :  457.046875  (19)
 [8 , 99, 99]  0.008300 + 0.002492 <  0.005367  :  174.265625  (52)
 [43 , 99, 99]  0.008300 + 0.000657 <  0.005367  :  52.062500  (18)
 [38 , 99, 99]  0.008300 + 0.000171 <  0.005367  :  42.296875  (16)
 [33 , 99, 99]  0.008300 + 0.000159 <  0.005367  :  23.562500  (2)
 [28 , 99, 99]  0.008300 + 0.000673 <  0.005367  :  22.859375  (4)
 [32 , 99, 99]  0.008300 + -0.000015 <  0.005367  :  17.281250  (6)
 [24 , 99, 99]  0.008300 + -0.000009 <  0.005367  :  13.406250  (7)
 [10 , 99, 99]  0.008300 + 0.000065 <  0.005367  :  12.125000  (5)
 [27 , 99, 99]  0.008300 + -0.000006 <  0.005367  :  10.921875  (8)
8, 44, 99


 now Q is 30

basis_ent0 = 0.009615
 [8 , 28, 44]  0.009615 + 0.005898 <  0.016101  :  982.171875  (62)
 [8 , 44, 55]  0.009615 + 0.005235 <  0.016101  :  976.843750  (65)
 [8 , 43, 44]  0.009615 + 0.005017 <  0.016101  :  975.703125  (63)
 [8 , 33, 44]  0.009615 + 0.005753 <  0.016101  :  965.718750  (65)
 [8 , 44, 49]  0.009615 + 0.004646 <  0.016101  :  949.453125  (61)
 [8 , 15, 44]  0.009615 + 0.004583 <  0.016101  :  927.718750  (60)
 [8 , 38, 44]  0.009615 + 0.004848 <  0.016101  :  927.046875  (62)
 [8 , 44, 50]  0.009615 + 0.005294 <  0.016101  :  920.750000  (62)
 [8 , 10, 44]  0.009615 + 0.004781 <  0.016101  :  919.062500  (60)
 [8 , 44, 53]  0.009615 + 0.004970 <  0.016101  :  912.796875  (61)

 [8 , 44, 99]  0.009615 + 0.005894 >>  0.010734  :  876.109375  (60)
 [28 , 44, 99]  0.009615 + 0.003809 <  0.010734  :  577.671875  (18)
 [10 , 44, 99]  0.009615 + 0.003109 <  0.010734  :  564.015625  (24)
 [38 , 44, 99]  0.009615 + 0.003109 <  0.010734  :  561.812500  (31)
 [33 , 44, 99]  0.009615 + 0.003897 <  0.010734  :  545.390625  (22)
 [43 , 44, 99]  0.009615 + 0.003771 <  0.010734  :  544.640625  (29)
 [44 , 49, 99]  0.009615 + 0.002766 <  0.010734  :  541.687500  (18)
 [15 , 44, 99]  0.009615 + 0.002689 <  0.010734  :  532.625000  (21)
 [36 , 44, 99]  0.009615 + 0.003255 <  0.010734  :  528.046875  (20)
 [14 , 44, 99]  0.009615 + 0.002670 <  0.010734  :  516.843750  (18)

 [44 , 99, 99]  0.009615 + 0.003702 <  0.005367  :  473.062500  (17)
 [8 , 99, 99]  0.009615 + 0.001837 <  0.005367  :  172.109375  (40)
 [28 , 99, 99]  0.009615 + 0.000446 <  0.005367  :  102.046875  (1)
 [38 , 99, 99]  0.009615 + 0.000184 <  0.005367  :  45.437500  (15)
 [43 , 99, 99]  0.009615 + 0.000320 <  0.005367  :  44.937500  (11)
 [33 , 99, 99]  0.009615 + 0.000391 <  0.005367  :  42.218750  (5)
 [10 , 99, 99]  0.009615 + 0.000229 <  0.005367  :  26.375000  (9)
 [36 , 99, 99]  0.009615 + 0.000089 <  0.005367  :  23.546875  (3)
 [53 , 99, 99]  0.009615 + 0.000048 <  0.005367  :  22.203125  (5)
 [35 , 99, 99]  0.009615 + 0.000175 <  0.005367  :  19.296875  (3)
8, 44, 99


 now Q is 20

basis_ent0 = 0.012129
 [8 , 33, 44]  0.012129 + 0.003750 <  0.016101  :  2785.046875  (72)
 [33 , 44, 55]  0.012129 + 0.003428 <  0.016101  :  2481.593750  (53)
 [28 , 33, 44]  0.012129 + 0.003534 <  0.016101  :  2416.984375  (35)
 [33 , 43, 44]  0.012129 + 0.002485 <  0.016101  :  2301.343750  (47)
 [25 , 33, 44]  0.012129 + 0.002613 <  0.016101  :  2262.859375  (40)
 [10 , 33, 44]  0.012129 + 0.002474 <  0.016101  :  2259.968750  (43)
 [33 , 44, 49]  0.012129 + 0.002258 <  0.016101  :  2244.125000  (38)
 [8 , 44, 55]  0.012129 + 0.003732 <  0.016101  :  2240.562500  (69)
 [13 , 33, 44]  0.012129 + 0.002806 <  0.016101  :  2240.093750  (40)
 [33 , 44, 47]  0.012129 + 0.002601 <  0.016101  :  2237.703125  (41)

 [33 , 44, 99]  0.012129 + 0.002930 >>  0.010734  :  2176.859375  (38)
 [8 , 44, 99]  0.012129 + 0.003522 <  0.010734  :  1802.312500  (52)
 [44 , 55, 99]  0.012129 + 0.002484 <  0.010734  :  1564.734375  (34)
 [43 , 44, 99]  0.012129 + 0.002227 <  0.010734  :  1431.421875  (33)
 [28 , 44, 99]  0.012129 + 0.002521 <  0.010734  :  1424.796875  (19)
 [38 , 44, 99]  0.012129 + 0.001859 <  0.010734  :  1376.343750  (27)
 [10 , 44, 99]  0.012129 + 0.001943 <  0.010734  :  1365.640625  (25)
 [15 , 44, 99]  0.012129 + 0.001520 <  0.010734  :  1364.140625  (22)
 [44 , 49, 99]  0.012129 + 0.001569 <  0.010734  :  1348.468750  (19)
 [44 , 47, 99]  0.012129 + 0.001993 <  0.010734  :  1344.328125  (22)

 [44 , 99, 99]  0.012129 + 0.002506 <  0.005367  :  1267.687500  (18)
 [33 , 99, 99]  0.012129 + 0.001335 <  0.005367  :  844.531250  (20)
 [8 , 99, 99]  0.012129 + 0.001476 <  0.005367  :  249.859375  (33)
 [55 , 99, 99]  0.012129 + 0.001299 <  0.005367  :  231.843750  (14)
 [28 , 99, 99]  0.012129 + 0.000358 <  0.005367  :  154.546875  (1)
 [43 , 99, 99]  0.012129 + 0.000415 <  0.005367  :  84.671875  (15)
 [38 , 99, 99]  0.012129 + 0.000143 <  0.005367  :  72.859375  (10)
 [47 , 99, 99]  0.012129 + 0.000093 <  0.005367  :  46.718750  (4)
 [15 , 99, 99]  0.012129 + 0.000091 <  0.005367  :  42.265625  (4)
 [19 , 99, 99]  0.012129 + 0.000089 <  0.005367  :  41.890625  (7)
33, 44, 99


 now Q is 10

basis_ent0 = 0.015039
 [28 , 33, 44]  0.015039 + 0.001010 <  0.016101  :  5438.734375  (34)
 [8 , 33, 44]  0.015039 + 0.001715 >>  0.016101  :  5408.484375  (53)
 [33 , 38, 44]  0.015039 + 0.001189 <  0.016101  :  5404.656250  (41)
 [33 , 34, 44]  0.015039 + 0.000995 <  0.016101  :  5339.968750  (37)
 [33 , 42, 44]  0.015039 + 0.001150 <  0.016101  :  5330.109375  (39)
 [33 , 39, 44]  0.015039 + 0.000889 <  0.016101  :  5320.328125  (37)
 [33 , 43, 44]  0.015039 + 0.000911 <  0.016101  :  5305.281250  (37)
 [33 , 35, 44]  0.015039 + 0.000900 <  0.016101  :  5302.765625  (37)
 [33 , 36, 44]  0.015039 + 0.000894 <  0.016101  :  5291.984375  (36)
 [33 , 37, 44]  0.015039 + 0.000894 <  0.016101  :  5291.984375  (36)

 [33 , 44, 99]  0.015039 + 0.000894 <  0.010734  :  5291.984375  (36)
 [8 , 33, 99]  0.015039 + 0.001613 <  0.010734  :  4298.609375  (48)
 [28 , 33, 99]  0.015039 + 0.000933 <  0.010734  :  3956.000000  (24)
 [9 , 33, 99]  0.015039 + 0.000722 <  0.010734  :  3541.437500  (23)
 [33 , 54, 99]  0.015039 + 0.000673 <  0.010734  :  3527.531250  (23)
 [31 , 33, 99]  0.015039 + 0.000814 <  0.010734  :  3444.156250  (26)
 [10 , 33, 99]  0.015039 + 0.001035 <  0.010734  :  3439.578125  (30)
 [33 , 55, 99]  0.015039 + 0.000785 <  0.010734  :  3436.281250  (26)
 [33 , 38, 99]  0.015039 + 0.000872 <  0.010734  :  3428.468750  (30)
 [13 , 33, 99]  0.015039 + 0.000785 <  0.010734  :  3414.937500  (26)

 [33 , 99, 99]  0.015039 + 0.000678 <  0.005367  :  3192.109375  (22)
 [44 , 99, 99]  0.015039 + 0.000217 <  0.005367  :  2099.875000  (14)
 [8 , 99, 99]  0.015039 + 0.001212 <  0.005367  :  883.609375  (26)
 [28 , 99, 99]  0.015039 + 0.000067 <  0.005367  :  464.453125  (1)
 [9 , 99, 99]  0.015039 + 0.000044 <  0.005367  :  349.328125  (1)
 [10 , 99, 99]  0.015039 + 0.000357 <  0.005367  :  247.468750  (8)
 [55 , 99, 99]  0.015039 + 0.000107 <  0.005367  :  244.171875  (4)
 [38 , 99, 99]  0.015039 + 0.000281 <  0.005367  :  234.562500  (8)
 [31 , 99, 99]  0.015039 + 0.000062 <  0.005367  :  212.781250  (3)
 [24 , 99, 99]  0.015039 + 0.000124 <  0.005367  :  171.390625  (4)
8, 33, 44