

 [80] ******************************************************

 [99 , 99, 99]  121891.745328 vs 117576.903921 >>  4314.841407  :  0.000000  (0)

 [70] ******************************************************

 [1 , 8, 52]  100181.443032 vs 97227.160694 >>  2954.282337  :  47.359375  (1)
 [366]    47.359375 (3)  [1, 8, 52]

 [60] ******************************************************

 [1 , 8, 52]  86232.334477 vs 84206.112254 >>  2026.222223  :  97.937500  (1)
 [366]    97.937500 (3)  [1, 8, 52]

 [50] ******************************************************

 [1 , 8, 52]  75162.802696 vs 73821.471863 >>  1341.330833  :  180.296875  (1)
 [366]    180.296875 (3)  [1, 8, 52]

 [40] ******************************************************

 [1 , 8, 52]  64956.747797 vs 63944.251316 >>  1012.496481  :  284.234375  (1)
 [366]    284.234375 (3)  [1, 8, 52]

 [30] ******************************************************

 [1 , 8, 52]  54436.507764 vs 53645.807826 >>  790.699938  :  412.078125  (1)
 [366]    412.078125 (3)  [1, 8, 52]