

 [80] ******************************************************

 [1 , 10, 45]  121891.745328 vs 117045.391960 >>  4846.353368  :  187.000000  (2)
 [755]    127.562500 (3)
 [821]    59.437500 (3)

 [70] ******************************************************

 [1 , 10, 45]  100181.443032 vs 96810.013043 >>  3371.429989  :  417.593750  (3)
 [722]    80.890625 (3)
 [755]    106.140625 (3)
 [821]    230.562500 (3)

 [60] ******************************************************

 [1 , 10, 45]  86232.334477 vs 83892.282336 >>  2340.052141  :  836.328125  (3)
 [722]    190.515625 (3)
 [755]    414.265625 (3)
 [821]    231.546875 (3)

 [50] ******************************************************

 [1 , 10, 45]  75162.802696 vs 73562.285926 >>  1600.516770  :  1080.093750  (3)
 [722]    274.718750 (3)
 [755]    405.671875 (3)
 [821]    399.703125 (3)

 [40] ******************************************************

 [1 , 10, 45]  64956.747797 vs 63773.004859 >>  1183.742938  :  1244.031250  (4)
 [536]    1.250000 (1)
 [722]    333.000000 (3)
 [755]    388.890625 (3)
 [794]    2.750000 (1)
 [821]    520.890625 (3)

 [30] ******************************************************

 [1 , 10, 45]  54436.507764 vs 53588.947095 >>  847.560669  :  1856.031250  (11)
 [299]    9.734375 (1)
 [555]    0.281250 (1)
 [568]    5.031250 (1)
 [705]    1.609375 (1)
 [722]    407.031250 (3)
 [745]    4.437500 (1)
 [755]    587.890625 (3)
 [785]    0.062500 (1)
 [788]    193.265625 (2)
 [800]    2.531250 (1)
 [821]    645.875000 (3)