[   0] ( 21)  |
[   1] (  9)  |
[   2] ( 18)  |
[   3] (  4)  |
[   4] (  5)  |
[   5] (  9)  |
[   6] ( 33)  |
[   7] ( 26)  |
[   8] ( 35)  |
[   9] ( 12)  |
[  10] ( 11)  |
[  11] (  5)  |
[  12] (  5)  |
[  13] (  3)  |
[  14] ( 30)  |
[  15] (  6)  |
[  16] (  7)  |
[  17] ( 17)  |
[  18] ( 24)  |
[  19] (  3)  |
[  20] ( 12)  |
[  21] ( 18)  |
[  22] ( 14)  |
[  23] (  4)  |
[  24] ( 10)  |
[  25] ( 41)  |
[  26] ( 10)  |
[  27] ( 37)  |
[  28] (  5)  |
[  29] ( 20)  |
[  30] (  3)  |
[  31] (  7)  |
[  32] ( 20)  |
[  33] ( 30)  |
[  34] (  8)  |
[  35] (  6)  |
[  36] ( 12)  |
[  37] (  3)  |
[  38] ( 16)  |
[  39] ( 12)  |
[  40] ( 68)  |
[  41] (  8)  |
[  42] ( 11)  |
[  43] ( 31)  |
[  44] ( 18)  |
[  45] ( 27)  |
[  46] (  6)  |
[  47] (  7)  |
[  48] ( 13)  |
[  49] ( 25)  |
[  50] (  7)  |
[  51] ( 10)  |
[  52] ( 11)  |
[  53] (  3)  |
[  54] ( 16)  |
[  55] ( 19)  |
[  56] ( 19)  |
[  57] ( 18)  |
[  58] ( 19)  |
[  59] ( 15)  |
[  60] (  9)  |
[  61] ( 47)  |
[  62] ( 28)  |
[  63] ( 18)  |
