

 [30] ******************************************************

 [31 , 39, 99]  62483.579989 vs 62201.013630 >>  282.566359  :  490.578125  (46)
[38]    3  [31]
[54]    8  [31]
[55]    8  [31]
[62]    1  [31]
[84]    10  [31]
[119]    8  [39]
[176]    7  [31]
[180]    5  [31]
[209]    5  [39]
[211]    7  [39]
[225]    2  [31]
[238]    3  [31]
[239]    0  [31]
[267]    1  [39]
[278]    3  [31]
[280]    4  [39]
[308]    4  [31]
[321]    1  [31]
[323]    0  [39]
[328]    4  [31]
[363]    2  [31]
[369]    8  [39]
[376]    25  [39]
[521]    5  [31, 39]
[602]    3  [31]
[697]    8  [31]
[705]    1  [31]
[746]    3  [39]
[775]    5  [31]
[806]    5  [31, 39]
[876]    4  [31]
[940]    3  [39]
[993]    11  [31, 39]
[996]    6  [31, 39]
[1000]    39  [31, 39]
[1003]    33  [31, 39]
[1004]    7  [31, 39]
[1005]    17  [31, 39]
[1006]    21  [31, 39]
[1007]    32  [31, 39]
[1008]    16  [31, 39]
[1009]    30  [31, 39]
[1011]    16  [31, 39]
[1012]    37  [31, 39]
[1013]    31  [31, 39]
[1014]    36  [31, 39]