basis_ent0 = 0.005439
 [0 , 39, 59]  0.005439 + 0.001879 <  0.016445  :  34.515625  (28)
 [24 , 39, 59]  0.005439 + 0.001461 <  0.016445  :  32.296875  (22)
 [39 , 40, 59]  0.005439 + 0.001709 <  0.016445  :  28.671875  (24)
 [39 , 56, 59]  0.005439 + 0.001549 <  0.016445  :  26.984375  (24)
 [39 , 48, 59]  0.005439 + 0.001742 <  0.016445  :  26.781250  (23)
 [39 , 49, 59]  0.005439 + 0.001457 <  0.016445  :  26.328125  (22)
 [0 , 40, 59]  0.005439 + 0.001426 <  0.016445  :  26.109375  (26)
 [39 , 51, 59]  0.005439 + 0.001700 <  0.016445  :  25.578125  (23)
 [39 , 52, 59]  0.005439 + 0.001336 <  0.016445  :  25.531250  (21)
 [39 , 50, 59]  0.005439 + 0.001666 <  0.016445  :  25.328125  (22)

 [39 , 59, 99]  0.005439 + 0.001597 <  0.010963  :  23.671875  (21)
 [40 , 59, 99]  0.005439 + 0.001152 <  0.010963  :  22.312500  (21)
 [56 , 59, 99]  0.005439 + 0.001232 <  0.010963  :  20.750000  (22)
 [0 , 59, 99]  0.005439 + 0.001379 <  0.010963  :  20.718750  (22)
 [48 , 59, 99]  0.005439 + 0.001361 <  0.010963  :  19.703125  (20)
 [36 , 59, 99]  0.005439 + 0.001053 <  0.010963  :  18.765625  (19)
 [13 , 59, 99]  0.005439 + 0.000962 <  0.010963  :  18.625000  (18)
 [49 , 59, 99]  0.005439 + 0.000952 <  0.010963  :  18.421875  (18)
 [43 , 59, 99]  0.005439 + 0.001002 <  0.010963  :  18.171875  (19)
 [51 , 59, 99]  0.005439 + 0.001034 <  0.010963  :  18.171875  (18)

 [59 , 99, 99]  0.005439 + 0.000983 >>  0.005482  :  15.375000  (15)
 [40 , 99, 99]  0.005439 + 0.000130 <  0.005482  :  6.796875  (5)
 [56 , 99, 99]  0.005439 + 0.000112 <  0.005482  :  3.390625  (5)
 [31 , 99, 99]  0.005439 + 0.000176 <  0.005482  :  2.671875  (5)
 [48 , 99, 99]  0.005439 + 0.000201 <  0.005482  :  2.296875  (2)
 [49 , 99, 99]  0.005439 + 0.000043 <  0.005482  :  2.125000  (2)
 [36 , 99, 99]  0.005439 + 0.000119 <  0.005482  :  2.078125  (1)
 [62 , 99, 99]  0.005439 + 0.000115 <  0.005482  :  2.000000  (3)
 [39 , 99, 99]  0.005439 + 0.000135 <  0.005482  :  1.968750  (4)
 [20 , 99, 99]  0.005439 + 0.000114 <  0.005482  :  1.906250  (2)
59, 99, 99