

 [80] ******************************************************

 [16 , 34, 55]  131347.645610 vs 127129.348231 >>  4218.297378  :  57.656250  (1)
[467]    58  [16, 34, 55]

 [70] ******************************************************

 [1 , 26, 34]  109138.657973 vs 105728.731069 >>  3409.926904  :  283.437500  (3)
[467]    202  [1, 34]
[627]    4  [1, 26]
[693]    78  [1, 26, 34]

 [60] ******************************************************

 [1 , 26, 34]  95498.035203 vs 92593.080429 >>  2904.954774  :  386.171875  (3)
[467]    227  [1, 34]
[627]    56  [1, 26]
[693]    103  [1, 26, 34]

 [50] ******************************************************

 [1 , 26, 34]  84826.251863 vs 82506.345141 >>  2319.906723  :  600.796875  (3)
[467]    337  [1, 34]
[627]    127  [1, 26]
[693]    137  [1, 26, 34]

 [40] ******************************************************

 [17 , 34, 63]  73554.422273 vs 71580.973318 >>  1973.448955  :  798.234375  (3)
[467]    384  [17, 34]
[609]    208  [17, 34, 63]
[716]    206  [17]

 [30] ******************************************************

 [17 , 34, 63]  62483.579989 vs 61189.223115 >>  1294.356873  :  1117.359375  (3)
[467]    377  [17, 34]
[609]    416  [17, 34, 63]
[716]    324  [17]