

 [80] ******************************************************

 [0 , 10, 14]  192129.397680 vs 188286.909391 >>  3842.488289  :  154.843750  (2)
 [141]    63.984375 (2)  [0, 14]
 [822]    90.859375 (3)  [0, 10, 14]

 [70] ******************************************************

 [0 , 6, 28]  159044.609240 vs 155901.745954 >>  3142.863286  :  481.250000  (3)
 [25]    191.906250 (2)  [6, 28]
 [141]    159.343750 (2)  [0, 6]
 [160]    130.000000 (3)  [0, 6, 28]

 [60] ******************************************************

 [6 , 17, 53]  136158.699355 vs 133528.383882 >>  2630.315473  :  718.984375  (3)
 [25]    264.640625 (2)  [6, 17]
 [161]    187.531250 (3)  [6, 17, 53]
 [790]    266.812500 (3)  [6, 17, 53]

 [50] ******************************************************

 [6 , 24, 28]  118403.661005 vs 115677.447834 >>  2726.213171  :  1116.937500  (3)
 [25]    374.171875 (3)  [6, 24, 28]
 [160]    402.828125 (3)  [6, 24, 28]
 [842]    339.937500 (1)  [24]

 [40] ******************************************************

 [6 , 24, 28]  100180.338028 vs 97669.795806 >>  2510.542222  :  1453.062500  (3)
 [25]    662.000000 (3)  [6, 24, 28]
 [160]    415.656250 (3)  [6, 24, 28]
 [842]    375.406250 (1)  [24]

 [30] ******************************************************

 [6 , 10, 24]  80083.370882 vs 77827.217868 >>  2256.153014  :  1696.890625  (3)
 [25]    706.843750 (2)  [6, 24]
 [822]    584.000000 (2)  [10, 24]
 [842]    415.171875 (2)  [10, 24]