
 now Q is 70

 now outputing  - - - -> end


basis_ent0 = 0.006283
 [1 , 29, 61]  0.006283 + 0.002755 <  0.015827  :  40.171875  (21)
 [1 , 12, 61]  0.006283 + 0.003170 <  0.015827  :  31.218750  (19)
 [7 , 30, 61]  0.006283 + 0.003441 <  0.015827  :  30.578125  (20)
 [7 , 29, 61]  0.006283 + 0.002993 <  0.015827  :  30.546875  (16)
 [1 , 45, 61]  0.006283 + 0.003107 <  0.015827  :  30.015625  (18)
 [3 , 12, 30]  0.006283 + 0.002284 <  0.015827  :  29.796875  (29)
 [12 , 30, 61]  0.006283 + 0.002531 <  0.015827  :  29.609375  (23)
 [7 , 12, 61]  0.006283 + 0.003283 <  0.015827  :  29.421875  (18)
 [1 , 5, 61]  0.006283 + 0.002966 <  0.015827  :  29.296875  (16)
 [1 , 12, 30]  0.006283 + 0.001795 <  0.015827  :  29.046875  (25)

 [12 , 30, 99]  0.006283 + 0.001767 <  0.010551  :  20.218750  (21)
 [1 , 12, 99]  0.006283 + 0.001753 <  0.010551  :  20.046875  (20)
 [30 , 61, 99]  0.006283 + 0.003004 <  0.010551  :  18.609375  (15)
 [1 , 29, 99]  0.006283 + 0.001131 <  0.010551  :  18.343750  (17)
 [1 , 30, 99]  0.006283 + 0.001635 <  0.010551  :  18.312500  (19)
 [7 , 61, 99]  0.006283 + 0.002948 <  0.010551  :  17.968750  (11)
 [1 , 61, 99]  0.006283 + 0.002051 <  0.010551  :  16.609375  (11)
 [3 , 30, 99]  0.006283 + 0.001929 <  0.010551  :  15.765625  (21)
 [30 , 45, 99]  0.006283 + 0.001505 <  0.010551  :  15.734375  (17)
 [1 , 45, 99]  0.006283 + 0.001267 <  0.010551  :  15.515625  (16)

 [1 , 99, 99]  0.006283 + 0.001031 >>  0.005276  :  10.031250  (10)
 [30 , 99, 99]  0.006283 + 0.001308 <  0.005276  :  8.703125  (12)
 [12 , 99, 99]  0.006283 + 0.000930 <  0.005276  :  7.046875  (10)
 [61 , 99, 99]  0.006283 + 0.001149 <  0.005276  :  6.062500  (2)
 [45 , 99, 99]  0.006283 + 0.000565 <  0.005276  :  4.656250  (6)
 [10 , 99, 99]  0.006283 + 0.000483 <  0.005276  :  4.484375  (5)
 [27 , 99, 99]  0.006283 + 0.000358 <  0.005276  :  4.156250  (4)
 [2 , 99, 99]  0.006283 + 0.000460 <  0.005276  :  3.578125  (6)
 [5 , 99, 99]  0.006283 + 0.000548 <  0.005276  :  3.546875  (6)
 [26 , 99, 99]  0.006283 + 0.000384 <  0.005276  :  3.468750  (5)
1, 99, 99