 [ 14 ] 176.234375
 [ 18 ] 130.359375
 [ 28 ] 353.281250
 [ 33 ] 41.046875
 [ 34 ] 59.765625
 [ 40 ] 10.828125
 [ 42 ] 8.625000
 [ 44 ] 8.750000
 [ 72 ] 20.437500
 [ 74 ] 6.515625
 [ 80 ] 5.703125
 [ 83 ] 8.171875
 [ 91 ] 8.546875
 [ 109 ] 6.484375
 [ 110 ] 6.515625
 [ 111 ] 8.218750
 [ 120 ] 4.062500
 [ 124 ] 7.734375
 [ 150 ] 5.078125
 [ 151 ] 6.250000
 [ 152 ] 8.750000
 [ 153 ] 6.468750
 [ 179 ] 19.921875
 [ 182 ] 8.062500
 [ 183 ] 9.578125
 [ 190 ] 4.046875
 [ 197 ] 6.593750
 [ 199 ] 7.406250
 [ 201 ] 8.453125
 [ 208 ] 15.109375
 [ 211 ] 13.484375
 [ 213 ] 8.062500
 [ 217 ] 6.875000
 [ 221 ] 7.718750
 [ 223 ] 4.296875
 [ 226 ] 13.015625
 [ 227 ] 12.312500
 [ 257 ] 876.093750
 [ 258 ] 887.531250
 [ 260 ] 1859.593750
 [ 261 ] 49.312500
 [ 262 ] 6.453125
 [ 269 ] 7.031250
 [ 271 ] 5.484375
 [ 276 ] 5.500000
 [ 277 ] 7.750000
 [ 293 ] 1874.968750
 [ 294 ] 60.234375
 [ 295 ] 11.312500
 [ 297 ] 6.656250
 [ 298 ] 8.921875
 [ 302 ] 9.968750
 [ 305 ] 7.000000
 [ 309 ] 9.359375
 [ 312 ] 8.843750
 [ 324 ] 7.656250
 [ 326 ] 2434.984375
 [ 327 ] 65.875000
 [ 329 ] 5.484375
 [ 330 ] 6.078125
 [ 331 ] 9.390625
 [ 332 ] 10.937500
 [ 336 ] 11.515625
 [ 339 ] 6.546875
 [ 341 ] 6.343750
 [ 343 ] 4.218750
 [ 357 ] 1570.500000
 [ 358 ] 1058.390625
 [ 359 ] 1888.843750
 [ 360 ] 4.906250
 [ 367 ] 6.031250
 [ 376 ] 37.906250
 [ 381 ] 4.531250
 [ 384 ] 637.906250
 [ 388 ] 1933.187500
 [ 389 ] 1556.687500
 [ 390 ] 2666.015625
 [ 391 ] 3561.875000
 [ 400 ] 9.109375
 [ 407 ] 1919.015625
 [ 418 ] 8.203125
 [ 421 ] 1466.875000
 [ 422 ] 1121.921875
 [ 428 ] 1483.140625
 [ 429 ] 2180.281250
 [ 437 ] 1367.437500
 [ 438 ] 1904.828125
 [ 439 ] 1631.578125
 [ 440 ] 1947.265625
 [ 448 ] 1316.984375
 [ 452 ] 370.000000
 [ 455 ] 293.343750
 [ 456 ] 2513.281250
 [ 457 ] 3298.234375
 [ 459 ] 15.218750
 [ 462 ] 486.875000
 [ 463 ] 949.718750
 [ 464 ] 1275.890625
 [ 465 ] 1206.421875
 [ 466 ] 1367.375000
 [ 467 ] 1117.640625
 [ 468 ] 1041.187500
 [ 469 ] 1052.593750
 [ 474 ] 4628.125000
 [ 480 ] 1993.640625
 [ 483 ] 4290.437500
 [ 485 ] 3021.468750
 [ 506 ] 1771.687500
 [ 514 ] 858.015625
 [ 515 ] 3534.187500
 [ 523 ] 134.203125
 [ 525 ] 262.718750
 [ 538 ] 15.406250
 [ 543 ] 19.890625
 [ 544 ] 986.390625
 [ 545 ] 1235.000000
 [ 548 ] 1271.062500
 [ 549 ] 2106.046875
 [ 551 ] 1708.937500
 [ 552 ] 2441.796875
 [ 554 ] 5381.859375
 [ 557 ] 444.718750
 [ 565 ] 991.953125
 [ 572 ] 4.921875
 [ 576 ] 1472.765625
 [ 577 ] 648.296875
 [ 579 ] 912.437500
 [ 581 ] 835.796875
 [ 582 ] 1614.546875
 [ 583 ] 1190.328125
 [ 588 ] 497.890625
 [ 592 ] 982.843750
 [ 593 ] 1213.484375
 [ 598 ] 6.125000
 [ 600 ] 6.046875
 [ 608 ] 1504.562500
 [ 609 ] 1477.953125
 [ 615 ] 1387.109375
 [ 616 ] 923.468750
 [ 617 ] 1147.875000
 [ 618 ] 1251.031250
 [ 619 ] 1394.734375
 [ 623 ] 1474.781250
 [ 624 ] 288.843750
 [ 626 ] 1487.968750
 [ 627 ] 472.109375
 [ 629 ] 683.812500
 [ 631 ] 157.375000
 [ 640 ] 1025.718750
 [ 645 ] 764.984375
 [ 646 ] 643.156250
 [ 647 ] 1312.562500
 [ 650 ] 1172.218750
 [ 651 ] 774.562500
 [ 653 ] 481.312500
 [ 657 ] 740.890625
 [ 658 ] 934.625000
 [ 659 ] 771.265625
 [ 660 ] 1389.375000
 [ 662 ] 998.343750
 [ 664 ] 836.796875
 [ 665 ] 213.828125
 [ 674 ] 886.906250
 [ 677 ] 542.765625
 [ 678 ] 1199.687500
 [ 680 ] 1160.421875
 [ 681 ] 1059.578125
 [ 682 ] 948.015625
 [ 683 ] 1603.406250
 [ 684 ] 1749.890625
 [ 686 ] 760.781250
 [ 687 ] 346.359375
 [ 688 ] 1328.500000
 [ 690 ] 2198.937500
 [ 693 ] 1232.937500
 [ 694 ] 496.000000
 [ 695 ] 990.062500
 [ 696 ] 1353.687500
 [ 699 ] 5.562500
 [ 705 ] 9.781250
 [ 711 ] 642.609375
 [ 713 ] 365.687500
 [ 714 ] 746.953125
 [ 716 ] 938.812500
 [ 724 ] 1376.609375
 [ 725 ] 1456.890625
 [ 729 ] 65.812500
 [ 738 ] 6.750000
 [ 740 ] 901.203125
 [ 741 ] 582.031250
 [ 747 ] 181.562500
 [ 748 ] 1066.703125
 [ 753 ] 546.390625
 [ 757 ] 638.265625
 [ 758 ] 1237.062500
 [ 759 ] 963.171875
 [ 760 ] 2260.093750
 [ 761 ] 1828.656250
 [ 762 ] 456.718750
 [ 772 ] 5.718750
 [ 779 ] 261.203125
 [ 783 ] 67.828125
 [ 784 ] 317.671875
 [ 785 ] 1041.140625
 [ 788 ] 383.312500
 [ 790 ] 850.265625
 [ 791 ] 755.828125
 [ 792 ] 813.515625
 [ 794 ] 423.031250
 [ 801 ] 6.890625
 [ 807 ] 15.359375
 [ 812 ] 457.734375
 [ 817 ] 700.328125
 [ 818 ] 1388.078125
 [ 821 ] 466.265625
 [ 822 ] 796.734375
 [ 825 ] 279.031250
 [ 826 ] 1292.031250
 [ 827 ] 193.531250
 [ 839 ] 47.968750
 [ 854 ] 1214.750000
 [ 857 ] 382.218750
 [ 861 ] 31.906250
 [ 870 ] 2.031250
 [ 874 ] 14.937500
 [ 876 ] 15.125000
 [ 877 ] 19.890625
 [ 879 ] 609.343750
 [ 880 ] 518.359375
 [ 883 ] 254.625000
 [ 885 ] 1053.421875
 [ 891 ] 171.859375
 [ 893 ] 65.140625
 [ 894 ] 5.328125
 [ 904 ] 4.046875
 [ 905 ] 13.656250
 [ 910 ] 771.890625
 [ 912 ] 348.687500
 [ 913 ] 315.593750
 [ 917 ] 323.343750
 [ 919 ] 625.109375
 [ 923 ] 1087.093750
 [ 926 ] 37.796875
 [ 936 ] 4.968750
 [ 937 ] 6.093750
 [ 940 ] 16.593750
 [ 941 ] 234.265625
 [ 950 ] 691.718750
 [ 952 ] 92.640625
 [ 969 ] 26.765625
 [ 971 ] 14.218750
 [ 973 ] 63.859375
 [ 975 ] 4.640625
 [ 978 ] 11.093750
 [ 980 ] 106.890625
 [ 983 ] 172.796875
 [ 985 ] 67.156250
 [ 1015 ] 208.625000
 [ 1017 ] 640.015625
 [ 1019 ] 588.484375
 [ 1020 ] 416.031250