 [ 8 ] 14
 [ 8 ] 18
 [ 12 ] 28
 [ 6 ] 33
 [ 6 ] 34
 [ 2 ] 40
 [ 2 ] 42
 [ 1 ] 44
 [ 5 ] 72
 [ 1 ] 74
 [ 1 ] 80
 [ 2 ] 83
 [ 3 ] 91
 [ 1 ] 109
 [ 1 ] 110
 [ 2 ] 111
 [ 1 ] 120
 [ 2 ] 124
 [ 1 ] 150
 [ 1 ] 151
 [ 2 ] 152
 [ 2 ] 153
 [ 3 ] 179
 [ 1 ] 182
 [ 3 ] 183
 [ 1 ] 190
 [ 1 ] 197
 [ 1 ] 199
 [ 1 ] 201
 [ 4 ] 208
 [ 5 ] 211
 [ 1 ] 213
 [ 1 ] 217
 [ 2 ] 221
 [ 2 ] 223
 [ 3 ] 226
 [ 4 ] 227
 [ 16 ] 257
 [ 15 ] 258
 [ 5 ] 260
 [ 1 ] 261
 [ 1 ] 262
 [ 2 ] 269
 [ 1 ] 271
 [ 1 ] 276
 [ 3 ] 277
 [ 6 ] 293
 [ 4 ] 294
 [ 2 ] 295
 [ 1 ] 297
 [ 2 ] 298
 [ 2 ] 302
 [ 1 ] 305
 [ 3 ] 309
 [ 4 ] 312
 [ 2 ] 324
 [ 7 ] 326
 [ 4 ] 327
 [ 1 ] 329
 [ 1 ] 330
 [ 2 ] 331
 [ 2 ] 332
 [ 2 ] 336
 [ 1 ] 339
 [ 1 ] 341
 [ 1 ] 343
 [ 12 ] 357
 [ 16 ] 358
 [ 10 ] 359
 [ 1 ] 360
 [ 1 ] 367
 [ 2 ] 376
 [ 1 ] 381
 [ 10 ] 384
 [ 10 ] 388
 [ 9 ] 389
 [ 12 ] 390
 [ 15 ] 391
 [ 2 ] 400
 [ 14 ] 407
 [ 2 ] 418
 [ 9 ] 421
 [ 14 ] 422
 [ 15 ] 428
 [ 21 ] 429
 [ 11 ] 437
 [ 9 ] 438
 [ 15 ] 439
 [ 16 ] 440
 [ 16 ] 448
 [ 11 ] 452
 [ 15 ] 455
 [ 13 ] 456
 [ 12 ] 457
 [ 2 ] 459
 [ 11 ] 462
 [ 12 ] 463
 [ 10 ] 464
 [ 11 ] 465
 [ 7 ] 466
 [ 13 ] 467
 [ 13 ] 468
 [ 18 ] 469
 [ 15 ] 474
 [ 15 ] 480
 [ 17 ] 483
 [ 13 ] 485
 [ 18 ] 506
 [ 15 ] 514
 [ 10 ] 515
 [ 13 ] 523
 [ 12 ] 525
 [ 1 ] 538
 [ 2 ] 543
 [ 16 ] 544
 [ 15 ] 545
 [ 14 ] 548
 [ 15 ] 549
 [ 12 ] 551
 [ 17 ] 552
 [ 7 ] 554
 [ 7 ] 557
 [ 12 ] 565
 [ 1 ] 572
 [ 16 ] 576
 [ 14 ] 577
 [ 13 ] 579
 [ 9 ] 581
 [ 14 ] 582
 [ 9 ] 583
 [ 18 ] 588
 [ 8 ] 592
 [ 10 ] 593
 [ 1 ] 598
 [ 3 ] 600
 [ 19 ] 608
 [ 10 ] 609
 [ 10 ] 615
 [ 18 ] 616
 [ 16 ] 617
 [ 15 ] 618
 [ 14 ] 619
 [ 6 ] 623
 [ 10 ] 624
 [ 17 ] 626
 [ 16 ] 627
 [ 7 ] 629
 [ 13 ] 631
 [ 11 ] 640
 [ 13 ] 645
 [ 18 ] 646
 [ 14 ] 647
 [ 16 ] 650
 [ 15 ] 651
 [ 12 ] 653
 [ 20 ] 657
 [ 17 ] 658
 [ 12 ] 659
 [ 13 ] 660
 [ 13 ] 662
 [ 12 ] 664
 [ 11 ] 665
 [ 17 ] 674
 [ 18 ] 677
 [ 17 ] 678
 [ 15 ] 680
 [ 20 ] 681
 [ 17 ] 682
 [ 16 ] 683
 [ 17 ] 684
 [ 11 ] 686
 [ 12 ] 687
 [ 16 ] 688
 [ 12 ] 690
 [ 9 ] 693
 [ 14 ] 694
 [ 10 ] 695
 [ 15 ] 696
 [ 1 ] 699
 [ 2 ] 705
 [ 14 ] 711
 [ 17 ] 713
 [ 14 ] 714
 [ 13 ] 716
 [ 11 ] 724
 [ 12 ] 725
 [ 7 ] 729
 [ 2 ] 738
 [ 16 ] 740
 [ 15 ] 741
 [ 11 ] 747
 [ 12 ] 748
 [ 12 ] 753
 [ 15 ] 757
 [ 15 ] 758
 [ 21 ] 759
 [ 15 ] 760
 [ 13 ] 761
 [ 14 ] 762
 [ 1 ] 772
 [ 10 ] 779
 [ 9 ] 783
 [ 14 ] 784
 [ 17 ] 785
 [ 15 ] 788
 [ 14 ] 790
 [ 13 ] 791
 [ 12 ] 792
 [ 10 ] 794
 [ 1 ] 801
 [ 2 ] 807
 [ 11 ] 812
 [ 15 ] 817
 [ 6 ] 818
 [ 14 ] 821
 [ 13 ] 822
 [ 13 ] 825
 [ 16 ] 826
 [ 11 ] 827
 [ 7 ] 839
 [ 15 ] 854
 [ 13 ] 857
 [ 4 ] 861
 [ 1 ] 870
 [ 3 ] 874
 [ 4 ] 876
 [ 4 ] 877
 [ 13 ] 879
 [ 9 ] 880
 [ 12 ] 883
 [ 9 ] 885
 [ 10 ] 891
 [ 9 ] 893
 [ 1 ] 894
 [ 1 ] 904
 [ 4 ] 905
 [ 13 ] 910
 [ 13 ] 912
 [ 16 ] 913
 [ 8 ] 917
 [ 9 ] 919
 [ 17 ] 923
 [ 6 ] 926
 [ 1 ] 936
 [ 1 ] 937
 [ 2 ] 940
 [ 11 ] 941
 [ 12 ] 950
 [ 11 ] 952
 [ 3 ] 969
 [ 3 ] 971
 [ 7 ] 973
 [ 2 ] 975
 [ 2 ] 978
 [ 7 ] 980
 [ 15 ] 983
 [ 7 ] 985
 [ 13 ] 1015
 [ 14 ] 1017
 [ 13 ] 1019
 [ 15 ] 1020