 now Q is 50

 now outputing  - - - -> end


basis_ent0 = 0.008445
 [9 , 29, 34]  0.008445 + 0.009121 >>  0.016284  :  806.140625  (44)
 [29 , 34, 35]  0.008445 + 0.008115 <  0.016284  :  757.375000  (44)
 [29 , 34, 50]  0.008445 + 0.008339 <  0.016284  :  726.562500  (38)
 [29 , 34, 42]  0.008445 + 0.007272 <  0.016284  :  722.328125  (33)
 [7 , 34, 35]  0.008445 + 0.005893 <  0.016284  :  704.203125  (40)
 [32 , 34, 35]  0.008445 + 0.006256 <  0.016284  :  701.906250  (45)
 [22 , 34, 35]  0.008445 + 0.005072 <  0.016284  :  701.171875  (37)
 [34 , 35, 42]  0.008445 + 0.005603 <  0.016284  :  695.609375  (36)
 [4 , 34, 35]  0.008445 + 0.005215 <  0.016284  :  693.171875  (42)
 [1 , 34, 35]  0.008445 + 0.005754 <  0.016284  :  690.046875  (41)

 [34 , 35, 99]  0.008445 + 0.005922 <  0.010856  :  647.500000  (36)
 [34 , 42, 99]  0.008445 + 0.004602 <  0.010856  :  563.218750  (23)
 [29 , 34, 99]  0.008445 + 0.007237 <  0.010856  :  555.609375  (27)
 [4 , 34, 99]  0.008445 + 0.004541 <  0.010856  :  553.281250  (27)
 [1 , 34, 99]  0.008445 + 0.004460 <  0.010856  :  526.828125  (25)
 [7 , 34, 99]  0.008445 + 0.005708 <  0.010856  :  525.281250  (29)
 [22 , 34, 99]  0.008445 + 0.003954 <  0.010856  :  519.125000  (18)
 [9 , 34, 99]  0.008445 + 0.004444 <  0.010856  :  514.359375  (25)
 [32 , 34, 99]  0.008445 + 0.005281 <  0.010856  :  514.046875  (30)
 [34 , 37, 99]  0.008445 + 0.004376 <  0.010856  :  512.515625  (21)

 [34 , 99, 99]  0.008445 + 0.004861 <  0.005428  :  472.765625  (17)
 [29 , 99, 99]  0.008445 + 0.003129 <  0.005428  :  55.468750  (11)
 [35 , 99, 99]  0.008445 + 0.001108 <  0.005428  :  32.000000  (16)
 [32 , 99, 99]  0.008445 + 0.000819 <  0.005428  :  23.500000  (12)
 [7 , 99, 99]  0.008445 + 0.000421 <  0.005428  :  13.578125  (10)
 [31 , 99, 99]  0.008445 + 0.000531 <  0.005428  :  10.375000  (8)
 [42 , 99, 99]  0.008445 + 0.000367 <  0.005428  :  9.437500  (5)
 [9 , 99, 99]  0.008445 + 0.000396 <  0.005428  :  9.234375  (7)
 [4 , 99, 99]  0.008445 + 0.000502 <  0.005428  :  8.984375  (10)
 [1 , 99, 99]  0.008445 + 0.000480 <  0.005428  :  7.593750  (7)
9, 29, 34