

 [80] ******************************************************

 [1 , 21, 53]  152718.430809 vs 149609.423298 >>  3109.007511  :  40.828125  (1)
[423]    41  [1, 21, 53]

 [70] ******************************************************

 [15 , 32, 53]  131002.014504 vs 128567.495204 >>  2434.519300  :  176.718750  (2)
[423]    137  [15, 32, 53]
[517]    40  [15, 32]

 [60] ******************************************************

 [11 , 53, 63]  116495.898057 vs 114539.713496 >>  1956.184561  :  255.031250  (2)
[423]    132  [53, 63]
[804]    123  [11, 53, 63]

 [50] ******************************************************

 [53 , 62, 63]  102911.142500 vs 100610.431135 >>  2300.711365  :  602.062500  (3)
[423]    221  [53, 63]
[744]    152  [53, 62, 63]
[804]    229  [53, 62, 63]

 [40] ******************************************************

 [7 , 32, 53]  88822.025518 vs 86560.734728 >>  2261.290790  :  690.828125  (4)
[423]    294  [32, 53]
[517]    134  [7, 32]
[707]    88  [7, 32, 53]
[772]    183  [7, 32]

 [30] ******************************************************

 [25 , 53, 56]  72878.288091 vs 71074.250774 >>  1804.037317  :  1351.265625  (6)
[423]    416  [53, 56]
[455]    37  [25, 53, 56]
[673]    42  [53, 56]
[740]    288  [25, 56]
[771]    346  [25, 53, 56]
[837]    225  [25, 53]