

 [80] ******************************************************

 [21 , 23, 52]  121891.745328 vs 116809.781517 >>  5081.963811  :  185.703125  (3)
 [722]    84.609375 (2)
 [755]    14.328125 (2)
 [788]    86.765625 (3)

 [70] ******************************************************

 [21 , 23, 52]  100181.443032 vs 97027.098040 >>  3154.344992  :  442.750000  (2)
 [722]    195.234375 (2)
 [788]    247.515625 (3)

 [60] ******************************************************

 [21 , 23, 52]  86232.334477 vs 83904.926324 >>  2327.408152  :  978.296875  (3)
 [722]    304.859375 (2)
 [755]    301.031250 (2)
 [788]    372.406250 (3)

 [50] ******************************************************

 [21 , 23, 52]  75162.802696 vs 73569.810342 >>  1592.992354  :  1070.078125  (3)
 [722]    389.062500 (2)
 [755]    292.437500 (2)
 [788]    388.578125 (3)

 [40] ******************************************************

 [21 , 23, 52]  64956.747797 vs 63639.474033 >>  1317.273764  :  1166.578125  (6)
 [536]    0.734375 (1)
 [722]    447.343750 (2)
 [755]    275.656250 (2)
 [788]    365.812500 (3)
 [794]    5.421875 (1)
 [821]    100.093750 (2)

 [30] ******************************************************

 [21 , 23, 52]  54436.507764 vs 53548.659608 >>  887.848156  :  1960.125000  (11)
 [299]    9.750000 (1)
 [568]    6.718750 (1)
 [705]    1.250000 (1)
 [722]    521.375000 (2)
 [745]    5.046875 (1)
 [755]    474.656250 (2)
 [785]    0.484375 (1)
 [788]    740.453125 (3)
 [800]    2.156250 (1)
 [821]    225.078125 (2)
 [946]    2.484375 (1)