

 [80] ******************************************************

 [37 , 43, 63]  152718.430809 vs 149374.738756 >>  3343.692053  :  160.578125  (3)
[371]    58  [37, 43, 63]
[674]    55  [37, 43, 63]
[709]    48  [37, 43, 63]

 [70] ******************************************************

 [20 , 58, 63]  131002.014504 vs 128366.900583 >>  2635.113922  :  360.937500  (3)
[549]    99  [58]
[646]    135  [20, 58, 63]
[674]    127  [63]

 [60] ******************************************************

 [20 , 58, 63]  116495.898057 vs 114407.637097 >>  2088.260960  :  432.953125  (3)
[549]    136  [58]
[646]    192  [20, 58, 63]
[674]    106  [63]

 [50] ******************************************************

 [20 , 42, 63]  102911.142500 vs 100597.033495 >>  2314.109005  :  567.093750  (5)
[646]    196  [20, 42, 63]
[674]    187  [42, 63]
[675]    7  [42]
[737]    172  [42]
[768]    10  [42]

 [40] ******************************************************

 [20 , 58, 63]  88822.025518 vs 86690.654259 >>  2131.371259  :  866.343750  (5)
[389]    2  [63]
[549]    217  [58]
[646]    263  [20, 58, 63]
[674]    383  [63]
[736]    6  [58]

 [30] ******************************************************

 [20 , 58, 63]  72878.288091 vs 71152.437466 >>  1725.850624  :  1100.406250  (7)
[143]    2  [20]
[421]    2  [20]
[549]    254  [58]
[613]    2  [58]
[646]    356  [20, 58, 63]
[674]    482  [63]
[753]    2  [63]