

 Use image  :  mandrill.bmp




  Relationship between basis and replaceable basis


  Number of basis used : 0, 1 


  [basis number] : Number of substitutable basis for basis number 


 *Total on the right : Number of replacements (Be done)

  Total below : Number of replacements (To do)


  Of the amount of improvement  : 0 ~ 25.000000

----------------------------------------------------------------------------------

 +----+----+----+----+----+----+----+----+----+----+----+----+----+----+----+----+----+----+----+----+----+----+----+----+----+----+----+----+----+----+----+----+----+----+----+----+----+----+----+----+----+----+----+----+----+----+----+----+----+----+----+----+----+----+----+----+----+----+----+----+----+----+----+----+----+----+----+----+
 | ## |[ 0]|[ 1]|[ 2]|[ 3]|[ 4]|[ 5]|[ 6]|[ 7]|[ 8]|[ 9]|[10]|[11]|[12]|[13]|[14]|[15]|[16]|[17]|[18]|[19]|[20]|[21]|[22]|[23]|[24]|[25]|[26]|[27]|[28]|[29]|[30]|[31]|[32]|[33]|[34]|[35]|[36]|[37]|[38]|[39]|[40]|[41]|[42]|[43]|[44]|[45]|[46]|[47]|[48]|[49]|[50]|[51]|[52]|[53]|[54]|[55]|[56]|[57]|[58]|[59]|[60]|[61]|[62]|[63]| ## | TTL| ## |                                                                                    
 +----+----+----+----+----+----+----+----+----+----+----+----+----+----+----+----+----+----+----+----+----+----+----+----+----+----+----+----+----+----+----+----+----+----+----+----+----+----+----+----+----+----+----+----+----+----+----+----+----+----+----+----+----+----+----+----+----+----+----+----+----+----+----+----+----+----+----+----+
 |[ 0]| ## |   1|    |    |   1|   1|    |    |    |   1|    |    |   1|   1|   1|   1|   1|   1|   1|    |   1|    |   1|   1|    |   1|   1|   1|   1|    |    |    |   1|    |   1|   1|    |   1|   1|   1|   1|   1|   1|   1|    |   1|    |   1|   1|    |   1|   1|   1|   1|   1|   1|    |   1|    |    |    |   1|   1|   1|[ 0]|  41|   3|
 +----+----+----+----+----+----+----+----+----+----+----+----+----+----+----+----+----+----+----+----+----+----+----+----+----+----+----+----+----+----+----+----+----+----+----+----+----+----+----+----+----+----+----+----+----+----+----+----+----+----+----+----+----+----+----+----+----+----+----+----+----+----+----+----+----+----+----+----+
 |[ 1]|   1| ## |    |    |    |    |    |   1|    |    |    |    |    |    |    |    |    |    |    |    |    |    |    |    |    |    |   1|    |    |    |   1|    |   1|    |    |    |    |    |    |   1|   1|    |   1|   2|   1|    |    |    |    |    |   1|   1|   1|    |    |   1|    |   1|    |    |    |    |    |    |[ 1]|  16|   7|
 +----+----+----+----+----+----+----+----+----+----+----+----+----+----+----+----+----+----+----+----+----+----+----+----+----+----+----+----+----+----+----+----+----+----+----+----+----+----+----+----+----+----+----+----+----+----+----+----+----+----+----+----+----+----+----+----+----+----+----+----+----+----+----+----+----+----+----+----+
 |[ 2]|   1|    | ## |    |   1|   1|    |   1|   2|   1|    |   2|    |   1|   2|   2|   1|   1|   1|   2|   1|   2|   2|   1|    |    |   1|    |    |   1|    |   3|   2|    |    |   2|    |    |    |   2|   1|   1|    |   1|    |   2|   2|   1|   1|   1|   1|    |   2|   2|   1|    |   1|   1|   2|   1|   3|   1|    |   1|[ 2]|  62|   9|
 +----+----+----+----+----+----+----+----+----+----+----+----+----+----+----+----+----+----+----+----+----+----+----+----+----+----+----+----+----+----+----+----+----+----+----+----+----+----+----+----+----+----+----+----+----+----+----+----+----+----+----+----+----+----+----+----+----+----+----+----+----+----+----+----+----+----+----+----+
 |[ 3]|   3|   2|   4| ## |   2|   2|   5|   2|   6|   4|   4|   4|   3|   4|   3|   1|   3|   2|   3|   2|   4|   3|   4|   1|   5|   3|   4|   2|   3|   4|   4|   4|   5|    |   3|   5|   4|   2|   4|   2|   3|   5|   4|   4|   2|   3|   4|   3|   1|   4|   4|   2|   3|   3|   4|   2|   5|   4|   3|   3|   3|   4|   3|   4|[ 3]| 205|  14|
 +----+----+----+----+----+----+----+----+----+----+----+----+----+----+----+----+----+----+----+----+----+----+----+----+----+----+----+----+----+----+----+----+----+----+----+----+----+----+----+----+----+----+----+----+----+----+----+----+----+----+----+----+----+----+----+----+----+----+----+----+----+----+----+----+----+----+----+----+
 |[ 4]|   3|   2|   2|   2| ## |   3|   2|   1|   2|   1|   3|   1|   3|   2|   3|   2|   1|   2|   1|   2|   2|   3|   1|   3|   1|   2|   2|   2|    |   1|   2|   2|   2|    |   1|    |   1|   3|   2|   1|   2|   2|    |   3|   2|   3|   2|   2|   3|   2|   3|   2|   2|   3|   2|   2|   1|   2|   1|   2|   3|   3|   2|   2|[ 4]| 120|   9|
 +----+----+----+----+----+----+----+----+----+----+----+----+----+----+----+----+----+----+----+----+----+----+----+----+----+----+----+----+----+----+----+----+----+----+----+----+----+----+----+----+----+----+----+----+----+----+----+----+----+----+----+----+----+----+----+----+----+----+----+----+----+----+----+----+----+----+----+----+
 |[ 5]|   3|   2|   4|    |   2| ## |   2|   2|   3|   3|   3|   3|   2|   3|   2|   3|    |   2|   4|   2|   2|   3|   3|   2|   5|   2|   3|   3|   2|   1|   2|   3|   4|   3|   3|   4|   4|   3|   3|   2|   4|   3|    |   2|   4|   2|   2|   1|   3|   2|   3|   3|   4|   2|   2|   3|   1|   4|   2|   2|   3|   2|   4|   2|[ 5]| 162|  15|
 +----+----+----+----+----+----+----+----+----+----+----+----+----+----+----+----+----+----+----+----+----+----+----+----+----+----+----+----+----+----+----+----+----+----+----+----+----+----+----+----+----+----+----+----+----+----+----+----+----+----+----+----+----+----+----+----+----+----+----+----+----+----+----+----+----+----+----+----+
 |[ 6]|   1|   1|   1|   1|   1|   1| ## |   1|   1|    |   1|   1|   1|   1|    |   1|    |   1|   1|   1|    |   1|   1|    |   1|   1|   1|   1|   1|    |   1|   1|   1|   1|   1|   1|   1|   1|   1|    |   1|   1|   1|   1|   1|   1|   1|   1|   1|    |   1|   1|   1|    |   1|   1|   1|   1|   1|   1|   1|   1|   1|    |[ 6]|  53|   3|
 +----+----+----+----+----+----+----+----+----+----+----+----+----+----+----+----+----+----+----+----+----+----+----+----+----+----+----+----+----+----+----+----+----+----+----+----+----+----+----+----+----+----+----+----+----+----+----+----+----+----+----+----+----+----+----+----+----+----+----+----+----+----+----+----+----+----+----+----+
 |[ 7]|   3|   4|   4|   5|   3|   2|   5| ## |   3|   5|   5|   3|   4|   6|   6|   5|   7|   5|   2|   4|   5|   3|   6|   3|   8|   5|   5|   5|   4|   5|   2|   6|   5|   5|   7|   7|   4|   5|   6|   5|   5|   4|   2|   3|   4|   5|   3|   4|   4|   6|   2|   5|   6|   5|   7|   6|   4|   6|   4|   4|   7|   5|   5|   5|[ 7]| 293|  20|
 +----+----+----+----+----+----+----+----+----+----+----+----+----+----+----+----+----+----+----+----+----+----+----+----+----+----+----+----+----+----+----+----+----+----+----+----+----+----+----+----+----+----+----+----+----+----+----+----+----+----+----+----+----+----+----+----+----+----+----+----+----+----+----+----+----+----+----+----+
 |[ 8]|   1|   1|   1|   1|   1|   2|   1|   2| ## |    |   1|   1|    |   1|   1|    |   1|   2|   1|   1|   1|   2|   1|   1|   1|   1|   1|    |   1|   2|    |    |   1|   2|    |   1|   1|    |    |   2|   2|   1|   1|   2|    |   1|   1|    |   1|   1|   1|    |   1|    |   2|    |    |   2|   1|   1|   1|   1|   1|   2|[ 8]|  60|  10|
 +----+----+----+----+----+----+----+----+----+----+----+----+----+----+----+----+----+----+----+----+----+----+----+----+----+----+----+----+----+----+----+----+----+----+----+----+----+----+----+----+----+----+----+----+----+----+----+----+----+----+----+----+----+----+----+----+----+----+----+----+----+----+----+----+----+----+----+----+
 |[ 9]|   2|   3|   1|    |   1|    |   1|   1|   1| ## |   1|   2|    |   3|   2|   2|   3|   1|   2|    |   1|    |   2|    |   1|   1|   1|   2|   1|   2|   2|   1|   2|   1|   1|   1|   1|   1|   1|   2|   2|   3|    |   2|   1|   1|   2|   1|   1|   1|    |    |   1|   1|   1|   1|   2|   1|   1|   1|    |   2|   2|   1|[ 9]|  78|   7|
 +----+----+----+----+----+----+----+----+----+----+----+----+----+----+----+----+----+----+----+----+----+----+----+----+----+----+----+----+----+----+----+----+----+----+----+----+----+----+----+----+----+----+----+----+----+----+----+----+----+----+----+----+----+----+----+----+----+----+----+----+----+----+----+----+----+----+----+----+
 |[10]|    |    |    |    |    |    |    |    |    |    | ## |    |    |    |    |   1|   1|    |    |   1|    |    |   1|    |    |    |    |    |    |    |    |    |    |    |   1|    |    |    |   1|   1|    |    |    |   2|    |    |    |    |   1|    |    |   1|    |    |    |    |    |    |    |    |    |    |    |    |[10]|  11|   8|
 +----+----+----+----+----+----+----+----+----+----+----+----+----+----+----+----+----+----+----+----+----+----+----+----+----+----+----+----+----+----+----+----+----+----+----+----+----+----+----+----+----+----+----+----+----+----+----+----+----+----+----+----+----+----+----+----+----+----+----+----+----+----+----+----+----+----+----+----+
 |[11]|    |    |    |    |    |   1|    |    |    |    |    | ## |    |   2|   1|   2|    |    |    |    |    |   1|    |    |   1|   1|    |    |   2|    |    |    |    |   1|    |   1|   1|   1|    |   1|    |    |    |    |   1|    |   1|   1|    |    |    |   1|    |   2|   1|    |    |    |    |    |   1|    |    |    |[11]|  24|   8|
 +----+----+----+----+----+----+----+----+----+----+----+----+----+----+----+----+----+----+----+----+----+----+----+----+----+----+----+----+----+----+----+----+----+----+----+----+----+----+----+----+----+----+----+----+----+----+----+----+----+----+----+----+----+----+----+----+----+----+----+----+----+----+----+----+----+----+----+----+
 |[12]|   1|   1|   3|   2|   1|   1|   2|   2|   1|   1|   2|    | ## |   1|   2|   1|   1|   1|   2|   1|    |   2|   1|   1|    |   1|   2|   2|   2|   1|   1|   3|    |   1|   2|   2|    |   1|   1|   2|   1|   1|   1|   1|   2|   1|   1|    |    |   1|   2|    |   1|   1|    |    |   2|   1|   1|   1|   2|   1|   3|   1|[12]|  76|   6|
 +----+----+----+----+----+----+----+----+----+----+----+----+----+----+----+----+----+----+----+----+----+----+----+----+----+----+----+----+----+----+----+----+----+----+----+----+----+----+----+----+----+----+----+----+----+----+----+----+----+----+----+----+----+----+----+----+----+----+----+----+----+----+----+----+----+----+----+----+
 |[13]|    |   1|    |    |   1|   1|   1|    |   1|   1|    |   1|   1| ## |    |   1|   1|    |   1|    |   2|   1|   2|   1|    |   2|   1|   2|   1|    |   1|   1|   1|   1|   1|   2|   2|   1|   1|   1|    |   1|   1|    |   1|   1|   1|   1|   1|    |    |   1|   2|    |    |   1|   2|    |   3|    |    |   2|   1|   2|[13]|  56|  10|
 +----+----+----+----+----+----+----+----+----+----+----+----+----+----+----+----+----+----+----+----+----+----+----+----+----+----+----+----+----+----+----+----+----+----+----+----+----+----+----+----+----+----+----+----+----+----+----+----+----+----+----+----+----+----+----+----+----+----+----+----+----+----+----+----+----+----+----+----+
 |[14]|   7|   3|   4|   4|   5|   6|   3|   6|   4|   2|   1|   5|   5|   5| ## |   6|   3|   5|   3|   5|   4|   3|   4|   4|   4|   3|   8|   7|   4|   2|   5|   3|   5|   3|   5|   4|   3|   4|   4|   5|   6|   3|   4|   6|   7|   5|   3|   6|   6|   3|   4|   3|   4|   7|   7|   5|   5|   9|   5|   7|   5|   5|   5|   3|[14]| 289|  23|
 +----+----+----+----+----+----+----+----+----+----+----+----+----+----+----+----+----+----+----+----+----+----+----+----+----+----+----+----+----+----+----+----+----+----+----+----+----+----+----+----+----+----+----+----+----+----+----+----+----+----+----+----+----+----+----+----+----+----+----+----+----+----+----+----+----+----+----+----+
 |[15]|   1|   3|   2|   3|   6|   2|   2|   3|   2|   4|   2|   2|   3|   2|   4| ## |   3|   5|   3|   1|   2|   3|   1|   4|   2|   4|   5|   5|   3|   5|   4|   3|   4|   4|   4|    |   6|   3|   2|   5|   4|   4|   4|   2|   3|   3|   4|   3|   1|   2|   4|   3|   4|   3|   4|   2|   2|   4|   4|   3|   4|   3|   4|   4|[15]| 200|  19|
 +----+----+----+----+----+----+----+----+----+----+----+----+----+----+----+----+----+----+----+----+----+----+----+----+----+----+----+----+----+----+----+----+----+----+----+----+----+----+----+----+----+----+----+----+----+----+----+----+----+----+----+----+----+----+----+----+----+----+----+----+----+----+----+----+----+----+----+----+
 |[16]|   1|   2|   1|   2|   1|   2|    |   3|   1|   1|   2|   2|   3|    |   2|   3| ## |   2|   3|   2|   2|   3|   3|   2|   2|   2|   3|   3|   2|    |   3|   1|   4|   3|   3|   3|   1|   2|   3|   2|   3|   1|   3|   4|   2|   2|   2|   4|   2|   2|   1|   1|   2|   2|   2|   2|   3|   4|   2|   2|   2|   3|   2|   1|[16]| 134|  18|
 +----+----+----+----+----+----+----+----+----+----+----+----+----+----+----+----+----+----+----+----+----+----+----+----+----+----+----+----+----+----+----+----+----+----+----+----+----+----+----+----+----+----+----+----+----+----+----+----+----+----+----+----+----+----+----+----+----+----+----+----+----+----+----+----+----+----+----+----+
 |[17]|   3|   1|   1|   3|   3|   1|   2|   1|   1|   3|   3|   2|   2|   3|   5|   4|   2| ## |   3|   1|   2|   4|   2|   1|   2|    |   3|   4|   2|   2|   3|   2|   3|   2|   2|   1|   2|   3|   3|   3|   3|   1|   2|   3|    |   2|   1|   6|   4|    |   3|   3|   3|   2|   2|   1|   1|   3|   2|   1|   2|   3|   3|   4|[17]| 145|  14|
 +----+----+----+----+----+----+----+----+----+----+----+----+----+----+----+----+----+----+----+----+----+----+----+----+----+----+----+----+----+----+----+----+----+----+----+----+----+----+----+----+----+----+----+----+----+----+----+----+----+----+----+----+----+----+----+----+----+----+----+----+----+----+----+----+----+----+----+----+
 |[18]|   1|   1|   2|    |   2|   2|   2|   1|   2|   2|   1|   2|   2|   2|   1|   1|   2|   1| ## |   3|   2|   2|   1|   2|   2|   1|   1|   1|   2|    |   1|   1|   2|   1|   1|   1|   2|   1|   2|    |   2|   1|   2|   1|    |   2|   1|   2|   1|   2|   1|   2|   1|   2|   2|    |   2|    |   1|   1|   1|   2|   1|   2|[18]|  88|  10|
 +----+----+----+----+----+----+----+----+----+----+----+----+----+----+----+----+----+----+----+----+----+----+----+----+----+----+----+----+----+----+----+----+----+----+----+----+----+----+----+----+----+----+----+----+----+----+----+----+----+----+----+----+----+----+----+----+----+----+----+----+----+----+----+----+----+----+----+----+
 |[19]|   4|   7|   5|   3|   2|   4|   1|   3|   2|   4|   2|   3|   5|   2|   4|   3|   6|   4|   1| ## |   4|   4|   5|   2|   4|   3|   3|   4|   3|   2|   3|   5|   3|   4|   2|   4|   1|   4|   5|   5|   5|   2|   3|   2|   9|   2|   4|   4|   2|   3|   4|   5|   3|   4|   4|   3|   5|   4|   5|   4|   2|   3|   4|   3|[19]| 224|  29|
 +----+----+----+----+----+----+----+----+----+----+----+----+----+----+----+----+----+----+----+----+----+----+----+----+----+----+----+----+----+----+----+----+----+----+----+----+----+----+----+----+----+----+----+----+----+----+----+----+----+----+----+----+----+----+----+----+----+----+----+----+----+----+----+----+----+----+----+----+
 |[20]|    |    |   1|   3|   1|   1|   1|   1|   1|   2|   2|   2|   2|   1|   1|    |   1|    |   1|   1| ## |    |   2|   2|   3|   1|   1|   1|    |   1|   1|   1|    |   1|   2|    |   1|   1|   1|   3|   2|    |   1|   1|   2|   1|   1|   1|    |   2|   1|   2|   1|   2|    |   2|   2|   1|   1|    |   1|   1|   1|    |[20]|  70|   9|
 +----+----+----+----+----+----+----+----+----+----+----+----+----+----+----+----+----+----+----+----+----+----+----+----+----+----+----+----+----+----+----+----+----+----+----+----+----+----+----+----+----+----+----+----+----+----+----+----+----+----+----+----+----+----+----+----+----+----+----+----+----+----+----+----+----+----+----+----+
 |[21]|    |    |   1|   2|   1|   2|   1|   3|   4|   1|   2|   3|   1|   1|   2|   1|   1|   3|   1|   1|   1| ## |   2|   1|    |   1|   3|    |   2|   1|   1|   1|   2|    |   2|   1|   2|   1|   1|   1|   1|   2|   1|   1|   3|   2|    |   2|   1|   1|   1|    |   1|   2|   1|   2|   1|    |   1|   1|   2|   1|   1|   2|[21]|  84|  18|
 +----+----+----+----+----+----+----+----+----+----+----+----+----+----+----+----+----+----+----+----+----+----+----+----+----+----+----+----+----+----+----+----+----+----+----+----+----+----+----+----+----+----+----+----+----+----+----+----+----+----+----+----+----+----+----+----+----+----+----+----+----+----+----+----+----+----+----+----+
 |[22]|   2|   4|   3|   4|   4|   3|   3|   4|   3|   1|   3|   2|    |   3|   2|   3|   2|   3|   2|   1|   3|   2| ## |   3|   2|   2|   3|   3|   3|   1|   2|   3|   2|   4|   4|   4|   3|   3|   3|   3|   3|   3|   2|   2|   4|   4|   2|   2|   3|   3|   2|   4|   2|   3|   2|   5|   3|   3|   4|   1|   4|   2|   5|   4|[22]| 177|  13|
 +----+----+----+----+----+----+----+----+----+----+----+----+----+----+----+----+----+----+----+----+----+----+----+----+----+----+----+----+----+----+----+----+----+----+----+----+----+----+----+----+----+----+----+----+----+----+----+----+----+----+----+----+----+----+----+----+----+----+----+----+----+----+----+----+----+----+----+----+
 |[23]|   1|   1|   1|    |   1|    |    |   2|   1|   1|   1|   1|   1|   1|   1|   1|   1|   1|   1|   1|   1|   1|   1| ## |   1|    |   1|   2|   1|    |    |   2|   1|    |    |    |   1|   1|   1|   1|   1|    |   1|   1|   1|   1|    |   1|   1|    |   1|    |    |    |   1|    |   1|   1|   1|   1|   1|   1|   1|   1|[23]|  50|   6|
 +----+----+----+----+----+----+----+----+----+----+----+----+----+----+----+----+----+----+----+----+----+----+----+----+----+----+----+----+----+----+----+----+----+----+----+----+----+----+----+----+----+----+----+----+----+----+----+----+----+----+----+----+----+----+----+----+----+----+----+----+----+----+----+----+----+----+----+----+
 |[24]|   4|   4|   9|   9|   8|  10|   6|   7|   9|   7|   7|   7|   6|   9|   4|   7|   6|   7|   7|   5|   5|   7|   7|   8| ## |   6|   8|   8|   8|   5|   5|   9|   7|   8|   8|   7|   7|   7|   6|  10|   6|   6|   2|   9|   8|   9|   9|   6|   4|   6|   8|   5|   6|   8|   6|  10|   7|   6|   8|   6|   5|   9|   4|   8|[24]| 435|  22|
 +----+----+----+----+----+----+----+----+----+----+----+----+----+----+----+----+----+----+----+----+----+----+----+----+----+----+----+----+----+----+----+----+----+----+----+----+----+----+----+----+----+----+----+----+----+----+----+----+----+----+----+----+----+----+----+----+----+----+----+----+----+----+----+----+----+----+----+----+
 |[25]|    |   3|    |   3|   3|   2|   2|   2|   2|   2|   3|   4|   3|   3|   1|   3|   3|   1|   2|   2|   3|   3|   2|   3|   3| ## |   3|   1|   2|   1|   1|   4|   3|   2|   3|   4|   3|    |   3|   2|   3|   3|   1|   2|    |   2|   1|   1|   2|   2|   2|   4|   1|   3|   2|   2|   2|   3|   2|   2|   1|   2|   2|   3|[25]| 138|  10|
 +----+----+----+----+----+----+----+----+----+----+----+----+----+----+----+----+----+----+----+----+----+----+----+----+----+----+----+----+----+----+----+----+----+----+----+----+----+----+----+----+----+----+----+----+----+----+----+----+----+----+----+----+----+----+----+----+----+----+----+----+----+----+----+----+----+----+----+----+
 |[26]|    |    |   1|    |    |    |    |    |    |    |    |    |   1|    |    |    |    |   1|    |    |    |   1|   1|    |    |    | ## |    |    |    |    |    |    |    |    |    |    |   1|    |    |    |    |    |    |    |    |    |    |    |    |    |    |   1|    |    |   1|    |    |    |   1|    |    |    |    |[26]|   9|   3|
 +----+----+----+----+----+----+----+----+----+----+----+----+----+----+----+----+----+----+----+----+----+----+----+----+----+----+----+----+----+----+----+----+----+----+----+----+----+----+----+----+----+----+----+----+----+----+----+----+----+----+----+----+----+----+----+----+----+----+----+----+----+----+----+----+----+----+----+----+
 |[27]|    |    |    |    |    |    |    |    |    |    |    |    |    |    |    |    |    |    |    |    |    |    |    |    |    |    |    | ## |    |    |    |    |    |    |    |    |    |    |    |    |    |    |    |   1|    |   1|    |    |    |    |    |    |    |    |    |    |    |    |   1|    |    |    |    |    |[27]|   3|   9|
 +----+----+----+----+----+----+----+----+----+----+----+----+----+----+----+----+----+----+----+----+----+----+----+----+----+----+----+----+----+----+----+----+----+----+----+----+----+----+----+----+----+----+----+----+----+----+----+----+----+----+----+----+----+----+----+----+----+----+----+----+----+----+----+----+----+----+----+----+
 |[28]|   4|   2|   4|   2|   6|   3|   3|   3|   2|   3|   5|   3|   5|   5|   2|   3|   4|   2|   4|   3|   1|   4|   3|   3|   4|   3|   4|   4| ## |   4|   2|   2|   3|   4|   4|   7|   2|   3|   3|   4|   2|   4|   3|   6|   3|   6|   4|   1|   3|    |   3|   3|   3|   3|   4|   3|   5|   4|   3|   2|   5|   3|   3|   2|[28]| 210|  16|
 +----+----+----+----+----+----+----+----+----+----+----+----+----+----+----+----+----+----+----+----+----+----+----+----+----+----+----+----+----+----+----+----+----+----+----+----+----+----+----+----+----+----+----+----+----+----+----+----+----+----+----+----+----+----+----+----+----+----+----+----+----+----+----+----+----+----+----+----+
 |[29]|   1|    |   1|    |   1|    |   1|    |   1|    |   1|   1|    |   1|   1|    |   1|    |    |    |   1|   1|    |   2|    |    |   1|   2|    | ## |    |    |   1|    |   1|   1|   1|   2|   1|    |   1|    |   1|   2|   2|   1|   1|   1|   1|   1|    |    |   1|    |   1|   1|    |   1|   1|    |    |    |   1|   1|[29]|  42|  12|
 +----+----+----+----+----+----+----+----+----+----+----+----+----+----+----+----+----+----+----+----+----+----+----+----+----+----+----+----+----+----+----+----+----+----+----+----+----+----+----+----+----+----+----+----+----+----+----+----+----+----+----+----+----+----+----+----+----+----+----+----+----+----+----+----+----+----+----+----+
 |[30]|   1|    |   1|    |    |   1|   1|   1|   1|   1|   1|    |   1|   2|    |   1|   1|   1|    |   1|   2|   1|   2|   1|   1|   1|    |    |   1|   1| ## |   1|   1|   3|   1|   1|   1|   1|    |   1|   1|   1|   1|   1|    |    |   1|   1|    |    |   1|    |    |    |   1|    |    |   1|   1|   1|    |   1|   1|   1|[30]|  49|   6|
 +----+----+----+----+----+----+----+----+----+----+----+----+----+----+----+----+----+----+----+----+----+----+----+----+----+----+----+----+----+----+----+----+----+----+----+----+----+----+----+----+----+----+----+----+----+----+----+----+----+----+----+----+----+----+----+----+----+----+----+----+----+----+----+----+----+----+----+----+
 |[31]|   2|   2|   2|   2|   4|   1|   2|   4|   3|   2|   1|   3|   2|   4|   4|   3|   2|   2|   3|   3|   3|   3|   4|   3|   2|   2|   4|   2|   2|   3|   3| ## |   5|   3|   3|   4|   3|   3|   2|   1|   3|   3|   2|    |   5|   3|   1|   3|   2|   2|   4|   2|   3|   2|   3|   1|   4|   3|   2|   1|   3|   3|   3|   3|[31]| 167|  19|
 +----+----+----+----+----+----+----+----+----+----+----+----+----+----+----+----+----+----+----+----+----+----+----+----+----+----+----+----+----+----+----+----+----+----+----+----+----+----+----+----+----+----+----+----+----+----+----+----+----+----+----+----+----+----+----+----+----+----+----+----+----+----+----+----+----+----+----+----+
 |[32]|    |    |    |    |    |    |    |    |    |    |    |    |    |    |   1|    |    |    |    |    |    |    |   1|    |    |    |    |    |    |    |    |    | ## |    |    |    |    |    |    |    |    |    |    |   1|    |    |    |    |    |    |    |    |    |    |    |    |    |   1|    |    |    |    |    |    |[32]|   4|   8|
 +----+----+----+----+----+----+----+----+----+----+----+----+----+----+----+----+----+----+----+----+----+----+----+----+----+----+----+----+----+----+----+----+----+----+----+----+----+----+----+----+----+----+----+----+----+----+----+----+----+----+----+----+----+----+----+----+----+----+----+----+----+----+----+----+----+----+----+----+
 |[33]|   2|    |   1|   2|    |   2|   1|    |   2|    |    |    |    |   1|   1|   2|    |   1|    |   1|   1|   1|    |   2|    |   2|    |    |   2|   1|    |    |   1| ## |    |   1|   2|   1|   1|   1|   2|   1|   1|   1|   3|   1|   3|   1|   2|    |    |   1|    |   2|    |   1|   1|   2|    |   3|   1|   1|   1|   1|[33]|  61|  15|
 +----+----+----+----+----+----+----+----+----+----+----+----+----+----+----+----+----+----+----+----+----+----+----+----+----+----+----+----+----+----+----+----+----+----+----+----+----+----+----+----+----+----+----+----+----+----+----+----+----+----+----+----+----+----+----+----+----+----+----+----+----+----+----+----+----+----+----+----+
 |[34]|   2|   2|   1|    |   2|   1|   1|   3|   3|   1|   1|   3|   3|   3|   1|   2|   3|   4|    |   4|   2|   2|   2|   1|   2|   1|   2|   1|   1|   1|   3|   4|    |   1| ## |   3|    |   1|   2|    |   2|   3|   1|   2|   2|   1|   1|   2|   1|   4|   1|    |   2|   3|   1|   2|   3|   3|   3|   2|   2|   2|   4|   2|[34]| 118|  30|
 +----+----+----+----+----+----+----+----+----+----+----+----+----+----+----+----+----+----+----+----+----+----+----+----+----+----+----+----+----+----+----+----+----+----+----+----+----+----+----+----+----+----+----+----+----+----+----+----+----+----+----+----+----+----+----+----+----+----+----+----+----+----+----+----+----+----+----+----+
 |[35]|   4|   3|   3|   4|   3|   6|   3|   5|   3|   1|   3|   6|   4|   3|   4|   4|   1|   5|   3|   2|   4|   5|   3|   2|   4|   2|   3|   3|   5|   6|   3|   5|   4|   2|   5| ## |   4|   5|   2|   6|   3|   6|   3|   1|   9|   2|   4|   7|    |   6|   3|   3|   3|   5|   4|   4|   5|   3|   4|   2|   5|   2|   3|   4|[35]| 234|  33|
 +----+----+----+----+----+----+----+----+----+----+----+----+----+----+----+----+----+----+----+----+----+----+----+----+----+----+----+----+----+----+----+----+----+----+----+----+----+----+----+----+----+----+----+----+----+----+----+----+----+----+----+----+----+----+----+----+----+----+----+----+----+----+----+----+----+----+----+----+
 |[36]|    |   2|   1|   1|   2|   1|   1|    |   1|   2|   2|   2|   1|   1|   1|   2|   1|   1|   2|    |   1|    |   1|   2|   2|   2|   1|   2|    |   1|   2|    |   1|   2|   1|   1| ## |   2|   3|   1|   2|    |   2|   1|   2|   3|   1|   2|   1|   1|   2|   1|   2|   2|   1|   2|   2|   1|    |   1|   2|   2|   1|   2|[36]|  85|   5|
 +----+----+----+----+----+----+----+----+----+----+----+----+----+----+----+----+----+----+----+----+----+----+----+----+----+----+----+----+----+----+----+----+----+----+----+----+----+----+----+----+----+----+----+----+----+----+----+----+----+----+----+----+----+----+----+----+----+----+----+----+----+----+----+----+----+----+----+----+
 |[37]|   1|    |    |   1|   1|    |    |    |   2|    |   1|    |    |    |   1|    |   1|   1|    |   1|   1|    |   1|    |   1|   2|   1|   3|   2|   2|    |    |    |   1|   2|    |   1| ## |   1|   2|   2|   1|   1|   1|   1|   1|   2|   2|    |    |    |   1|    |    |   2|    |   1|   2|   1|    |   1|   1|   3|   2|[37]|  55|   8|
 +----+----+----+----+----+----+----+----+----+----+----+----+----+----+----+----+----+----+----+----+----+----+----+----+----+----+----+----+----+----+----+----+----+----+----+----+----+----+----+----+----+----+----+----+----+----+----+----+----+----+----+----+----+----+----+----+----+----+----+----+----+----+----+----+----+----+----+----+
 |[38]|    |    |    |    |    |    |    |    |    |    |    |    |    |    |    |    |    |    |    |    |    |    |    |    |    |    |    |    |    |    |    |    |    |    |    |    |    |    | ## |    |    |    |    |    |    |    |    |    |    |    |    |    |    |    |    |    |    |    |    |    |    |    |    |    |[38]|   0|   3|
 +----+----+----+----+----+----+----+----+----+----+----+----+----+----+----+----+----+----+----+----+----+----+----+----+----+----+----+----+----+----+----+----+----+----+----+----+----+----+----+----+----+----+----+----+----+----+----+----+----+----+----+----+----+----+----+----+----+----+----+----+----+----+----+----+----+----+----+----+
 |[39]|   4|   2|   3|   6|   3|   3|   2|   2|   3|   4|   5|   5|   4|   2|   5|   3|   4|   3|   4|   5|   3|   2|   5|   3|   4|   4|   3|   3|   3|   4|   4|   4|   4|   5|   3|   3|   3|   6|   4| ## |   4|   4|   6|   3|   6|   4|   3|   1|   2|   3|   4|   5|   4|   3|   4|   3|   4|   4|   2|   6|   3|   3|   4|   6|[39]| 233|  28|
 +----+----+----+----+----+----+----+----+----+----+----+----+----+----+----+----+----+----+----+----+----+----+----+----+----+----+----+----+----+----+----+----+----+----+----+----+----+----+----+----+----+----+----+----+----+----+----+----+----+----+----+----+----+----+----+----+----+----+----+----+----+----+----+----+----+----+----+----+
 |[40]|   3|   2|   4|   3|   6|   1|   1|   4|   4|   2|   5|   3|   2|   1|   3|   1|   1|   2|   3|   1|   3|   4|   2|   1|   1|   3|   2|   2|   2|   3|   4|   2|   4|   3|   4|   3|   3|   1|   3|   2| ## |   3|   2|   2|   3|   3|   2|   4|   2|   3|   2|   3|   5|   2|   4|   3|   4|   2|   2|   1|   4|   4|   2|   2|[40]| 168|  13|
 +----+----+----+----+----+----+----+----+----+----+----+----+----+----+----+----+----+----+----+----+----+----+----+----+----+----+----+----+----+----+----+----+----+----+----+----+----+----+----+----+----+----+----+----+----+----+----+----+----+----+----+----+----+----+----+----+----+----+----+----+----+----+----+----+----+----+----+----+
 |[41]|   8|   3|   2|   9|   4|   6|   6|   3|   6|   6|   5|   6|   4|   5|   6|   7|   4|   3|  10|   5|   8|   5|   4|   5|   8|   4|   6|   7|  11|  15|   4|   5|   5|   5|   6|   7|   3|   5|   5|   7|   6| ## |   3|  12|   9|   7|  15|   4|   4|   8|   8|   7|   9|   5|   6|   7|   5|  11|  10|   7|   6|   3|   5|   5|[41]| 395|  70|
 +----+----+----+----+----+----+----+----+----+----+----+----+----+----+----+----+----+----+----+----+----+----+----+----+----+----+----+----+----+----+----+----+----+----+----+----+----+----+----+----+----+----+----+----+----+----+----+----+----+----+----+----+----+----+----+----+----+----+----+----+----+----+----+----+----+----+----+----+
 |[42]|    |   1|    |   1|   1|   1|    |    |   1|   1|   1|   1|   1|    |   1|   1|   1|    |   1|    |    |   1|   1|    |   1|   1|   1|   1|   1|    |   1|   1|   1|   2|    |   1|   1|   1|    |   1|    |    | ## |   1|   1|   1|   1|    |   1|   1|   1|    |   1|   1|   1|   1|    |   1|   1|    |   1|   1|   1|    |[42]|  45|   7|
 +----+----+----+----+----+----+----+----+----+----+----+----+----+----+----+----+----+----+----+----+----+----+----+----+----+----+----+----+----+----+----+----+----+----+----+----+----+----+----+----+----+----+----+----+----+----+----+----+----+----+----+----+----+----+----+----+----+----+----+----+----+----+----+----+----+----+----+----+
 |[43]|   6|   5|   7|   9|   8|   8|   9|   6|   8|   5|   8|  10|  10|   8|   9|   7|   7|  11|   9|   6|   7|  10|  10|   8|  10|   7|  10|   8|   7|   6|  11|  10|   8|   5|  10|   8|   4|  10|   7|  10|   9|   8|   4| ## |  10|   4|  11|   7|   4|   6|   7|   7|  10|   8|   7|   9|   8|  11|   7|   7|  10|   6|   5|   8|[43]| 495|  27|
 +----+----+----+----+----+----+----+----+----+----+----+----+----+----+----+----+----+----+----+----+----+----+----+----+----+----+----+----+----+----+----+----+----+----+----+----+----+----+----+----+----+----+----+----+----+----+----+----+----+----+----+----+----+----+----+----+----+----+----+----+----+----+----+----+----+----+----+----+
 |[44]|  12|  11|   7|   9|   7|   8|  12|  11|   9|   7|  11|   9|   7|   5|   9|  13|  18|  13|   8|  20|  11|   9|   9|   6|   9|  12|  11|  13|   8|   6|   8|  10|  11|   9|  11|  17|   9|  11|   9|  14|   7|  10|   9|  10| ## |  14|  12|   9|  11|  10|   7|   4|  15|  13|   7|   7|  14|   9|  14|  11|   9|  10|  10|  11|[44]| 642|  75|
 +----+----+----+----+----+----+----+----+----+----+----+----+----+----+----+----+----+----+----+----+----+----+----+----+----+----+----+----+----+----+----+----+----+----+----+----+----+----+----+----+----+----+----+----+----+----+----+----+----+----+----+----+----+----+----+----+----+----+----+----+----+----+----+----+----+----+----+----+
 |[45]|    |    |    |    |    |   1|    |    |    |    |    |    |    |    |    |    |    |    |    |    |    |    |    |    |    |    |    |    |    |    |    |    |    |    |    |    |    |    |    |    |    |    |    |    |    | ## |    |    |    |    |    |    |    |    |   1|    |    |    |    |    |    |    |    |    |[45]|   2|   2|
 +----+----+----+----+----+----+----+----+----+----+----+----+----+----+----+----+----+----+----+----+----+----+----+----+----+----+----+----+----+----+----+----+----+----+----+----+----+----+----+----+----+----+----+----+----+----+----+----+----+----+----+----+----+----+----+----+----+----+----+----+----+----+----+----+----+----+----+----+
 |[46]|   8|   5|   9|   9|   6|   8|  10|  10|   6|   9|   9|  10|  12|  11|  13|  11|   6|   7|  10|  11|   8|   7|   9|  10|  10|  11|  12|  13|  13|  10|  10|   8|   8|  14|   7|   9|   8|   9|   6|  12|   6|  12|   9|  11|  10|  10| ## |  10|   8|  15|   7|   7|   7|   6|   9|   8|   8|  13|   9|  12|  12|  10|   9|  10|[46]| 592|  75|
 +----+----+----+----+----+----+----+----+----+----+----+----+----+----+----+----+----+----+----+----+----+----+----+----+----+----+----+----+----+----+----+----+----+----+----+----+----+----+----+----+----+----+----+----+----+----+----+----+----+----+----+----+----+----+----+----+----+----+----+----+----+----+----+----+----+----+----+----+
 |[47]|   2|   2|   4|   2|   1|   2|   2|   1|   1|   1|   3|    |   2|   2|   4|   1|   2|   2|   2|   3|   2|   3|   2|   2|   2|   2|   2|   1|   2|   1|   2|   2|   3|   2|   1|   1|   2|   2|   2|   2|   1|   2|   2|   5|   1|   2|   1| ## |   2|   2|   3|   2|   1|   1|   2|   2|   3|   3|    |   2|   2|   2|   1|   2|[47]| 121|  13|
 +----+----+----+----+----+----+----+----+----+----+----+----+----+----+----+----+----+----+----+----+----+----+----+----+----+----+----+----+----+----+----+----+----+----+----+----+----+----+----+----+----+----+----+----+----+----+----+----+----+----+----+----+----+----+----+----+----+----+----+----+----+----+----+----+----+----+----+----+
 |[48]|    |    |    |    |    |    |    |    |    |    |    |    |    |    |    |    |    |    |    |    |    |    |    |    |    |    |    |    |    |    |    |    |    |    |    |    |    |    |    |    |    |    |    |    |    |    |    |    | ## |    |    |    |   1|    |    |    |    |    |    |   1|    |    |    |    |[48]|   2|   3|
 +----+----+----+----+----+----+----+----+----+----+----+----+----+----+----+----+----+----+----+----+----+----+----+----+----+----+----+----+----+----+----+----+----+----+----+----+----+----+----+----+----+----+----+----+----+----+----+----+----+----+----+----+----+----+----+----+----+----+----+----+----+----+----+----+----+----+----+----+
 |[49]|   1|   1|    |    |    |    |   2|   1|   1|    |   2|   1|   1|   3|   2|   1|    |   1|   1|   1|   1|    |   1|    |   1|   1|    |   1|   1|    |    |   1|   1|   1|    |   1|   1|    |    |   1|   1|   2|   1|    |   1|    |   2|    |   1| ## |   2|   1|   1|   1|   1|   1|    |   1|   2|    |    |   1|   2|   1|[49]|  53|  13|
 +----+----+----+----+----+----+----+----+----+----+----+----+----+----+----+----+----+----+----+----+----+----+----+----+----+----+----+----+----+----+----+----+----+----+----+----+----+----+----+----+----+----+----+----+----+----+----+----+----+----+----+----+----+----+----+----+----+----+----+----+----+----+----+----+----+----+----+----+
 |[50]|   1|   1|   2|   1|   1|   1|   2|   1|   2|   1|   2|   1|   2|   1|   1|   2|    |   2|   1|   1|   1|   1|   2|   2|   1|   1|    |   1|   1|   2|   2|   4|   3|   2|   2|   1|   3|   1|   3|   2|   2|   3|   1|   1|   4|   1|   2|    |   2|    | ## |   1|   2|   1|   3|   2|   2|   2|   2|   1|   2|   2|   1|    |[50]|  98|  11|
 +----+----+----+----+----+----+----+----+----+----+----+----+----+----+----+----+----+----+----+----+----+----+----+----+----+----+----+----+----+----+----+----+----+----+----+----+----+----+----+----+----+----+----+----+----+----+----+----+----+----+----+----+----+----+----+----+----+----+----+----+----+----+----+----+----+----+----+----+
 |[51]|   2|   1|   1|   1|   1|   1|   2|   2|   2|   1|   2|   1|   1|   1|   2|   2|    |   2|   2|    |   1|   2|   1|   2|   1|   2|   1|   1|   1|    |   1|   3|   2|    |   1|   3|   2|   1|   1|   2|   2|    |    |    |   2|   2|   1|   2|   2|   2|   2| ## |   1|   1|   2|   2|   2|   2|   2|    |   2|   2|   2|   1|[51]|  89|   9|
 +----+----+----+----+----+----+----+----+----+----+----+----+----+----+----+----+----+----+----+----+----+----+----+----+----+----+----+----+----+----+----+----+----+----+----+----+----+----+----+----+----+----+----+----+----+----+----+----+----+----+----+----+----+----+----+----+----+----+----+----+----+----+----+----+----+----+----+----+
 |[52]|    |    |    |   1|    |    |    |   1|   2|    |    |   1|    |    |    |    |    |   1|   1|   2|    |    |    |    |    |    |    |    |    |    |    |    |    |    |    |    |   1|    |    |    |    |    |    |    |    |    |   1|    |    |    |    |    | ## |    |    |    |    |    |   1|    |    |    |    |   1|[52]|  13|   9|
 +----+----+----+----+----+----+----+----+----+----+----+----+----+----+----+----+----+----+----+----+----+----+----+----+----+----+----+----+----+----+----+----+----+----+----+----+----+----+----+----+----+----+----+----+----+----+----+----+----+----+----+----+----+----+----+----+----+----+----+----+----+----+----+----+----+----+----+----+
 |[53]|   2|    |   2|   2|   1|   2|    |   2|   1|   1|   1|   2|   2|   2|   1|   1|   1|   1|   2|   2|   2|   3|   1|    |   2|   1|   2|   1|   2|   1|   1|   1|   1|   2|   2|   2|   1|   1|   2|   3|   2|   2|   1|   2|   1|   1|   1|   1|   2|   1|   2|   1|   2| ## |   3|   1|    |   1|   1|   2|   2|   2|    |   2|[53]|  92|  14|
 +----+----+----+----+----+----+----+----+----+----+----+----+----+----+----+----+----+----+----+----+----+----+----+----+----+----+----+----+----+----+----+----+----+----+----+----+----+----+----+----+----+----+----+----+----+----+----+----+----+----+----+----+----+----+----+----+----+----+----+----+----+----+----+----+----+----+----+----+
 |[54]|    |    |    |    |    |   1|    |   1|   1|    |    |    |    |   1|    |    |    |    |    |    |    |    |    |    |    |    |    |    |    |    |    |    |    |    |    |   1|    |    |    |    |    |   1|    |    |   1|    |    |    |    |    |    |    |    |    | ## |    |    |    |    |    |    |    |    |    |[54]|   7|   4|
 +----+----+----+----+----+----+----+----+----+----+----+----+----+----+----+----+----+----+----+----+----+----+----+----+----+----+----+----+----+----+----+----+----+----+----+----+----+----+----+----+----+----+----+----+----+----+----+----+----+----+----+----+----+----+----+----+----+----+----+----+----+----+----+----+----+----+----+----+
 |[55]|   1|   1|   1|   1|   1|    |   1|   1|   1|   1|    |   1|   1|    |   2|   1|   2|   1|   1|   2|    |    |   1|    |    |   1|   1|   1|   1|   1|    |    |    |   1|    |    |    |    |    |    |   1|    |   1|    |   1|   1|   1|   1|    |    |   1|   1|    |    |   1| ## |    |   1|   1|   2|   1|   1|    |   2|[55]|  44|   7|
 +----+----+----+----+----+----+----+----+----+----+----+----+----+----+----+----+----+----+----+----+----+----+----+----+----+----+----+----+----+----+----+----+----+----+----+----+----+----+----+----+----+----+----+----+----+----+----+----+----+----+----+----+----+----+----+----+----+----+----+----+----+----+----+----+----+----+----+----+
 |[56]|   4|   7|   4|   3|   7|   9|   4|   6|   4|   4|   6|   5|   2|   6|   5|   7|   7|   6|   5|   6|   7|   3|   5|   8|   3|   6|   8|   6|   4|   6|   6|   4|   7|   4|   4|   7|   4|   6|   4|   5|   7|   6|   6|   2|   5|   3|   8|   8|   5|   4|   5|   4|   5|   6|   4|   3| ## |   6|   5|   4|   5|   4|   6|   5|[56]| 330|  23|
 +----+----+----+----+----+----+----+----+----+----+----+----+----+----+----+----+----+----+----+----+----+----+----+----+----+----+----+----+----+----+----+----+----+----+----+----+----+----+----+----+----+----+----+----+----+----+----+----+----+----+----+----+----+----+----+----+----+----+----+----+----+----+----+----+----+----+----+----+
 |[57]|  16|  16|  19|  17|  15|  25|  18|  17|  18|  16|  18|  16|  17|  14|  17|  16|  17|  17|  17|  15|  14|  15|  21|  18|  17|  20|  18|  16|  19|  19|  15|  18|  16|  14|  14|  14|  20|  16|  15|  19|  18|  21|  14|  18|  16|  17|  16|  17|  15|  19|  20|  16|  15|  18|  13|  17|  18| ## |  13|  19|  17|  15|  15|  19|[57]|1065|  62|
 +----+----+----+----+----+----+----+----+----+----+----+----+----+----+----+----+----+----+----+----+----+----+----+----+----+----+----+----+----+----+----+----+----+----+----+----+----+----+----+----+----+----+----+----+----+----+----+----+----+----+----+----+----+----+----+----+----+----+----+----+----+----+----+----+----+----+----+----+
 |[58]|   1|   1|   1|   1|   1|   1|   2|    |    |   1|   2|    |   2|   1|   2|   2|    |    |    |    |    |   1|   1|    |   1|    |    |    |   1|   1|    |   1|   3|   2|   1|   4|   1|   1|   1|    |   1|   2|   1|    |   2|    |    |   3|    |   2|   1|    |   1|   1|   3|    |    |   2| ## |    |    |   1|   1|   1|[58]|  59|  10|
 +----+----+----+----+----+----+----+----+----+----+----+----+----+----+----+----+----+----+----+----+----+----+----+----+----+----+----+----+----+----+----+----+----+----+----+----+----+----+----+----+----+----+----+----+----+----+----+----+----+----+----+----+----+----+----+----+----+----+----+----+----+----+----+----+----+----+----+----+
 |[59]|   1|   1|   3|   1|   1|   5|   3|   1|   3|   2|   2|   1|   2|    |   2|   2|   3|   2|    |   2|   4|   1|   2|   2|   4|   1|   3|   2|   2|   2|   2|   1|   1|   2|   2|   1|   2|   2|   2|   4|   3|   2|   1|   2|   3|   3|   4|   4|   3|   3|   2|   1|   2|   3|   3|   3|   3|   3|   2| ## |   2|   3|   4|   2|[59]| 140|  18|
 +----+----+----+----+----+----+----+----+----+----+----+----+----+----+----+----+----+----+----+----+----+----+----+----+----+----+----+----+----+----+----+----+----+----+----+----+----+----+----+----+----+----+----+----+----+----+----+----+----+----+----+----+----+----+----+----+----+----+----+----+----+----+----+----+----+----+----+----+
 |[60]|   1|   1|    |   2|   1|   3|   2|   3|   2|   1|   1|   3|    |   3|   1|   1|   1|   1|   2|   1|   1|   1|    |   3|    |   1|    |   2|   2|   1|   3|   1|   1|   2|   1|   1|   3|   1|   1|   2|   1|   3|   3|   1|   1|   2|   1|   2|   3|   2|   2|   2|   1|   2|   1|   3|   3|   3|   1|   2| ## |   1|   1|    |[60]|  98|  14|
 +----+----+----+----+----+----+----+----+----+----+----+----+----+----+----+----+----+----+----+----+----+----+----+----+----+----+----+----+----+----+----+----+----+----+----+----+----+----+----+----+----+----+----+----+----+----+----+----+----+----+----+----+----+----+----+----+----+----+----+----+----+----+----+----+----+----+----+----+
 |[61]|    |   1|    |   1|   1|   1|   1|    |   2|   1|   1|   1|   1|    |    |   1|    |    |    |   1|   1|    |    |    |   1|   1|   1|   1|   1|   1|   1|   1|   1|   1|    |    |   1|   2|   1|    |    |   1|    |    |   1|    |    |   1|   1|    |   1|   1|    |   1|    |    |   1|   1|   1|    |   1| ## |    |   1|[61]|  40|   6|
 +----+----+----+----+----+----+----+----+----+----+----+----+----+----+----+----+----+----+----+----+----+----+----+----+----+----+----+----+----+----+----+----+----+----+----+----+----+----+----+----+----+----+----+----+----+----+----+----+----+----+----+----+----+----+----+----+----+----+----+----+----+----+----+----+----+----+----+----+
 |[62]|    |   2|   2|   2|    |   1|   2|   1|    |   1|   1|   1|   1|    |   2|   1|   1|   1|    |   1|   1|   1|   1|   1|   1|    |   1|    |   1|   2|   1|    |   2|   1|   2|    |    |   1|   1|   1|   1|   3|    |   1|   3|    |    |   1|    |   1|    |    |   1|   1|   1|    |   2|   2|    |   2|   1|   1| ## |   1|[62]|  60|  13|
 +----+----+----+----+----+----+----+----+----+----+----+----+----+----+----+----+----+----+----+----+----+----+----+----+----+----+----+----+----+----+----+----+----+----+----+----+----+----+----+----+----+----+----+----+----+----+----+----+----+----+----+----+----+----+----+----+----+----+----+----+----+----+----+----+----+----+----+----+
 |[63]|   2|   4|   1|   3|   2|   5|   3|   4|   4|   3|   3|   4|   4|   5|   5|   7|   2|   4|   4|   2|   6|   3|   4|   3|   6|   5|   2|   3|   4|   4|   2|   4|   6|   2|   5|   4|   3|   4|   5|   5|   6|   3|   2|   5|   4|   4|   5|   3|   3|   5|   3|   1|   3|   6|   3|   7|   4|   4|   4|   3|   5|   4|   5| ## |[63]| 243|  11|
 +----+----+----+----+----+----+----+----+----+----+----+----+----+----+----+----+----+----+----+----+----+----+----+----+----+----+----+----+----+----+----+----+----+----+----+----+----+----+----+----+----+----+----+----+----+----+----+----+----+----+----+----+----+----+----+----+----+----+----+----+----+----+----+----+----+----+----+----+
 | ## |[ 0]|[ 1]|[ 2]|[ 3]|[ 4]|[ 5]|[ 6]|[ 7]|[ 8]|[ 9]|[10]|[11]|[12]|[13]|[14]|[15]|[16]|[17]|[18]|[19]|[20]|[21]|[22]|[23]|[24]|[25]|[26]|[27]|[28]|[29]|[30]|[31]|[32]|[33]|[34]|[35]|[36]|[37]|[38]|[39]|[40]|[41]|[42]|[43]|[44]|[45]|[46]|[47]|[48]|[49]|[50]|[51]|[52]|[53]|[54]|[55]|[56]|[57]|[58]|[59]|[60]|[61]|[62]|[63]| ## | ## |1024|
 +----+----+----+----+----+----+----+----+----+----+----+----+----+----+----+----+----+----+----+----+----+----+----+----+----+----+----+----+----+----+----+----+----+----+----+----+----+----+----+----+----+----+----+----+----+----+----+----+----+----+----+----+----+----+----+----+----+----+----+----+----+----+----+----+----+----+----+----+
 | TTL| 135| 126| 137| 143| 138| 158| 139| 143| 151| 125| 152| 153| 143| 148| 158| 159| 141| 148| 141| 141| 145| 143| 155| 136| 147| 142| 165| 159| 150| 141| 136| 152| 165| 142| 150| 162| 140| 149| 142| 171| 158| 156| 119| 151| 170| 154| 153| 152| 126| 145| 145| 125| 155| 155| 151| 146| 155| 165| 151| 140| 158| 149| 150| 154| ## | ## | ## |
 +----+----+----+----+----+----+----+----+----+----+----+----+----+----+----+----+----+----+----+----+----+----+----+----+----+----+----+----+----+----+----+----+----+----+----+----+----+----+----+----+----+----+----+----+----+----+----+----+----+----+----+----+----+----+----+----+----+----+----+----+----+----+----+----+----+----+----+----+






