

 [80] ******************************************************

 [31 , 50, 62]  152718.430809 vs 149536.005227 >>  3182.425582  :  83.968750  (2)
 [581]    34.671875 (1)  [62]
 [707]    49.296875 (3)  [31, 50, 62]

 [70] ******************************************************

 [15 , 19, 30]  131002.014504 vs 128595.882861 >>  2406.131643  :  180.703125  (3)
 [737]    60.593750 (3)  [15, 19, 30]
 [768]    61.046875 (3)  [15, 19, 30]
 [800]    59.062500 (1)  [30]

 [60] ******************************************************

 [8 , 55, 56]  116495.898057 vs 114461.075141 >>  2034.822916  :  388.734375  (4)
 [678]    150.390625 (2)  [8, 55]
 [768]    1.078125 (1)  [8]
 [803]    124.015625 (2)  [8, 55]
 [932]    113.250000 (2)  [8, 56]

 [50] ******************************************************

 [8 , 46, 55]  102911.142500 vs 100594.989109 >>  2316.153391  :  533.656250  (4)
 [678]    158.687500 (3)  [8, 46, 55]
 [768]    1.890625 (1)  [8]
 [803]    184.812500 (3)  [8, 46, 55]
 [931]    188.265625 (3)  [8, 46, 55]

 [40] ******************************************************

 [20 , 25, 55]  88822.025518 vs 86738.550157 >>  2083.475361  :  962.421875  (6)
 [295]    14.156250 (3)  [20, 25, 55]
 [311]    316.750000 (3)  [20, 25, 55]
 [514]    0.421875 (1)  [55]
 [678]    278.593750 (3)  [20, 25, 55]
 [690]    1.640625 (1)  [55]
 [740]    350.859375 (1)  [20]
 [796]    0.250000 (1)  [25]

 [30] ******************************************************

 [20 , 46, 55]  72878.288091 vs 71383.552345 >>  1494.735745  :  1633.687500  (13)
 [143]    1.406250 (1)  [55]
 [295]    53.343750 (2)  [20, 55]
 [301]    4.765625 (1)  [20]
 [411]    3.421875 (1)  [46]
 [421]    3.359375 (1)  [55]
 [456]    2.718750 (1)  [55]
 [588]    5.500000 (1)  [55]
 [640]    4.937500 (1)  [46]
 [675]    2.984375 (1)  [46]
 [678]    445.500000 (2)  [20, 55]
 [740]    615.609375 (3)  [20, 46, 55]
 [753]    1.406250 (1)  [20]
 [796]    0.656250 (1)  [46]
 [800]    0.718750 (1)  [46]
 [931]    491.171875 (3)  [20, 46, 55]