

 [80] ******************************************************

 [8 , 25, 39]  131347.645610 vs 127202.109723 >>  4145.535887  :  8.078125  (3)
[11]    5  [8, 25, 39]
[91]    1  [8, 25, 39]
[461]    2  [39]

 [70] ******************************************************

 [18 , 25, 28]  109138.657973 vs 106264.109663 >>  2874.548310  :  64.484375  (6)
[8]    14  [18, 25]
[12]    11  [18, 25]
[13]    11  [18, 25, 28]
[19]    25  [18, 25, 28]
[91]    0  [25, 28]
[461]    3  [25]

 [60] ******************************************************

 [25 , 28, 39]  95498.035203 vs 93093.689595 >>  2404.345609  :  460.593750  (25)
[2]    22  [25, 28, 39]
[3]    8  [25, 28]
[4]    17  [25, 28]
[5]    32  [25, 28, 39]
[6]    36  [25, 39]
[7]    38  [25, 39]
[8]    45  [25, 39]
[9]    32  [25, 39]
[10]    42  [25, 39]
[11]    50  [25, 28, 39]
[12]    24  [25, 28, 39]
[13]    34  [25, 28, 39]
[14]    24  [25, 28, 39]
[18]    13  [25, 28, 39]
[19]    28  [25, 28]
[63]    2  [25]
[91]    2  [25, 39]
[92]    3  [25, 39]
[175]    3  [25, 39]
[207]    1  [28, 39]
[208]    2  [25, 39]
[210]    0  [28]
[354]    0  [25]
[459]    3  [39]
[543]    0  [39]

 [50] ******************************************************

 [25 , 28, 39]  84826.251863 vs 83219.682855 >>  1606.569008  :  709.625000  (32)
[2]    59  [25, 28, 39]
[3]    44  [25, 28]
[4]    49  [25, 28]
[5]    63  [25, 28, 39]
[6]    65  [25, 39]
[7]    39  [25, 39]
[8]    48  [25, 39]
[9]    58  [25, 39]
[10]    52  [25, 39]
[11]    56  [25, 28, 39]
[12]    31  [25, 28, 39]
[13]    42  [25, 28, 39]
[14]    30  [25, 28, 39]
[18]    13  [25, 28, 39]
[19]    23  [25, 28]
[63]    4  [25]
[70]    1  [25, 28, 39]
[91]    5  [25, 39]
[92]    7  [25, 39]
[175]    4  [25, 39]
[179]    1  [28, 39]
[180]    3  [28, 39]
[207]    4  [39]
[227]    7  [28]
[233]    0  [25, 39]
[237]    1  [39]
[454]    0  [25]
[553]    0  [25, 39]
[859]    1  [25]
[938]    1  [28]
[940]    0  [39]
[971]    1  [25]

 [40] ******************************************************

 [25 , 28, 39]  73554.422273 vs 72160.917787 >>  1393.504487  :  844.781250  (27)
[1]    10  [25, 28, 39]
[2]    63  [25, 28, 39]
[3]    56  [25, 28]
[4]    68  [25, 28]
[5]    77  [25, 28, 39]
[6]    68  [25, 39]
[7]    52  [25, 39]
[8]    50  [25, 39]
[9]    72  [25, 39]
[10]    62  [25, 39]
[11]    54  [25, 28, 39]
[12]    35  [25, 28, 39]
[13]    46  [25, 28, 39]
[14]    35  [25, 28, 39]
[15]    8  [25, 28, 39]
[18]    18  [25, 28, 39]
[19]    30  [25, 28]
[70]    1  [28]
[92]    9  [25, 39]
[175]    3  [25, 39]
[180]    6  [39]
[207]    6  [39]
[208]    0  [39]
[258]    10  [25, 28, 39]
[746]    1  [28]
[774]    6  [39]
[877]    1  [28]

 [30] ******************************************************

 [15 , 20, 25]  62483.579989 vs 62068.715815 >>  414.864174  :  1283.515625  (53)
[2]    44  [20, 25]
[3]    68  [15, 20, 25]
[4]    50  [20, 25]
[5]    63  [25]
[6]    81  [15, 25]
[7]    56  [15, 25]
[8]    39  [15, 25]
[9]    66  [15, 20, 25]
[10]    50  [15, 20, 25]
[11]    49  [20, 25]
[12]    24  [15, 25]
[13]    24  [20, 25]
[14]    23  [15, 20, 25]
[15]    18  [15, 20, 25]
[18]    6  [15, 25]
[19]    40  [25]
[38]    0  [20]
[53]    4  [15]
[62]    1  [25]
[92]    1  [15, 25]
[175]    8  [25]
[179]    3  [25]
[180]    0  [25]
[323]    0  [25]
[376]    20  [15]
[602]    4  [25]
[746]    1  [20]
[782]    8  [25]
[806]    1  [15, 20]
[926]    1  [25]
[940]    3  [25]
[993]    14  [15, 20]
[994]    12  [15, 20, 25]
[995]    9  [15, 20, 25]
[996]    8  [15, 20, 25]
[997]    19  [15, 20, 25]
[998]    14  [15, 20, 25]
[999]    12  [15, 20, 25]
[1000]    48  [15, 20, 25]
[1001]    9  [15, 20, 25]
[1002]    22  [15, 20, 25]
[1003]    45  [15, 20, 25]
[1004]    27  [15, 20, 25]
[1005]    32  [15, 20, 25]
[1006]    37  [15, 20, 25]
[1007]    35  [15, 20, 25]
[1008]    29  [15, 20, 25]
[1009]    32  [15, 20, 25]
[1010]    6  [15, 20, 25]
[1011]    20  [15, 20, 25]
[1012]    44  [15, 20, 25]
[1013]    38  [15, 20]
[1014]    21  [15, 20]