

 [80] ******************************************************

 [39 , 42, 44]  131347.645610 vs 127054.329346 >>  4293.316264  :  26.296875  (3)
[517]    1  [44]
[552]    26  [39, 42, 44]
[639]    0  [42]

 [70] ******************************************************

 [32 , 45, 46]  109138.657973 vs 106151.633601 >>  2987.024372  :  117.140625  (4)
[45]    2  [45]
[421]    113  [32, 45, 46]
[459]    0  [32, 46]
[461]    2  [46]
[517]    0  [45]

 [60] ******************************************************

 [32 , 45, 46]  95498.035203 vs 92931.369208 >>  2566.665995  :  154.218750  (4)
[141]    3  [45]
[395]    2  [46]
[421]    145  [32, 45, 46]
[459]    4  [32]
[978]    2  [45]

 [50] ******************************************************

 [32 , 45, 46]  84826.251863 vs 82820.879311 >>  2005.372553  :  242.656250  (7)
[63]    1  [32]
[141]    0  [45]
[421]    237  [32, 45, 46]
[459]    1  [32]
[859]    1  [32]
[938]    2  [32]
[971]    1  [45]

 [40] ******************************************************

 [32 , 45, 46]  73554.422273 vs 71865.408552 >>  1689.013722  :  271.031250  (3)
[421]    265  [32, 45, 46]
[861]    5  [32]
[938]    0  [32]

 [30] ******************************************************

 [32 , 46, 50]  62483.579989 vs 61444.007492 >>  1039.572497  :  363.921875  (6)
[62]    4  [32]
[421]    332  [32, 46, 50]
[460]    1  [32]
[746]    2  [50]
[861]    4  [32]
[918]    21  [50]