

 [80] ******************************************************

 [10 , 22, 25]  192129.397680 vs 188217.106184 >>  3912.291496  :  298.187500  (2)
 [25]    135.515625 (3)  [10, 22, 25]
 [192]    162.671875 (3)  [10, 22, 25]

 [70] ******************************************************

 [35 , 38, 47]  159044.609240 vs 155799.470577 >>  3245.138663  :  732.234375  (3)
 [128]    268.484375 (2)  [38, 47]
 [184]    252.125000 (1)  [35]
 [822]    220.593750 (3)  [35, 38, 47]

 [60] ******************************************************

 [29 , 35, 47]  136158.699355 vs 133465.660276 >>  2693.039080  :  1188.937500  (3)
 [6]    360.578125 (3)  [29, 35, 47]
 [128]    461.171875 (1)  [47]
 [184]    371.078125 (1)  [35]

 [50] ******************************************************

 [27 , 33, 47]  118403.661005 vs 115730.532961 >>  2673.128044  :  1560.984375  (3)
 [8]    415.343750 (3)  [27, 33, 47]
 [22]    498.390625 (3)  [27, 33, 47]
 [128]    647.250000 (3)  [27, 33, 47]

 [40] ******************************************************

 [10 , 27, 47]  100180.338028 vs 97613.147548 >>  2567.190480  :  1783.859375  (3)
 [22]    529.656250 (2)  [27, 47]
 [25]    593.156250 (1)  [10]
 [128]    661.046875 (3)  [10, 27, 47]

 [30] ******************************************************

 [10 , 38, 47]  80083.370882 vs 77788.841225 >>  2294.529657  :  2293.453125  (3)
 [25]    689.562500 (1)  [10]
 [128]    928.046875 (3)  [10, 38, 47]
 [822]    675.843750 (3)  [10, 38, 47]