

 [80] ******************************************************

 [8 , 14, 31]  131347.645610 vs 127226.917237 >>  4120.728373  :  15.437500  (8)
[10]    4  [8, 14, 31]
[11]    2  [8, 31]
[44]    2  [8]
[83]    1  [8, 31]
[298]    1  [14]
[461]    4  [8, 14]
[517]    1  [8]
[639]    1  [14]
[978]    1  [14, 31]

 [70] ******************************************************

 [8 , 24, 58]  109138.657973 vs 106513.580928 >>  2625.077045  :  108.359375  (23)
[8]    19  [8, 58]
[12]    16  [8, 24, 58]
[13]    16  [8, 24, 58]
[14]    11  [8, 58]
[19]    22  [8, 24]
[44]    3  [8]
[45]    2  [58]
[73]    0  [24, 58]
[83]    3  [8, 24]
[91]    1  [8, 24, 58]
[146]    1  [58]
[152]    3  [58]
[177]    1  [24]
[182]    1  [8, 58]
[199]    2  [8, 24]
[231]    0  [8]
[262]    1  [8, 24]
[289]    2  [8]
[331]    0  [8, 24]
[395]    1  [24, 58]
[402]    0  [24]
[461]    3  [8]
[517]    1  [8]
[840]    0  [58]

 [60] ******************************************************

 [8 , 13, 14]  95498.035203 vs 93524.035408 >>  1973.999795  :  528.062500  (52)
[1]    18  [8, 13, 14]
[2]    17  [8, 13, 14]
[3]    17  [8, 13, 14]
[4]    35  [8, 13, 14]
[5]    36  [8, 13, 14]
[6]    39  [8, 13, 14]
[7]    36  [8, 13, 14]
[8]    47  [8, 13]
[9]    34  [8, 13, 14]
[10]    44  [8, 13, 14]
[11]    51  [8, 13]
[12]    30  [8, 13]
[13]    25  [8]
[14]    11  [8]
[19]    7  [8]
[41]    2  [13]
[42]    2  [8, 13]
[44]    8  [8]
[63]    1  [8]
[73]    3  [14]
[83]    4  [8, 14]
[84]    5  [14]
[91]    1  [8, 13]
[92]    1  [8, 14]
[141]    2  [8]
[171]    1  [8, 14]
[175]    3  [8, 14]
[181]    1  [8, 14]
[183]    1  [8, 13, 14]
[195]    1  [13]
[208]    4  [8, 13, 14]
[213]    2  [14]
[233]    1  [13, 14]
[298]    5  [14]
[299]    2  [14]
[305]    4  [14]
[331]    0  [14]
[332]    1  [13, 14]
[334]    3  [14]
[335]    1  [13, 14]
[395]    2  [13]
[399]    1  [14]
[400]    3  [14]
[402]    2  [14]
[403]    0  [13, 14]
[459]    1  [8]
[538]    1  [13]
[543]    0  [8]
[566]    4  [14]
[702]    4  [13, 14]
[840]    1  [8, 14]
[978]    3  [14]

 [50] ******************************************************

 [8 , 14, 31]  84826.251863 vs 83552.018586 >>  1274.233277  :  772.906250  (52)
[1]    13  [8, 14, 31]
[2]    49  [8, 14, 31]
[3]    43  [8, 14]
[4]    65  [8, 14, 31]
[5]    63  [8, 14, 31]
[6]    68  [8, 14, 31]
[7]    36  [8, 14, 31]
[8]    49  [8, 14, 31]
[9]    61  [8, 14, 31]
[10]    61  [8, 14, 31]
[11]    57  [8, 31]
[12]    35  [8, 31]
[13]    32  [8]
[14]    18  [8, 31]
[19]    2  [8]
[28]    11  [8, 14, 31]
[44]    4  [8]
[55]    1  [8]
[63]    3  [8]
[78]    1  [14]
[84]    6  [14]
[91]    5  [8, 31]
[92]    5  [8, 14]
[102]    0  [8, 14]
[171]    1  [14]
[175]    4  [8, 14, 31]
[177]    0  [31]
[178]    1  [8, 31]
[179]    4  [14, 31]
[181]    3  [14]
[201]    1  [31]
[207]    2  [14]
[208]    1  [8, 14]
[227]    5  [31]
[233]    2  [14, 31]
[237]    0  [8]
[259]    26  [8, 14, 31]
[268]    1  [14]
[292]    1  [14]
[298]    4  [14]
[299]    2  [14]
[332]    4  [14, 31]
[335]    4  [14, 31]
[399]    2  [31]
[418]    3  [8, 14]
[538]    2  [31]
[566]    3  [14, 31]
[568]    0  [14, 31]
[702]    2  [14]
[703]    3  [14]
[746]    1  [14, 31]
[796]    0  [14]
[840]    2  [8, 14]
[859]    1  [14]
[938]    4  [14]
[940]    1  [14]
[971]    3  [31]

 [40] ******************************************************

 [8 , 14, 31]  73554.422273 vs 72675.119132 >>  879.303141  :  956.218750  (51)
[1]    27  [8, 14, 31]
[2]    52  [8, 14, 31]
[3]    56  [8, 14]
[4]    84  [8, 14, 31]
[5]    77  [8, 14, 31]
[6]    71  [8, 14, 31]
[7]    48  [8, 14, 31]
[8]    50  [8, 14, 31]
[9]    75  [8, 14, 31]
[10]    71  [8, 14, 31]
[11]    55  [8, 31]
[12]    40  [8, 31]
[13]    36  [8]
[14]    23  [8, 31]
[15]    7  [8, 14]
[19]    9  [8]
[28]    9  [8, 14, 31]
[33]    1  [8, 14, 31]
[54]    2  [8]
[55]    3  [8]
[79]    1  [14]
[84]    8  [14]
[92]    7  [8, 14]
[93]    12  [8, 14, 31]
[102]    5  [14]
[137]    5  [8, 14, 31]
[170]    1  [31]
[171]    7  [14]
[175]    4  [8, 14, 31]
[179]    2  [14, 31]
[180]    2  [14]
[181]    2  [14]
[183]    1  [14]
[207]    4  [14]
[208]    1  [8]
[211]    5  [14]
[233]    0  [14]
[241]    1  [14]
[259]    43  [8, 14, 31]
[268]    0  [14]
[295]    4  [8]
[302]    4  [31]
[309]    0  [8]
[332]    2  [14, 31]
[335]    5  [14, 31]
[401]    1  [8]
[403]    4  [14, 31]
[538]    5  [31]
[566]    9  [14, 31]
[703]    6  [14]
[746]    4  [14]
[774]    5  [14]
[938]    3  [14]
[943]    2  [8, 14, 31]
[951]    10  [14, 31]

 [30] ******************************************************

 [8 , 14, 31]  62483.579989 vs 62209.617848 >>  273.962140  :  1201.921875  (62)
[1]    16  [8, 14, 31]
[2]    61  [8, 14, 31]
[3]    68  [8, 14]
[4]    74  [8, 14, 31]
[5]    68  [8, 14, 31]
[6]    90  [8, 14, 31]
[7]    55  [8, 14, 31]
[8]    47  [8, 14, 31]
[9]    70  [8, 14, 31]
[10]    63  [8, 14, 31]
[11]    57  [8, 31]
[12]    41  [8, 31]
[13]    33  [8]
[14]    19  [8, 31]
[15]    27  [8, 14]
[19]    35  [8]
[27]    5  [8, 14, 31]
[28]    52  [8, 14, 31]
[33]    3  [14]
[48]    2  [8]
[53]    1  [8]
[54]    7  [8]
[55]    7  [8]
[56]    24  [8, 14, 31]
[62]    3  [8]
[70]    1  [14]
[84]    18  [14]
[92]    9  [8, 14]
[93]    14  [8, 14, 31]
[175]    15  [14]
[176]    5  [14]
[179]    3  [8]
[180]    3  [14]
[181]    0  [14]
[209]    10  [14]
[211]    13  [14]
[212]    0  [14]
[238]    4  [14]
[241]    2  [14]
[242]    3  [14]
[258]    15  [8, 14]
[259]    40  [8, 14, 31]
[291]    4  [31]
[323]    3  [8]
[336]    1  [14]
[365]    1  [8]
[369]    10  [14]
[376]    8  [14]
[460]    7  [31]
[509]    18  [8, 14, 31]
[566]    12  [14]
[602]    3  [8]
[697]    9  [14]
[703]    5  [14]
[746]    10  [14]
[773]    0  [8, 14]
[774]    3  [14]
[775]    4  [8]
[782]    7  [8]
[876]    4  [14]
[940]    4  [14]
[943]    10  [8, 14, 31]
[951]    7  [14]