

 [80] ******************************************************

 [3 , 39, 44]  192129.397680 vs 188315.075262 >>  3814.322419  :  281.265625  (2)
 [5]    135.296875 (3)  [3, 39, 44]
 [12]    145.968750 (2)  [3, 44]

 [70] ******************************************************

 [22 , 31, 63]  159044.609240 vs 155835.365388 >>  3209.243852  :  596.421875  (3)
 [14]    183.562500 (1)  [31]
 [150]    176.031250 (2)  [31, 63]
 [853]    239.359375 (2)  [22, 31]

 [60] ******************************************************

 [31 , 42, 63]  136158.699355 vs 133538.663779 >>  2620.035576  :  1038.078125  (3)
 [14]    343.218750 (2)  [31, 42]
 [20]    281.640625 (2)  [31, 42]
 [150]    413.218750 (3)  [31, 42, 63]

 [50] ******************************************************

 [31 , 42, 63]  118403.661005 vs 115639.153150 >>  2764.507855  :  1114.046875  (3)
 [14]    389.796875 (2)  [31, 42]
 [20]    282.718750 (2)  [31, 42]
 [150]    441.531250 (3)  [31, 42, 63]

 [40] ******************************************************

 [18 , 31, 39]  100180.338028 vs 97618.358848 >>  2561.979180  :  1320.625000  (3)
 [5]    433.359375 (3)  [18, 31, 39]
 [14]    467.906250 (3)  [18, 31, 39]
 [192]    419.359375 (2)  [18, 31]

 [30] ******************************************************

 [22 , 53, 58]  80083.370882 vs 77835.013968 >>  2248.356914  :  1767.671875  (3)
 [33]    596.921875 (3)  [22, 53, 58]
 [128]    568.687500 (1)  [58]
 [853]    602.062500 (3)  [22, 53, 58]