

 [80] ******************************************************

 [10 , 44, 56]  121891.745328 vs 116826.966561 >>  5064.778767  :  303.171875  (3)
 [722]    76.765625 (3)
 [755]    132.828125 (3)
 [788]    93.578125 (2)

 [70] ******************************************************

 [10 , 44, 56]  100181.443032 vs 96829.832210 >>  3351.610822  :  553.125000  (3)
 [722]    187.390625 (3)
 [755]    111.406250 (3)
 [788]    254.328125 (2)

 [60] ******************************************************

 [10 , 44, 56]  86232.334477 vs 83922.213002 >>  2310.121475  :  1095.765625  (3)
 [722]    297.015625 (3)
 [755]    419.531250 (3)
 [788]    379.218750 (2)

 [50] ******************************************************

 [10 , 44, 56]  75162.802696 vs 73468.376465 >>  1694.426231  :  1288.781250  (4)
 [722]    381.218750 (3)
 [755]    410.937500 (3)
 [788]    395.390625 (2)
 [821]    101.234375 (3)

 [40] ******************************************************

 [10 , 44, 56]  64956.747797 vs 63692.436770 >>  1264.311027  :  1436.515625  (7)
 [536]    1.312500 (1)
 [722]    439.500000 (3)
 [755]    394.156250 (3)
 [777]    1.781250 (1)
 [788]    372.625000 (2)
 [794]    4.718750 (1)
 [821]    222.421875 (3)

 [30] ******************************************************

 [10 , 44, 56]  54436.507764 vs 53576.225566 >>  860.282198  :  2228.062500  (11)
 [299]    9.109375 (1)
 [568]    4.343750 (1)
 [705]    1.812500 (1)
 [722]    513.531250 (3)
 [745]    4.640625 (1)
 [755]    593.156250 (3)
 [777]    0.781250 (1)
 [788]    747.265625 (2)
 [800]    1.796875 (1)
 [821]    347.406250 (3)
 [946]    5.015625 (1)