basis_ent0 = 0.009615
 [4 , 19, 58]  0.009615 + 0.006718 >>  0.013845  :  1945.187500  (26)
 [4 , 11, 21]  0.009615 + 0.008490 <  0.013845  :  1857.531250  (32)
 [4 , 12, 24]  0.009615 + 0.006045 <  0.013845  :  1750.578125  (27)
 [4 , 11, 14]  0.009615 + 0.007386 <  0.013845  :  1740.828125  (29)
 [4 , 11, 25]  0.009615 + 0.006842 <  0.013845  :  1722.125000  (27)
 [4 , 11, 43]  0.009615 + 0.007580 <  0.013845  :  1721.062500  (30)
 [4 , 10, 11]  0.009615 + 0.007889 <  0.013845  :  1715.796875  (32)
 [4 , 6, 11]  0.009615 + 0.007714 <  0.013845  :  1713.750000  (30)
 [4 , 11, 62]  0.009615 + 0.007000 <  0.013845  :  1713.546875  (28)
 [4 , 11, 17]  0.009615 + 0.007869 <  0.013845  :  1710.187500  (34)

 [4 , 61, 99]  0.009615 + 0.006996 <  0.009230  :  1634.171875  (31)
 [4 , 39, 99]  0.009615 + 0.007091 <  0.009230  :  1603.125000  (30)
 [4 , 17, 99]  0.009615 + 0.006746 <  0.009230  :  1592.156250  (27)
 [4 , 44, 99]  0.009615 + 0.006580 <  0.009230  :  1592.156250  (23)
 [4 , 59, 99]  0.009615 + 0.007009 <  0.009230  :  1590.000000  (26)
 [4 , 8, 99]  0.009615 + 0.006781 <  0.009230  :  1587.984375  (24)
 [4 , 41, 99]  0.009615 + 0.006735 <  0.009230  :  1586.156250  (24)
 [4 , 34, 99]  0.009615 + 0.006794 <  0.009230  :  1585.250000  (25)
 [4 , 27, 99]  0.009615 + 0.006761 <  0.009230  :  1585.109375  (25)
 [4 , 16, 99]  0.009615 + 0.006967 <  0.009230  :  1584.625000  (25)

 [4 , 99, 99]  0.009615 + 0.007592 <  0.004615  :  1564.265625  (23)
 [61 , 99, 99]  0.009615 + 0.000435 <  0.004615  :  32.062500  (7)
 [59 , 99, 99]  0.009615 + 0.000077 <  0.004615  :  19.140625  (3)
 [39 , 99, 99]  0.009615 + 0.000348 <  0.004615  :  18.265625  (7)
 [17 , 99, 99]  0.009615 + 0.000064 <  0.004615  :  16.515625  (2)
 [16 , 99, 99]  0.009615 + 0.000092 <  0.004615  :  16.328125  (3)
 [34 , 99, 99]  0.009615 + 0.000142 <  0.004615  :  13.703125  (2)
 [0 , 99, 99]  0.009615 + 0.000129 <  0.004615  :  12.890625  (4)
 [27 , 99, 99]  0.009615 + 0.000007 <  0.004615  :  11.531250  (1)
 [38 , 99, 99]  0.009615 + 0.000148 <  0.004615  :  10.062500  (3)
4, 19, 58