 [39 , 46, 59]  0.015039 + 0.001729 >>  0.016445  :  2921.546875  (53)
 [20 , 46, 59]  0.015039 + 0.001730 <  0.016445  :  2777.546875  (46)
 [37 , 46, 59]  0.015039 + 0.001489 <  0.016445  :  2659.265625  (47)
 [46 , 56, 59]  0.015039 + 0.001400 <  0.016445  :  2644.281250  (47)
 [2 , 46, 59]  0.015039 + 0.001400 <  0.016445  :  2607.796875  (48)
 [46 , 47, 59]  0.015039 + 0.001371 <  0.016445  :  2601.093750  (46)
 [46 , 48, 59]  0.015039 + 0.001371 <  0.016445  :  2601.093750  (46)
 [46 , 49, 59]  0.015039 + 0.001371 <  0.016445  :  2601.093750  (46)
 [46 , 50, 59]  0.015039 + 0.001371 <  0.016445  :  2601.093750  (46)
 [46 , 51, 59]  0.015039 + 0.001371 <  0.016445  :  2601.093750  (46)

 [46 , 59, 99]  0.015039 + 0.001371 <  0.010963  :  2601.093750  (46)
 [20 , 46, 99]  0.015039 + 0.000585 <  0.010963  :  2005.687500  (20)
 [39 , 46, 99]  0.015039 + 0.000363 <  0.010963  :  1813.484375  (21)
 [46 , 51, 99]  0.015039 + 0.000355 <  0.010963  :  1792.093750  (20)
 [24 , 46, 99]  0.015039 + 0.000344 <  0.010963  :  1789.578125  (20)
 [31 , 46, 99]  0.015039 + 0.000393 <  0.010963  :  1771.328125  (21)
 [6 , 46, 99]  0.015039 + 0.000389 <  0.010963  :  1745.859375  (20)
 [5 , 46, 99]  0.015039 + 0.000625 <  0.010963  :  1738.656250  (20)
 [46 , 50, 99]  0.015039 + 0.000378 <  0.010963  :  1734.828125  (20)
 [46 , 55, 99]  0.015039 + 0.000510 <  0.010963  :  1726.734375  (20)

 [46 , 99, 99]  0.015039 + 0.000319 <  0.005482  :  1655.406250  (19)
 [59 , 99, 99]  0.015039 + 0.001170 <  0.005482  :  1003.859375  (28)
 [20 , 99, 99]  0.015039 + 0.000266 <  0.005482  :  350.281250  (1)
 [48 , 99, 99]  0.015039 + 0.001101 <  0.005482  :  318.828125  (4)
 [6 , 99, 99]  0.015039 + 0.000173 <  0.005482  :  163.984375  (2)
 [39 , 99, 99]  0.015039 + 0.000043 <  0.005482  :  158.078125  (2)
 [51 , 99, 99]  0.015039 + 0.000036 <  0.005482  :  136.687500  (1)
 [24 , 99, 99]  0.015039 + 0.000025 <  0.005482  :  134.171875  (1)
 [31 , 99, 99]  0.015039 + 0.000073 <  0.005482  :  115.921875  (2)
 [27 , 99, 99]  0.015039 + 0.000135 <  0.005482  :  108.265625  (1)
39, 46, 59