

 Use image  :  cameraman.bmp




  Relationship between basis and replaceable basis


  Number of basis used : 0, 1 


  [basis number] : Number of substitutable basis for basis number 


 *Total on the right : Number of replacements (Be done)

  Total below : Number of replacements (To do)


  Of the amount of improvement  : 0 ~ 10.000000

----------------------------------------------------------------------------------

 +----+----+----+----+----+----+----+----+----+----+----+----+----+----+----+----+----+----+----+----+----+----+----+----+----+----+----+----+----+----+----+----+----+----+----+----+----+----+----+----+----+----+----+----+----+----+----+----+----+----+----+----+----+----+----+----+----+----+----+----+----+----+----+----+----+----+
 | ## |[ 0]|[ 1]|[ 2]|[ 3]|[ 4]|[ 5]|[ 6]|[ 7]|[ 8]|[ 9]|[10]|[11]|[12]|[13]|[14]|[15]|[16]|[17]|[18]|[19]|[20]|[21]|[22]|[23]|[24]|[25]|[26]|[27]|[28]|[29]|[30]|[31]|[32]|[33]|[34]|[35]|[36]|[37]|[38]|[39]|[40]|[41]|[42]|[43]|[44]|[45]|[46]|[47]|[48]|[49]|[50]|[51]|[52]|[53]|[54]|[55]|[56]|[57]|[58]|[59]|[60]|[61]|[62]|[63]| ## |                                                                                    
 +----+----+----+----+----+----+----+----+----+----+----+----+----+----+----+----+----+----+----+----+----+----+----+----+----+----+----+----+----+----+----+----+----+----+----+----+----+----+----+----+----+----+----+----+----+----+----+----+----+----+----+----+----+----+----+----+----+----+----+----+----+----+----+----+----+----+
 |[ 0]| ## |  51|    |  51|  60|    |  56|  50|  50|  51|  51|  59|  55|    |    |  58|  54|    |    |  56|  52|    |  50|  55|  55|    |  50|    |  61|    |  54|    |    |  53|    |  56|  56|  51|  50|    |    |  55|  54|    |  51|    |  55|  51|  54|  51|    |  52|  56|  51|    |  53|  53|    |    |  55|  60|    |    |  59|[ 0]|
 +----+----+----+----+----+----+----+----+----+----+----+----+----+----+----+----+----+----+----+----+----+----+----+----+----+----+----+----+----+----+----+----+----+----+----+----+----+----+----+----+----+----+----+----+----+----+----+----+----+----+----+----+----+----+----+----+----+----+----+----+----+----+----+----+----+----+
 |[ 1]|    | ## |    |  52|  62|    |  51|    |  52|  53|    |  57|  52|    |  51|  58|  58|    |    |  58|  51|    |    |  57|  55|    |  52|    |  59|    |  56|  54|    |  52|    |  58|  55|  55|  53|  56|  53|  55|  57|    |  54|  50|  59|  57|    |  51|  50|  52|  61|  51|    |  51|  55|  52|    |  57|  58|    |    |  56|[ 1]|
 +----+----+----+----+----+----+----+----+----+----+----+----+----+----+----+----+----+----+----+----+----+----+----+----+----+----+----+----+----+----+----+----+----+----+----+----+----+----+----+----+----+----+----+----+----+----+----+----+----+----+----+----+----+----+----+----+----+----+----+----+----+----+----+----+----+----+
 |[ 2]|    |    | ## |    |  65|    |  54|  50|  52|  53|    |  61|  50|  53|  51|  60|  54|    |    |  57|  54|    |  52|  55|    |    |  53|    |  62|    |  59|  57|    |  57|    |  53|  56|  50|  55|  52|  55|  57|  57|    |  51|  51|  58|    |  56|  51|  50|  52|  61|  50|    |  53|  53|  53|    |  56|  62|    |    |  58|[ 2]|
 +----+----+----+----+----+----+----+----+----+----+----+----+----+----+----+----+----+----+----+----+----+----+----+----+----+----+----+----+----+----+----+----+----+----+----+----+----+----+----+----+----+----+----+----+----+----+----+----+----+----+----+----+----+----+----+----+----+----+----+----+----+----+----+----+----+----+
 |[ 3]|    |  50|    | ## |  58|    |  51|    |    |    |    |  59|  51|    |  51|  57|  53|    |    |  56|  54|    |  50|  52|  54|    |  50|    |  54|    |  56|  53|    |  56|    |  55|  51|  56|    |  53|    |  55|  57|    |    |  51|  58|    |    |    |  51|  55|  58|    |    |  50|  54|  54|    |  55|  58|    |    |  55|[ 3]|
 +----+----+----+----+----+----+----+----+----+----+----+----+----+----+----+----+----+----+----+----+----+----+----+----+----+----+----+----+----+----+----+----+----+----+----+----+----+----+----+----+----+----+----+----+----+----+----+----+----+----+----+----+----+----+----+----+----+----+----+----+----+----+----+----+----+----+
 |[ 4]|    |    |    |    | ## |    |    |    |    |    |    |  58|  51|    |    |  54|  50|    |    |  59|    |    |    |  53|  50|    |  51|    |  57|    |  57|    |    |    |    |  57|    |  52|    |  54|    |  52|  53|    |    |    |  57|    |  50|    |  52|  52|  58|    |    |    |  54|    |    |  54|  54|    |    |  57|[ 4]|
 +----+----+----+----+----+----+----+----+----+----+----+----+----+----+----+----+----+----+----+----+----+----+----+----+----+----+----+----+----+----+----+----+----+----+----+----+----+----+----+----+----+----+----+----+----+----+----+----+----+----+----+----+----+----+----+----+----+----+----+----+----+----+----+----+----+----+
 |[ 5]|    |    |    |    |  62| ## |  52|    |    |  50|    |  59|    |    |    |  58|  54|    |    |  56|  50|    |    |  54|  52|    |    |    |  58|    |  53|    |    |  54|    |  57|    |  50|    |  54|    |  54|  54|    |    |    |  52|  51|    |    |  53|    |  56|  52|    |  50|  54|    |    |  58|  56|    |    |  54|[ 5]|
 +----+----+----+----+----+----+----+----+----+----+----+----+----+----+----+----+----+----+----+----+----+----+----+----+----+----+----+----+----+----+----+----+----+----+----+----+----+----+----+----+----+----+----+----+----+----+----+----+----+----+----+----+----+----+----+----+----+----+----+----+----+----+----+----+----+----+
 |[ 6]|  51|    |    |  50|  63|    | ## |    |    |    |    |  58|  52|  50|  50|  58|  56|    |    |  58|    |  50|    |  56|  52|    |    |    |  55|    |  56|  53|    |  57|    |  57|  52|  54|  51|  54|  51|  58|  54|    |  53|    |  57|  53|  54|  56|  52|  56|  55|  51|    |  54|  56|  51|    |  57|  58|  50|    |  55|[ 6]|
 +----+----+----+----+----+----+----+----+----+----+----+----+----+----+----+----+----+----+----+----+----+----+----+----+----+----+----+----+----+----+----+----+----+----+----+----+----+----+----+----+----+----+----+----+----+----+----+----+----+----+----+----+----+----+----+----+----+----+----+----+----+----+----+----+----+----+
 |[ 7]|    |    |    |    |  59|    |  50| ## |  54|  50|    |  58|  51|  50|  51|  58|  53|    |    |  53|  52|  50|  50|  51|  53|    |  55|    |  57|    |  57|    |    |  55|    |  52|  50|  52|  53|  56|    |  59|  54|    |    |    |  57|  51|  51|  53|  52|  54|  57|    |    |  52|  54|    |    |  57|  53|    |    |  52|[ 7]|
 +----+----+----+----+----+----+----+----+----+----+----+----+----+----+----+----+----+----+----+----+----+----+----+----+----+----+----+----+----+----+----+----+----+----+----+----+----+----+----+----+----+----+----+----+----+----+----+----+----+----+----+----+----+----+----+----+----+----+----+----+----+----+----+----+----+----+
 |[ 8]|    |  53|    |  51|  63|    |  53|  55| ## |  52|    |  61|  54|    |    |  65|  57|    |    |  56|  59|    |  51|  58|  54|    |  53|  51|  63|    |  56|  50|    |  59|    |  59|  54|  56|  55|  54|    |  59|  54|    |    |  51|  60|  54|  53|  51|  51|  56|  57|    |    |  54|  56|  54|    |  57|  57|    |    |  58|[ 8]|
 +----+----+----+----+----+----+----+----+----+----+----+----+----+----+----+----+----+----+----+----+----+----+----+----+----+----+----+----+----+----+----+----+----+----+----+----+----+----+----+----+----+----+----+----+----+----+----+----+----+----+----+----+----+----+----+----+----+----+----+----+----+----+----+----+----+----+
 |[ 9]|    |  50|    |    |  60|    |    |    |    | ## |    |  55|  52|    |    |  54|    |    |    |  55|  53|  52|    |  51|  50|    |  54|    |  61|    |  53|  50|    |  56|    |  54|  55|  52|  50|  52|    |  54|  55|    |    |  51|  56|    |    |  51|    |  52|  58|    |    |    |  57|    |    |  55|  60|    |    |  56|[ 9]|
 +----+----+----+----+----+----+----+----+----+----+----+----+----+----+----+----+----+----+----+----+----+----+----+----+----+----+----+----+----+----+----+----+----+----+----+----+----+----+----+----+----+----+----+----+----+----+----+----+----+----+----+----+----+----+----+----+----+----+----+----+----+----+----+----+----+----+
 |[10]|  50|    |    |  52|  61|    |  53|    |  50|  50| ## |  56|  52|  50|    |  58|  54|    |    |  59|  52|  50|    |  59|  54|    |  52|    |  58|    |  56|    |    |  52|    |  55|  52|  53|    |    |  52|  54|  55|    |  50|    |  52|  50|  52|    |  50|    |  53|  53|    |    |  52|    |    |  63|  57|    |    |  57|[10]|
 +----+----+----+----+----+----+----+----+----+----+----+----+----+----+----+----+----+----+----+----+----+----+----+----+----+----+----+----+----+----+----+----+----+----+----+----+----+----+----+----+----+----+----+----+----+----+----+----+----+----+----+----+----+----+----+----+----+----+----+----+----+----+----+----+----+----+
 |[11]|    |    |    |  52|  66|  50|  51|  50|  51|    |    | ## |    |    |  50|  62|  56|    |    |  60|  51|  51|    |  58|  51|    |  53|  50|  58|    |  55|  51|    |  56|    |  57|  52|  52|  50|  54|  52|  55|  60|    |    |  52|  61|  51|  54|  52|  51|  59|  60|  51|    |  56|  59|  50|    |  58|  57|    |    |  57|[11]|
 +----+----+----+----+----+----+----+----+----+----+----+----+----+----+----+----+----+----+----+----+----+----+----+----+----+----+----+----+----+----+----+----+----+----+----+----+----+----+----+----+----+----+----+----+----+----+----+----+----+----+----+----+----+----+----+----+----+----+----+----+----+----+----+----+----+----+
 |[12]|  51|    |    |  51|  66|    |  53|    |  51|  53|    |  55| ## |    |  51|  58|  56|    |    |  63|  52|    |    |  56|  52|    |    |    |  63|    |  58|  54|    |  57|    |  60|  52|  57|  50|  53|    |  60|  53|    |  52|  51|  58|  51|  51|  52|  55|  57|  58|  53|    |  50|  57|  50|    |  58|  56|    |    |  59|[12]|
 +----+----+----+----+----+----+----+----+----+----+----+----+----+----+----+----+----+----+----+----+----+----+----+----+----+----+----+----+----+----+----+----+----+----+----+----+----+----+----+----+----+----+----+----+----+----+----+----+----+----+----+----+----+----+----+----+----+----+----+----+----+----+----+----+----+----+
 |[13]|    |    |    |    |  66|  50|  54|  52|    |    |    |  58|  52| ## |  53|  60|  56|    |    |  58|  52|  51|    |  57|  54|    |    |  52|  60|    |  56|  51|    |  54|  51|  55|  51|  55|  50|  56|  54|  57|  55|    |    |    |  62|  53|  52|  56|  56|  54|  58|  50|    |  50|  57|  51|    |  56|  59|    |    |  55|[13]|
 +----+----+----+----+----+----+----+----+----+----+----+----+----+----+----+----+----+----+----+----+----+----+----+----+----+----+----+----+----+----+----+----+----+----+----+----+----+----+----+----+----+----+----+----+----+----+----+----+----+----+----+----+----+----+----+----+----+----+----+----+----+----+----+----+----+----+
 |[14]|    |  51|    |  53|  61|    |  52|  52|    |    |    |  59|  53|  52| ## |  57|  55|    |    |  58|  53|    |    |  54|  51|    |  52|    |  57|    |  56|    |    |  51|    |  58|  52|  56|  50|  57|  52|  58|  54|    |  51|    |  57|    |  52|  53|  53|  55|  59|  52|    |  51|  57|  51|    |  62|  56|    |    |  56|[14]|
 +----+----+----+----+----+----+----+----+----+----+----+----+----+----+----+----+----+----+----+----+----+----+----+----+----+----+----+----+----+----+----+----+----+----+----+----+----+----+----+----+----+----+----+----+----+----+----+----+----+----+----+----+----+----+----+----+----+----+----+----+----+----+----+----+----+----+
 |[15]|    |    |    |  51|  63|  50|  52|  50|  55|    |    |  63|  52|  51|    | ## |  59|    |    |  60|  53|  50|    |  59|  53|    |  51|    |  59|    |  61|  52|    |  54|    |  56|  53|  52|  54|  53|  50|  59|  56|    |    |  50|  56|  53|  50|  52|  53|  57|  55|  50|    |  52|  58|  51|    |  58|  56|    |    |  54|[15]|
 +----+----+----+----+----+----+----+----+----+----+----+----+----+----+----+----+----+----+----+----+----+----+----+----+----+----+----+----+----+----+----+----+----+----+----+----+----+----+----+----+----+----+----+----+----+----+----+----+----+----+----+----+----+----+----+----+----+----+----+----+----+----+----+----+----+----+
 |[16]|    |  50|    |    |  59|    |  51|    |    |    |    |  57|  50|    |    |  59| ## |    |    |  58|  50|    |    |  58|  52|    |    |    |  58|    |  56|  50|    |  53|    |  57|  54|  52|  54|  54|  50|  55|  52|    |    |    |  59|  51|  53|  51|    |  53|  58|  50|    |    |  56|  50|    |  59|  59|    |    |  55|[16]|
 +----+----+----+----+----+----+----+----+----+----+----+----+----+----+----+----+----+----+----+----+----+----+----+----+----+----+----+----+----+----+----+----+----+----+----+----+----+----+----+----+----+----+----+----+----+----+----+----+----+----+----+----+----+----+----+----+----+----+----+----+----+----+----+----+----+----+
 |[17]|    |    |  52|  52|  66|    |  56|  53|  52|  55|    |  65|  53|    |  51|  61|  56| ## |    |  62|  54|  52|  51|  59|  53|    |  51|  51|  57|    |  58|  57|    |  51|  50|  64|  55|  58|  57|  56|    |  58|  58|    |    |  54|  57|  50|  56|  53|  58|  60|  61|  51|    |    |  59|  55|    |  58|  58|    |    |  58|[17]|
 +----+----+----+----+----+----+----+----+----+----+----+----+----+----+----+----+----+----+----+----+----+----+----+----+----+----+----+----+----+----+----+----+----+----+----+----+----+----+----+----+----+----+----+----+----+----+----+----+----+----+----+----+----+----+----+----+----+----+----+----+----+----+----+----+----+----+
 |[18]|    |    |    |  52|  62|    |  50|  52|    |  52|    |  57|  58|    |  51|  61|  54|    | ## |  57|  55|    |    |  54|  54|    |  53|    |  55|    |  54|  52|    |  52|    |  59|  53|  58|  51|  57|    |  57|  52|    |    |    |  61|  50|  51|  51|  54|  54|  54|  50|    |  54|  59|    |    |  59|  60|    |    |  57|[18]|
 +----+----+----+----+----+----+----+----+----+----+----+----+----+----+----+----+----+----+----+----+----+----+----+----+----+----+----+----+----+----+----+----+----+----+----+----+----+----+----+----+----+----+----+----+----+----+----+----+----+----+----+----+----+----+----+----+----+----+----+----+----+----+----+----+----+----+
 |[19]|    |    |    |    |  66|    |  51|    |    |    |    |  59|  55|    |    |  59|  55|    |    | ## |  54|    |    |  55|  54|    |  51|    |  56|    |  54|  51|    |  52|    |  58|  50|  56|  50|  52|    |  57|  56|    |    |  51|  58|  50|  50|    |  55|  52|  61|    |    |  50|  55|  50|    |  54|  57|    |    |  52|[19]|
 +----+----+----+----+----+----+----+----+----+----+----+----+----+----+----+----+----+----+----+----+----+----+----+----+----+----+----+----+----+----+----+----+----+----+----+----+----+----+----+----+----+----+----+----+----+----+----+----+----+----+----+----+----+----+----+----+----+----+----+----+----+----+----+----+----+----+
 |[20]|    |    |    |  51|  61|    |    |    |  53|  52|    |  55|    |    |    |  57|  53|    |    |  59| ## |    |    |  55|  54|    |  50|    |  61|    |  56|    |    |  51|    |  54|  52|  52|  52|  51|    |  55|  55|    |    |  52|  55|    |  50|  50|  50|  50|  56|    |    |  52|  58|    |    |  55|  60|    |    |  52|[20]|
 +----+----+----+----+----+----+----+----+----+----+----+----+----+----+----+----+----+----+----+----+----+----+----+----+----+----+----+----+----+----+----+----+----+----+----+----+----+----+----+----+----+----+----+----+----+----+----+----+----+----+----+----+----+----+----+----+----+----+----+----+----+----+----+----+----+----+
 |[21]|    |    |    |    |  64|    |  52|    |    |  54|    |  58|  50|    |    |  57|  54|    |    |  57|  50| ## |  54|  54|    |    |  53|  53|  56|    |  55|  50|    |  54|    |  59|  52|  58|  53|  53|    |  59|  56|  51|  51|  50|  58|  50|    |  51|  50|  55|  58|    |    |    |  59|  50|    |  60|  56|    |    |  55|[21]|
 +----+----+----+----+----+----+----+----+----+----+----+----+----+----+----+----+----+----+----+----+----+----+----+----+----+----+----+----+----+----+----+----+----+----+----+----+----+----+----+----+----+----+----+----+----+----+----+----+----+----+----+----+----+----+----+----+----+----+----+----+----+----+----+----+----+----+
 |[22]|    |    |    |  53|  61|    |  53|  52|  51|    |    |  58|  50|    |    |  57|  52|    |    |  57|  54|  56| ## |  56|    |    |    |    |  56|    |  59|    |    |  52|    |  57|  53|  55|  50|  51|    |  56|  53|  52|  53|    |  56|  50|  52|  52|  50|  57|  62|  51|    |  51|  55|  50|    |  52|  57|    |    |  56|[22]|
 +----+----+----+----+----+----+----+----+----+----+----+----+----+----+----+----+----+----+----+----+----+----+----+----+----+----+----+----+----+----+----+----+----+----+----+----+----+----+----+----+----+----+----+----+----+----+----+----+----+----+----+----+----+----+----+----+----+----+----+----+----+----+----+----+----+----+
 |[23]|    |    |    |    |  63|    |  52|    |  50|    |  50|  60|  51|    |    |  60|  58|    |    |  58|  53|    |    | ## |  50|    |  51|    |  54|    |  59|  51|    |  53|    |  57|  50|  53|  51|  53|  52|  53|  56|  51|    |  51|  52|  51|  53|  52|  53|  54|  58|  51|    |  52|  54|  51|    |  57|  60|    |    |  57|[23]|
 +----+----+----+----+----+----+----+----+----+----+----+----+----+----+----+----+----+----+----+----+----+----+----+----+----+----+----+----+----+----+----+----+----+----+----+----+----+----+----+----+----+----+----+----+----+----+----+----+----+----+----+----+----+----+----+----+----+----+----+----+----+----+----+----+----+----+
 |[24]|  50|  52|    |  53|  64|    |  53|  51|  51|  50|    |  58|  52|  50|    |  59|  57|    |    |  61|  56|    |    |  55| ## |    |  52|    |  59|    |  57|  50|    |  54|    |  58|  54|  58|  53|  55|  55|  59|  54|  51|  50|  51|  63|  54|  53|  51|  55|  56|  55|  54|    |  52|  55|    |    |  54|  59|    |    |  58|[24]|
 +----+----+----+----+----+----+----+----+----+----+----+----+----+----+----+----+----+----+----+----+----+----+----+----+----+----+----+----+----+----+----+----+----+----+----+----+----+----+----+----+----+----+----+----+----+----+----+----+----+----+----+----+----+----+----+----+----+----+----+----+----+----+----+----+----+----+
 |[25]|  51|    |    |  53|  61|    |  51|    |  50|  52|    |  55|  52|    |    |  59|  53|    |    |  59|  59|    |    |  54|  57| ## |  51|    |  59|    |  54|    |    |  56|    |  50|    |  53|  54|    |  53|  57|  54|    |    |    |  54|    |    |    |    |  52|  52|    |    |  51|  50|    |    |  54|  56|    |    |  55|[25]|
 +----+----+----+----+----+----+----+----+----+----+----+----+----+----+----+----+----+----+----+----+----+----+----+----+----+----+----+----+----+----+----+----+----+----+----+----+----+----+----+----+----+----+----+----+----+----+----+----+----+----+----+----+----+----+----+----+----+----+----+----+----+----+----+----+----+----+
 |[26]|    |    |    |    |  64|    |    |  52|    |  53|    |  59|    |    |    |  55|  52|    |    |  57|  51|  50|    |  55|  51|    | ## |    |  54|    |  54|    |    |  52|    |  53|  50|  52|    |  52|  51|  51|  56|    |    |    |  55|    |    |  52|    |  53|  60|  51|    |  53|  58|    |    |  58|  55|    |    |  55|[26]|
 +----+----+----+----+----+----+----+----+----+----+----+----+----+----+----+----+----+----+----+----+----+----+----+----+----+----+----+----+----+----+----+----+----+----+----+----+----+----+----+----+----+----+----+----+----+----+----+----+----+----+----+----+----+----+----+----+----+----+----+----+----+----+----+----+----+----+
 |[27]|    |    |    |    |  60|    |  52|    |  52|    |    |  60|    |  52|    |  55|  54|    |    |  58|    |  55|    |  55|    |    |  51| ## |  59|    |  52|    |    |  51|    |  57|  51|    |  51|    |    |  51|  54|    |    |    |  57|    |    |    |  57|  53|  56|    |    |    |  58|    |    |  58|  55|    |    |  54|[27]|
 +----+----+----+----+----+----+----+----+----+----+----+----+----+----+----+----+----+----+----+----+----+----+----+----+----+----+----+----+----+----+----+----+----+----+----+----+----+----+----+----+----+----+----+----+----+----+----+----+----+----+----+----+----+----+----+----+----+----+----+----+----+----+----+----+----+----+
 |[28]|    |    |    |    |  61|    |    |    |    |  51|    |  55|  52|    |    |  55|  53|    |    |  54|  53|    |    |    |  50|    |    |    | ## |    |  52|  50|    |  54|    |  56|  50|  52|    |  51|    |  53|  54|    |    |    |  54|    |  50|    |  51|  51|  56|    |    |    |  56|    |    |  53|  57|    |    |  57|[28]|
 +----+----+----+----+----+----+----+----+----+----+----+----+----+----+----+----+----+----+----+----+----+----+----+----+----+----+----+----+----+----+----+----+----+----+----+----+----+----+----+----+----+----+----+----+----+----+----+----+----+----+----+----+----+----+----+----+----+----+----+----+----+----+----+----+----+----+
 |[29]|    |    |    |  51|  60|    |  52|    |  53|    |    |  57|    |    |    |  53|  59|    |    |  61|  50|    |  51|  54|  56|    |    |    |  55| ## |  55|  55|    |  57|    |  57|  54|  53|  54|  53|    |  55|  52|  52|    |  54|  57|  53|    |  51|  52|  56|  60|  53|    |  53|  53|  54|    |  53|  57|    |    |  54|[29]|
 +----+----+----+----+----+----+----+----+----+----+----+----+----+----+----+----+----+----+----+----+----+----+----+----+----+----+----+----+----+----+----+----+----+----+----+----+----+----+----+----+----+----+----+----+----+----+----+----+----+----+----+----+----+----+----+----+----+----+----+----+----+----+----+----+----+----+
 |[30]|    |    |    |  50|  65|    |  51|  50|    |    |    |  56|  52|    |    |  61|  55|    |    |  56|  52|    |    |  58|  51|    |  50|    |  56|    | ## |  50|    |  53|    |  53|    |  51|    |  53|    |  57|  56|  51|    |  53|  58|  50|    |    |  51|  55|  57|    |    |  51|  58|  51|    |  55|  53|    |    |  50|[30]|
 +----+----+----+----+----+----+----+----+----+----+----+----+----+----+----+----+----+----+----+----+----+----+----+----+----+----+----+----+----+----+----+----+----+----+----+----+----+----+----+----+----+----+----+----+----+----+----+----+----+----+----+----+----+----+----+----+----+----+----+----+----+----+----+----+----+----+
 |[31]|    |  52|    |  53|  64|    |  54|    |    |  51|    |  58|  54|    |    |  58|  55|    |    |  59|  51|    |    |  56|  51|    |    |    |  61|    |  57| ## |    |  56|    |  62|  53|  54|  54|  58|  51|  52|  56|    |    |  55|  55|    |  50|    |  58|  55|  62|  50|    |  51|  57|  55|    |  59|  56|    |    |  58|[31]|
 +----+----+----+----+----+----+----+----+----+----+----+----+----+----+----+----+----+----+----+----+----+----+----+----+----+----+----+----+----+----+----+----+----+----+----+----+----+----+----+----+----+----+----+----+----+----+----+----+----+----+----+----+----+----+----+----+----+----+----+----+----+----+----+----+----+----+
 |[32]|    |    |    |  51|  65|    |  50|  50|  51|  52|    |  58|  52|    |  50|  59|  53|    |    |  59|  54|    |    |  54|  52|    |  51|    |  57|    |  52|    | ## |  56|    |  54|  50|  52|  58|  51|  50|  56|  53|    |    |  51|  57|    |  54|  51|  51|  57|  62|    |    |    |  51|    |    |  58|  59|    |    |  53|[32]|
 +----+----+----+----+----+----+----+----+----+----+----+----+----+----+----+----+----+----+----+----+----+----+----+----+----+----+----+----+----+----+----+----+----+----+----+----+----+----+----+----+----+----+----+----+----+----+----+----+----+----+----+----+----+----+----+----+----+----+----+----+----+----+----+----+----+----+
 |[33]|    |    |    |  50|  55|    |  51|    |    |  50|    |  56|  51|    |    |  54|  52|    |    |  54|    |    |    |  52|    |    |    |    |  57|    |  53|    |    | ## |    |  54|  50|    |    |    |  50|  50|  51|    |    |    |  53|    |    |    |    |  53|  57|    |    |    |  54|    |    |  51|  56|    |    |  50|[33]|
 +----+----+----+----+----+----+----+----+----+----+----+----+----+----+----+----+----+----+----+----+----+----+----+----+----+----+----+----+----+----+----+----+----+----+----+----+----+----+----+----+----+----+----+----+----+----+----+----+----+----+----+----+----+----+----+----+----+----+----+----+----+----+----+----+----+----+
 |[34]|    |    |    |  52|  68|    |  55|    |  50|  54|    |  62|  54|  55|  54|  59|  61|    |    |  62|  56|  55|    |  57|  54|    |  55|  52|  62|    |  56|  50|    |  55| ## |  58|  54|  58|  55|  55|  51|  61|  55|    |  51|    |  62|  50|  51|  55|  54|  56|  61|  51|    |  54|  65|  53|    |  58|  57|    |    |  58|[34]|
 +----+----+----+----+----+----+----+----+----+----+----+----+----+----+----+----+----+----+----+----+----+----+----+----+----+----+----+----+----+----+----+----+----+----+----+----+----+----+----+----+----+----+----+----+----+----+----+----+----+----+----+----+----+----+----+----+----+----+----+----+----+----+----+----+----+----+
 |[35]|    |    |    |    |  64|    |  51|    |    |    |    |  57|  53|    |    |  55|  55|    |    |  58|  50|  51|    |  55|  51|    |    |    |  58|    |  52|  54|    |  53|    | ## |  54|  55|    |  51|    |  57|  55|    |  51|    |  57|    |  51|    |  51|  55|  58|  54|    |  51|  56|    |    |  54|  56|    |    |  55|[35]|
 +----+----+----+----+----+----+----+----+----+----+----+----+----+----+----+----+----+----+----+----+----+----+----+----+----+----+----+----+----+----+----+----+----+----+----+----+----+----+----+----+----+----+----+----+----+----+----+----+----+----+----+----+----+----+----+----+----+----+----+----+----+----+----+----+----+----+
 |[36]|  50|  51|    |  50|  61|    |  52|    |  50|  54|    |  57|  50|    |    |  58|  58|    |    |  56|  53|  50|    |  53|  53|    |  50|    |  59|    |  53|  51|    |  55|    |  60| ## |  53|  53|  56|    |  58|  51|  51|  50|  50|  59|  50|  52|  50|  53|  53|  57|    |    |  52|  59|    |    |  58|  62|    |    |  58|[36]|
 +----+----+----+----+----+----+----+----+----+----+----+----+----+----+----+----+----+----+----+----+----+----+----+----+----+----+----+----+----+----+----+----+----+----+----+----+----+----+----+----+----+----+----+----+----+----+----+----+----+----+----+----+----+----+----+----+----+----+----+----+----+----+----+----+----+----+
 |[37]|    |    |    |  52|  63|    |  51|    |    |    |    |  55|  53|    |  50|  54|  53|    |    |  60|  51|  53|    |  55|  54|    |  50|    |  58|    |  53|  50|    |  51|    |  59|  50| ## |    |  53|    |  56|  58|    |  50|    |  58|    |    |  50|  51|  54|  58|  50|    |    |  58|  55|    |  55|  58|    |    |  55|[37]|
 +----+----+----+----+----+----+----+----+----+----+----+----+----+----+----+----+----+----+----+----+----+----+----+----+----+----+----+----+----+----+----+----+----+----+----+----+----+----+----+----+----+----+----+----+----+----+----+----+----+----+----+----+----+----+----+----+----+----+----+----+----+----+----+----+----+----+
 |[38]|    |  50|    |    |  61|    |  51|  51|  51|  50|    |  56|    |    |    |  60|  58|    |    |  57|  54|  51|    |  55|  52|    |    |    |  57|    |  55|  53|    |  52|    |  55|  54|  51| ## |  57|  52|  55|  54|    |    |    |  55|    |  51|    |  51|    |  56|    |    |  52|  54|    |    |  57|  55|    |    |  58|[38]|
 +----+----+----+----+----+----+----+----+----+----+----+----+----+----+----+----+----+----+----+----+----+----+----+----+----+----+----+----+----+----+----+----+----+----+----+----+----+----+----+----+----+----+----+----+----+----+----+----+----+----+----+----+----+----+----+----+----+----+----+----+----+----+----+----+----+----+
 |[39]|    |    |    |    |  65|    |  51|  51|    |    |    |  57|    |    |  51|  56|  55|    |    |  56|    |    |    |  55|  52|    |    |    |  57|    |  56|  53|    |  52|    |  55|  53|  53|  54| ## |  50|  57|  57|    |    |  50|  56|    |    |    |  53|  52|  59|    |    |    |  56|    |    |  56|  55|    |    |  59|[39]|
 +----+----+----+----+----+----+----+----+----+----+----+----+----+----+----+----+----+----+----+----+----+----+----+----+----+----+----+----+----+----+----+----+----+----+----+----+----+----+----+----+----+----+----+----+----+----+----+----+----+----+----+----+----+----+----+----+----+----+----+----+----+----+----+----+----+----+
 |[40]|    |    |    |    |  61|    |    |    |    |    |    |  57|    |    |    |  54|  53|    |    |  54|    |    |    |  54|  53|    |  50|    |  53|    |  52|    |    |  54|    |  54|    |  51|  51|  52| ## |  54|  53|    |    |    |  56|    |    |    |    |  50|  52|    |    |    |  52|    |    |  54|  55|    |    |  54|[40]|
 +----+----+----+----+----+----+----+----+----+----+----+----+----+----+----+----+----+----+----+----+----+----+----+----+----+----+----+----+----+----+----+----+----+----+----+----+----+----+----+----+----+----+----+----+----+----+----+----+----+----+----+----+----+----+----+----+----+----+----+----+----+----+----+----+----+----+
 |[41]|    |    |    |  50|  63|    |  54|  53|  52|  51|    |  57|  56|    |  52|  61|  56|    |    |  60|  53|  54|    |  54|  55|    |    |    |  59|    |  59|    |    |  52|    |  60|  55|  55|  51|  57|  52| ## |  56|  51|    |  50|  61|  53|  53|  52|  51|  57|  57|  50|    |  53|  59|  51|    |  59|  57|    |    |  57|[41]|
 +----+----+----+----+----+----+----+----+----+----+----+----+----+----+----+----+----+----+----+----+----+----+----+----+----+----+----+----+----+----+----+----+----+----+----+----+----+----+----+----+----+----+----+----+----+----+----+----+----+----+----+----+----+----+----+----+----+----+----+----+----+----+----+----+----+----+
 |[42]|    |    |    |  51|  61|    |    |    |    |  50|    |  61|    |    |    |  56|  52|    |    |  58|  52|    |    |  55|    |    |  52|    |  59|    |  56|  50|    |  51|    |  57|    |  56|  50|  55|    |  55| ## |    |  50|    |  55|    |  50|  51|    |  54|  61|  50|    |    |  57|    |    |  53|  55|    |    |  55|[42]|
 +----+----+----+----+----+----+----+----+----+----+----+----+----+----+----+----+----+----+----+----+----+----+----+----+----+----+----+----+----+----+----+----+----+----+----+----+----+----+----+----+----+----+----+----+----+----+----+----+----+----+----+----+----+----+----+----+----+----+----+----+----+----+----+----+----+----+
 |[43]|    |    |    |    |  64|    |    |    |    |    |    |  56|    |    |    |  54|    |    |    |  56|  50|  51|    |  56|  52|    |    |    |  51|    |  57|    |    |  51|    |  54|  53|  52|  50|  53|    |  55|  51| ## |    |    |  58|    |    |    |  51|  53|  54|    |    |    |  53|    |    |  54|  53|    |    |  53|[43]|
 +----+----+----+----+----+----+----+----+----+----+----+----+----+----+----+----+----+----+----+----+----+----+----+----+----+----+----+----+----+----+----+----+----+----+----+----+----+----+----+----+----+----+----+----+----+----+----+----+----+----+----+----+----+----+----+----+----+----+----+----+----+----+----+----+----+----+
 |[44]|    |  51|    |    |  62|    |  54|    |    |    |    |  55|  52|    |    |  53|  54|    |    |  57|    |  50|  50|  53|  50|    |    |    |  59|    |  51|    |    |  52|    |  59|  51|  54|    |  50|    |  53|  56|    | ## |    |  53|  52|  50|    |  52|  50|  55|  50|    |    |  54|  50|    |  53|  55|    |    |  55|[44]|
 +----+----+----+----+----+----+----+----+----+----+----+----+----+----+----+----+----+----+----+----+----+----+----+----+----+----+----+----+----+----+----+----+----+----+----+----+----+----+----+----+----+----+----+----+----+----+----+----+----+----+----+----+----+----+----+----+----+----+----+----+----+----+----+----+----+----+
 |[45]|    |    |    |  51|  63|    |    |    |    |  52|    |  60|  52|    |    |  57|  54|    |    |  60|  55|  50|    |  57|  52|    |  52|    |  59|    |  60|  56|    |  53|    |  55|  52|  52|  50|  54|    |  55|  56|  50|    | ## |  57|    |    |    |  52|  56|  62|    |    |  50|  54|  51|    |  54|  55|    |    |  53|[45]|
 +----+----+----+----+----+----+----+----+----+----+----+----+----+----+----+----+----+----+----+----+----+----+----+----+----+----+----+----+----+----+----+----+----+----+----+----+----+----+----+----+----+----+----+----+----+----+----+----+----+----+----+----+----+----+----+----+----+----+----+----+----+----+----+----+----+----+
 |[46]|    |    |    |    |  62|    |    |    |    |    |    |  59|  50|  50|    |  53|  56|    |    |  57|    |    |    |    |  54|    |    |    |  55|    |  56|    |    |  50|    |  55|  51|  53|    |  52|  50|  56|  52|    |    |    | ## |  50|    |    |    |  54|  57|    |    |  50|  57|    |    |  53|  55|    |    |  54|[46]|
 +----+----+----+----+----+----+----+----+----+----+----+----+----+----+----+----+----+----+----+----+----+----+----+----+----+----+----+----+----+----+----+----+----+----+----+----+----+----+----+----+----+----+----+----+----+----+----+----+----+----+----+----+----+----+----+----+----+----+----+----+----+----+----+----+----+----+
 |[47]|    |  55|    |  50|  63|    |  54|  50|  52|    |    |  58|  52|  50|    |  60|  57|    |    |  58|  52|  50|    |  57|  55|    |  52|    |  59|    |  57|    |    |  56|    |  54|  52|  54|    |  54|    |  59|  54|    |  53|    |  59| ## |    |  51|  57|  56|  59|  53|    |  50|  61|  53|    |  56|  59|  50|    |  54|[47]|
 +----+----+----+----+----+----+----+----+----+----+----+----+----+----+----+----+----+----+----+----+----+----+----+----+----+----+----+----+----+----+----+----+----+----+----+----+----+----+----+----+----+----+----+----+----+----+----+----+----+----+----+----+----+----+----+----+----+----+----+----+----+----+----+----+----+----+
 |[48]|    |    |    |    |  63|    |  53|    |    |    |    |  59|  50|    |    |  54|  57|    |    |  56|  52|    |    |  56|  52|    |    |    |  59|    |  53|    |    |  52|    |  56|  52|  50|  51|  50|  50|  56|  55|    |    |    |  55|    | ## |  51|  50|  53|  59|  50|    |  54|  52|    |    |  58|  58|    |    |  55|[48]|
 +----+----+----+----+----+----+----+----+----+----+----+----+----+----+----+----+----+----+----+----+----+----+----+----+----+----+----+----+----+----+----+----+----+----+----+----+----+----+----+----+----+----+----+----+----+----+----+----+----+----+----+----+----+----+----+----+----+----+----+----+----+----+----+----+----+----+
 |[49]|    |    |    |    |  63|    |  57|  51|    |  51|    |  59|  52|  53|  51|  58|  56|    |    |  56|  53|  50|    |  57|  52|    |  54|    |  60|    |  55|    |    |  54|    |  56|  51|  54|    |  53|  50|  56|  56|    |    |    |  58|  50|  52| ## |    |  56|  58|    |    |    |  58|    |    |  55|  59|    |    |  55|[49]|
 +----+----+----+----+----+----+----+----+----+----+----+----+----+----+----+----+----+----+----+----+----+----+----+----+----+----+----+----+----+----+----+----+----+----+----+----+----+----+----+----+----+----+----+----+----+----+----+----+----+----+----+----+----+----+----+----+----+----+----+----+----+----+----+----+----+----+
 |[50]|    |    |    |    |  65|    |  50|    |    |    |    |  56|  53|  51|    |  57|  51|    |    |  61|  51|    |    |  56|  53|    |    |  52|  59|    |  55|  55|    |  54|    |  57|  52|  53|  50|  55|    |  53|  50|    |  50|  50|  56|  55|  50|    | ## |  53|  55|    |    |    |  57|  52|    |  57|  56|    |    |  57|[50]|
 +----+----+----+----+----+----+----+----+----+----+----+----+----+----+----+----+----+----+----+----+----+----+----+----+----+----+----+----+----+----+----+----+----+----+----+----+----+----+----+----+----+----+----+----+----+----+----+----+----+----+----+----+----+----+----+----+----+----+----+----+----+----+----+----+----+----+
 |[51]|    |    |    |  51|  63|    |  53|    |    |    |    |  62|  53|    |    |  59|  54|    |    |  56|    |  50|  50|  55|  53|    |  51|    |  58|    |  57|  51|    |  55|    |  59|  50|  54|    |  53|    |  58|  56|    |    |  52|  59|  51|  50|  52|  51| ## |  57|  51|    |  53|  60|  50|    |  58|  54|    |    |  55|[51]|
 +----+----+----+----+----+----+----+----+----+----+----+----+----+----+----+----+----+----+----+----+----+----+----+----+----+----+----+----+----+----+----+----+----+----+----+----+----+----+----+----+----+----+----+----+----+----+----+----+----+----+----+----+----+----+----+----+----+----+----+----+----+----+----+----+----+----+
 |[52]|    |    |    |    |  64|    |    |    |    |  50|    |  58|    |    |    |  53|  55|    |    |  60|  50|    |  50|  54|    |    |  52|    |  58|    |  55|  52|    |  54|    |  57|  50|  54|    |  54|    |  53|  58|    |    |  52|  57|  50|  51|    |    |  52| ## |  51|    |    |  56|  51|    |  56|  54|    |    |  55|[52]|
 +----+----+----+----+----+----+----+----+----+----+----+----+----+----+----+----+----+----+----+----+----+----+----+----+----+----+----+----+----+----+----+----+----+----+----+----+----+----+----+----+----+----+----+----+----+----+----+----+----+----+----+----+----+----+----+----+----+----+----+----+----+----+----+----+----+----+
 |[53]|    |    |    |    |  60|    |  51|    |    |    |    |  58|  53|    |    |  56|  55|    |    |  57|  51|    |    |  56|  55|    |  53|    |  55|    |  52|    |    |  53|    |  61|    |  54|    |  51|    |  54|  55|    |  50|    |  56|  52|  51|    |  50|  55|  60| ## |    |    |  58|    |    |  58|  57|  52|    |  51|[53]|
 +----+----+----+----+----+----+----+----+----+----+----+----+----+----+----+----+----+----+----+----+----+----+----+----+----+----+----+----+----+----+----+----+----+----+----+----+----+----+----+----+----+----+----+----+----+----+----+----+----+----+----+----+----+----+----+----+----+----+----+----+----+----+----+----+----+----+
 |[54]|    |    |    |    |  66|  50|  51|  50|    |  50|  50|  56|  53|    |    |  55|  59|    |    |  57|    |    |    |  60|  53|    |  52|    |  55|    |  53|  51|    |  54|    |  56|  52|  50|  53|  53|  53|  52|  52|    |  50|    |  56|  51|    |  56|  56|  53|  57|  53| ## |    |  56|    |    |  56|  53|    |    |  54|[54]|
 +----+----+----+----+----+----+----+----+----+----+----+----+----+----+----+----+----+----+----+----+----+----+----+----+----+----+----+----+----+----+----+----+----+----+----+----+----+----+----+----+----+----+----+----+----+----+----+----+----+----+----+----+----+----+----+----+----+----+----+----+----+----+----+----+----+----+
 |[55]|    |    |    |  50|  64|    |  55|  51|  52|    |    |  64|  51|    |    |  59|  55|    |    |  58|  55|    |    |  58|  53|    |  55|    |  60|    |  57|  51|    |  55|    |  59|  54|  53|  53|  53|  51|  58|  54|    |    |  50|  59|  50|  56|    |    |  57|  56|    |    | ## |  55|  50|    |  58|  60|    |    |  56|[55]|
 +----+----+----+----+----+----+----+----+----+----+----+----+----+----+----+----+----+----+----+----+----+----+----+----+----+----+----+----+----+----+----+----+----+----+----+----+----+----+----+----+----+----+----+----+----+----+----+----+----+----+----+----+----+----+----+----+----+----+----+----+----+----+----+----+----+----+
 |[56]|    |    |    |    |  62|    |  50|    |    |  51|    |  59|  50|    |    |  57|  54|    |    |  56|  54|  51|    |  52|    |    |  53|    |  59|    |  57|  50|    |  53|  50|  56|  53|  55|    |  53|    |  56|  56|    |    |    |  58|  53|    |  51|  52|  56|  58|  51|    |    | ## |    |    |  59|  55|    |    |  57|[56]|
 +----+----+----+----+----+----+----+----+----+----+----+----+----+----+----+----+----+----+----+----+----+----+----+----+----+----+----+----+----+----+----+----+----+----+----+----+----+----+----+----+----+----+----+----+----+----+----+----+----+----+----+----+----+----+----+----+----+----+----+----+----+----+----+----+----+----+
 |[57]|    |    |    |  52|  62|    |  50|    |  50|    |    |  55|    |    |    |  55|  53|    |    |  56|    |    |    |  55|    |    |    |    |  57|    |  56|  53|    |  53|    |  54|    |  57|    |  52|  50|  54|  51|    |    |    |  52|  51|    |    |  53|  53|  58|    |    |    |  52| ## |    |  53|  52|    |    |  54|[57]|
 +----+----+----+----+----+----+----+----+----+----+----+----+----+----+----+----+----+----+----+----+----+----+----+----+----+----+----+----+----+----+----+----+----+----+----+----+----+----+----+----+----+----+----+----+----+----+----+----+----+----+----+----+----+----+----+----+----+----+----+----+----+----+----+----+----+----+
 |[58]|    |    |    |    |  60|  52|  50|  53|  50|  50|  51|  60|  51|    |    |  57|  51|    |    |  59|  53|    |    |  55|  50|    |  53|    |  57|    |  57|    |    |  52|    |  58|    |  51|  51|  53|    |  52|  59|    |    |    |  54|  51|  56|    |  54|  50|  60|  51|    |  51|  53|    | ## |  58|  55|    |    |  51|[58]|
 +----+----+----+----+----+----+----+----+----+----+----+----+----+----+----+----+----+----+----+----+----+----+----+----+----+----+----+----+----+----+----+----+----+----+----+----+----+----+----+----+----+----+----+----+----+----+----+----+----+----+----+----+----+----+----+----+----+----+----+----+----+----+----+----+----+----+
 |[59]|    |    |    |    |  61|    |  50|    |    |    |  51|  58|  51|    |  52|  57|  57|    |    |  55|  50|  51|    |  55|    |    |  53|    |  55|    |  54|  51|    |  50|    |  54|  52|  51|  51|  53|    |  56|  52|    |    |    |  55|    |  52|    |  52|  54|  57|  50|    |  50|  59|    |    | ## |  52|    |    |  52|[59]|
 +----+----+----+----+----+----+----+----+----+----+----+----+----+----+----+----+----+----+----+----+----+----+----+----+----+----+----+----+----+----+----+----+----+----+----+----+----+----+----+----+----+----+----+----+----+----+----+----+----+----+----+----+----+----+----+----+----+----+----+----+----+----+----+----+----+----+
 |[60]|    |    |    |  50|  61|    |  51|    |    |  52|    |  57|    |    |    |  54|  57|    |    |  57|  54|    |    |  57|  52|    |  50|    |  60|    |  51|    |    |  55|    |  56|  56|  54|    |  51|  50|  54|  53|    |    |    |  56|  51|  52|  51|  50|  50|  55|  50|    |  52|  54|    |    |  52| ## |    |    |  55|[60]|
 +----+----+----+----+----+----+----+----+----+----+----+----+----+----+----+----+----+----+----+----+----+----+----+----+----+----+----+----+----+----+----+----+----+----+----+----+----+----+----+----+----+----+----+----+----+----+----+----+----+----+----+----+----+----+----+----+----+----+----+----+----+----+----+----+----+----+
 |[61]|    |  50|    |    |  64|    |  55|  51|  50|    |    |  61|  52|    |  52|  56|  54|    |    |  59|    |    |    |  53|  50|    |    |    |  58|    |  55|    |    |  55|    |  58|  52|  56|    |  53|  50|  58|  58|    |  50|    |  56|  54|  50|    |  50|  56|  58|  58|    |  52|  56|    |    |  59|  54| ## |    |  53|[61]|
 +----+----+----+----+----+----+----+----+----+----+----+----+----+----+----+----+----+----+----+----+----+----+----+----+----+----+----+----+----+----+----+----+----+----+----+----+----+----+----+----+----+----+----+----+----+----+----+----+----+----+----+----+----+----+----+----+----+----+----+----+----+----+----+----+----+----+
 |[62]|    |    |    |  52|  63|    |    |  54|  52|    |    |  65|  54|    |    |  59|  57|    |    |  56|  55|  50|  52|  60|  53|    |  57|  51|  59|    |  60|  53|    |  52|  52|  59|  53|  57|  52|  50|  53|  55|  54|    |  50|    |  61|  51|  57|  53|  54|  50|  64|  51|    |  54|  56|  50|    |  59|  60|    | ## |  55|[62]|
 +----+----+----+----+----+----+----+----+----+----+----+----+----+----+----+----+----+----+----+----+----+----+----+----+----+----+----+----+----+----+----+----+----+----+----+----+----+----+----+----+----+----+----+----+----+----+----+----+----+----+----+----+----+----+----+----+----+----+----+----+----+----+----+----+----+----+
 |[63]|    |    |    |    |  66|    |  50|    |    |  51|    |  58|  53|    |    |  54|  54|    |    |  53|    |    |    |  56|  52|    |  50|    |  61|    |  50|  52|    |  50|    |  57|  53|  53|  53|  57|  50|  55|  55|    |  50|    |  57|    |  50|    |  53|  53|  58|    |    |    |  58|  50|    |  53|  57|    |    | ## |[63]|
 +----+----+----+----+----+----+----+----+----+----+----+----+----+----+----+----+----+----+----+----+----+----+----+----+----+----+----+----+----+----+----+----+----+----+----+----+----+----+----+----+----+----+----+----+----+----+----+----+----+----+----+----+----+----+----+----+----+----+----+----+----+----+----+----+----+----+
 | ## |[ 0]|[ 1]|[ 2]|[ 3]|[ 4]|[ 5]|[ 6]|[ 7]|[ 8]|[ 9]|[10]|[11]|[12]|[13]|[14]|[15]|[16]|[17]|[18]|[19]|[20]|[21]|[22]|[23]|[24]|[25]|[26]|[27]|[28]|[29]|[30]|[31]|[32]|[33]|[34]|[35]|[36]|[37]|[38]|[39]|[40]|[41]|[42]|[43]|[44]|[45]|[46]|[47]|[48]|[49]|[50]|[51]|[52]|[53]|[54]|[55]|[56]|[57]|[58]|[59]|[60]|[61]|[62]|[63]| ## |
 +----+----+----+----+----+----+----+----+----+----+----+----+----+----+----+----+----+----+----+----+----+----+----+----+----+----+----+----+----+----+----+----+----+----+----+----+----+----+----+----+----+----+----+----+----+----+----+----+----+----+----+----+----+----+----+----+----+----+----+----+----+----+----+----+----+----+
 | ## |[ 6]|[13]|[ 1]|[32]|[63]|[ 5]|[51]|[24]|[27]|[32]|[ 5]|[63]|[49]|[13]|[18]|[63]|[61]|[ 0]|[ 0]|[63]|[50]|[26]|[12]|[61]|[53]|[ 0]|[42]|[ 8]|[63]|[ 0]|[63]|[38]|[ 0]|[62]|[ 4]|[63]|[54]|[61]|[42]|[58]|[30]|[63]|[63]|[ 9]|[22]|[25]|[63]|[39]|[42]|[35]|[51]|[60]|[63]|[37]|[ 0]|[39]|[63]|[31]|[ 0]|[63]|[63]|[ 3]|[ 0]|[63]| ## |
 +----+----+----+----+----+----+----+----+----+----+----+----+----+----+----+----+----+----+----+----+----+----+----+----+----+----+----+----+----+----+----+----+----+----+----+----+----+----+----+----+----+----+----+----+----+----+----+----+----+----+----+----+----+----+----+----+----+----+----+----+----+----+----+----+----+----+






