

 Use image  :  cameraman.bmp




  Relationship between basis and replaceable basis


  Number of basis used : 0, 1 


  [basis number] : Number of substitutable basis for basis number 


 *Total on the right : Number of replacements (Be done)

  Total below : Number of replacements (To do)


  Of the amount of improvement  : 0 ~ 25.000000

----------------------------------------------------------------------------------

 +----+----+----+----+----+----+----+----+----+----+----+----+----+----+----+----+----+----+----+----+----+----+----+----+----+----+----+----+----+----+----+----+----+----+----+----+----+----+----+----+----+----+----+----+----+----+----+----+----+----+----+----+----+----+----+----+----+----+----+----+----+----+----+----+----+----+
 | ## |[ 0]|[ 1]|[ 2]|[ 3]|[ 4]|[ 5]|[ 6]|[ 7]|[ 8]|[ 9]|[10]|[11]|[12]|[13]|[14]|[15]|[16]|[17]|[18]|[19]|[20]|[21]|[22]|[23]|[24]|[25]|[26]|[27]|[28]|[29]|[30]|[31]|[32]|[33]|[34]|[35]|[36]|[37]|[38]|[39]|[40]|[41]|[42]|[43]|[44]|[45]|[46]|[47]|[48]|[49]|[50]|[51]|[52]|[53]|[54]|[55]|[56]|[57]|[58]|[59]|[60]|[61]|[62]|[63]| ## |                                                                                    
 +----+----+----+----+----+----+----+----+----+----+----+----+----+----+----+----+----+----+----+----+----+----+----+----+----+----+----+----+----+----+----+----+----+----+----+----+----+----+----+----+----+----+----+----+----+----+----+----+----+----+----+----+----+----+----+----+----+----+----+----+----+----+----+----+----+----+
 |[ 0]| ## |    |    |  51|  59|    |  52|    |    |  50|    |  58|    |    |    |  55|  52|    |    |  55|  51|    |    |  53|  52|    |    |    |  61|    |  53|    |    |  50|    |  57|  53|  50|    |    |    |  55|  53|    |    |    |  54|    |  53|    |    |    |  55|  50|    |    |  53|    |    |  53|  61|    |    |  56|[ 0]|
 +----+----+----+----+----+----+----+----+----+----+----+----+----+----+----+----+----+----+----+----+----+----+----+----+----+----+----+----+----+----+----+----+----+----+----+----+----+----+----+----+----+----+----+----+----+----+----+----+----+----+----+----+----+----+----+----+----+----+----+----+----+----+----+----+----+----+
 |[ 1]|    | ## |    |  51|  59|    |  50|    |  51|  53|    |  56|  50|    |    |  56|  56|    |    |  57|  51|    |    |  56|  52|    |  50|    |  58|    |  56|  53|    |  52|    |  57|  54|  52|  51|  55|  51|  54|  55|    |  50|  50|  57|  53|    |    |    |    |  58|  51|    |    |  54|  52|    |  56|  56|    |    |  53|[ 1]|
 +----+----+----+----+----+----+----+----+----+----+----+----+----+----+----+----+----+----+----+----+----+----+----+----+----+----+----+----+----+----+----+----+----+----+----+----+----+----+----+----+----+----+----+----+----+----+----+----+----+----+----+----+----+----+----+----+----+----+----+----+----+----+----+----+----+----+
 |[ 2]|    |    | ## |  50|  62|    |  50|    |  50|  52|    |  60|    |  52|    |  56|  52|    |    |  56|  55|    |  51|  54|    |    |  52|    |  62|    |  57|  55|    |  56|    |  52|  53|  50|  52|  52|  52|  56|  55|    |    |  50|  58|    |  54|  50|    |  50|  60|  50|    |    |  51|  51|    |  55|  60|    |    |  56|[ 2]|
 +----+----+----+----+----+----+----+----+----+----+----+----+----+----+----+----+----+----+----+----+----+----+----+----+----+----+----+----+----+----+----+----+----+----+----+----+----+----+----+----+----+----+----+----+----+----+----+----+----+----+----+----+----+----+----+----+----+----+----+----+----+----+----+----+----+----+
 |[ 3]|    |    |    | ## |  58|    |  51|    |    |  52|    |  61|    |    |    |  58|  52|    |    |  56|  56|    |    |  52|  53|    |  52|    |  57|    |  55|  53|    |  57|    |  56|  52|  55|    |  54|    |  53|  57|    |    |  50|  59|    |    |    |    |  54|  58|  50|    |    |  53|  54|    |  54|  58|    |    |  55|[ 3]|
 +----+----+----+----+----+----+----+----+----+----+----+----+----+----+----+----+----+----+----+----+----+----+----+----+----+----+----+----+----+----+----+----+----+----+----+----+----+----+----+----+----+----+----+----+----+----+----+----+----+----+----+----+----+----+----+----+----+----+----+----+----+----+----+----+----+----+
 |[ 4]|    |    |    |    | ## |    |    |    |    |    |    |  59|  50|    |    |  54|  50|    |    |  58|  51|    |    |  52|    |    |  51|    |  58|    |  56|  50|    |    |    |  57|    |  51|    |  53|    |  53|  53|    |    |    |  57|    |    |    |  52|  51|  59|    |    |    |  53|    |    |  54|  54|    |    |  56|[ 4]|
 +----+----+----+----+----+----+----+----+----+----+----+----+----+----+----+----+----+----+----+----+----+----+----+----+----+----+----+----+----+----+----+----+----+----+----+----+----+----+----+----+----+----+----+----+----+----+----+----+----+----+----+----+----+----+----+----+----+----+----+----+----+----+----+----+----+----+
 |[ 5]|    |    |    |    |  60| ## |  50|  50|    |  50|    |  59|    |  50|    |  58|  52|    |    |  55|  52|    |    |  54|  51|    |  50|    |  60|    |  52|    |    |  53|    |  56|    |    |    |  55|    |  53|  54|    |    |    |  53|    |    |    |  52|  50|  55|  51|    |    |  53|    |    |  55|  54|    |    |  53|[ 5]|
 +----+----+----+----+----+----+----+----+----+----+----+----+----+----+----+----+----+----+----+----+----+----+----+----+----+----+----+----+----+----+----+----+----+----+----+----+----+----+----+----+----+----+----+----+----+----+----+----+----+----+----+----+----+----+----+----+----+----+----+----+----+----+----+----+----+----+
 |[ 6]|    |    |    |  51|  61|    | ## |    |    |  50|    |  59|    |    |    |  58|  54|    |    |  56|    |    |    |  53|  51|    |    |    |  54|    |  56|  53|    |  55|    |  56|  51|  52|  50|  53|    |  55|  53|    |  52|    |  55|  52|  54|  54|  50|  52|  56|  50|    |  51|  53|  50|    |  54|  56|    |    |  53|[ 6]|
 +----+----+----+----+----+----+----+----+----+----+----+----+----+----+----+----+----+----+----+----+----+----+----+----+----+----+----+----+----+----+----+----+----+----+----+----+----+----+----+----+----+----+----+----+----+----+----+----+----+----+----+----+----+----+----+----+----+----+----+----+----+----+----+----+----+----+
 |[ 7]|    |    |    |  50|  58|  50|    | ## |  52|  52|    |  57|    |  50|    |  57|  52|    |    |  52|  54|    |    |  50|  51|    |  53|    |  57|    |  55|    |    |  55|    |  52|    |  51|  54|  55|  51|  57|  53|    |    |    |  56|    |  52|  50|  50|  51|  56|    |    |    |  55|    |    |  55|  52|    |    |  52|[ 7]|
 +----+----+----+----+----+----+----+----+----+----+----+----+----+----+----+----+----+----+----+----+----+----+----+----+----+----+----+----+----+----+----+----+----+----+----+----+----+----+----+----+----+----+----+----+----+----+----+----+----+----+----+----+----+----+----+----+----+----+----+----+----+----+----+----+----+----+
 |[ 8]|    |  52|    |  51|  62|    |  51|  54| ## |  52|    |  60|  51|    |    |  63|  56|    |    |  54|  57|  50|  50|  56|  52|    |  50|    |  61|    |  55|  50|    |  57|    |  58|  52|  53|  53|  52|    |  56|  52|    |    |  50|  59|  50|  51|    |    |  53|  55|    |    |  51|  55|  52|    |  54|  55|    |    |  55|[ 8]|
 +----+----+----+----+----+----+----+----+----+----+----+----+----+----+----+----+----+----+----+----+----+----+----+----+----+----+----+----+----+----+----+----+----+----+----+----+----+----+----+----+----+----+----+----+----+----+----+----+----+----+----+----+----+----+----+----+----+----+----+----+----+----+----+----+----+----+
 |[ 9]|    |    |    |  50|  59|    |    |    |    | ## |    |  57|  51|    |    |  53|  50|    |    |  53|  53|  51|    |    |    |    |  54|    |  61|    |  54|    |    |  54|    |  53|  53|  51|  51|  52|    |  52|  55|    |    |  52|  55|    |  50|    |    |  52|  59|    |    |    |  56|    |    |  54|  57|    |    |  55|[ 9]|
 +----+----+----+----+----+----+----+----+----+----+----+----+----+----+----+----+----+----+----+----+----+----+----+----+----+----+----+----+----+----+----+----+----+----+----+----+----+----+----+----+----+----+----+----+----+----+----+----+----+----+----+----+----+----+----+----+----+----+----+----+----+----+----+----+----+----+
 |[10]|    |    |    |  52|  61|    |  50|    |    |  51| ## |  57|  50|  51|    |  57|  52|    |    |  57|  51|    |    |  57|  51|    |  50|    |  57|    |  56|    |    |  52|    |  57|  54|  53|    |    |  51|  54|  55|    |    |    |  50|    |  50|    |    |    |  55|  51|    |    |  51|    |    |  61|  57|    |    |  55|[10]|
 +----+----+----+----+----+----+----+----+----+----+----+----+----+----+----+----+----+----+----+----+----+----+----+----+----+----+----+----+----+----+----+----+----+----+----+----+----+----+----+----+----+----+----+----+----+----+----+----+----+----+----+----+----+----+----+----+----+----+----+----+----+----+----+----+----+----+
 |[11]|    |    |    |  53|  65|    |  51|    |    |  52|    | ## |    |    |    |  61|  54|    |    |  58|  51|    |    |  55|    |    |  53|    |  58|    |  53|  52|    |  54|    |  56|  51|  50|  50|  53|  51|  54|  58|    |    |  51|  58|    |  52|    |    |  55|  60|  50|    |  53|  57|    |    |  57|  55|    |    |  57|[11]|
 +----+----+----+----+----+----+----+----+----+----+----+----+----+----+----+----+----+----+----+----+----+----+----+----+----+----+----+----+----+----+----+----+----+----+----+----+----+----+----+----+----+----+----+----+----+----+----+----+----+----+----+----+----+----+----+----+----+----+----+----+----+----+----+----+----+----+
 |[12]|    |  50|    |  52|  67|    |  52|    |  51|  55|    |  56| ## |    |    |  58|  56|    |    |  61|  53|    |    |  56|  53|    |  50|    |  63|    |  59|  54|    |  57|    |  61|  53|  55|    |  55|    |  60|  53|    |  53|  52|  59|  50|  50|  51|  54|  56|  57|  53|    |    |  56|  50|    |  59|  55|    |    |  59|[12]|
 +----+----+----+----+----+----+----+----+----+----+----+----+----+----+----+----+----+----+----+----+----+----+----+----+----+----+----+----+----+----+----+----+----+----+----+----+----+----+----+----+----+----+----+----+----+----+----+----+----+----+----+----+----+----+----+----+----+----+----+----+----+----+----+----+----+----+
 |[13]|    |    |    |  52|  66|  51|  52|  52|    |    |    |  59|    | ## |  50|  59|  53|    |    |  56|  52|  51|    |  53|  52|    |    |  50|  61|    |  57|  51|    |  53|    |  54|  51|  54|    |  56|  52|  55|  54|    |    |    |  60|  51|    |  54|  53|  52|  58|    |    |    |  54|    |    |  54|  56|    |    |  55|[13]|
 +----+----+----+----+----+----+----+----+----+----+----+----+----+----+----+----+----+----+----+----+----+----+----+----+----+----+----+----+----+----+----+----+----+----+----+----+----+----+----+----+----+----+----+----+----+----+----+----+----+----+----+----+----+----+----+----+----+----+----+----+----+----+----+----+----+----+
 |[14]|    |    |    |  52|  61|    |  51|  50|    |  50|    |  58|    |  50| ## |  56|  54|    |    |  56|  53|    |    |  50|    |    |  51|    |  56|    |  54|    |    |    |    |  57|  51|  53|  50|  56|  51|  55|  55|    |    |    |  55|    |  50|  51|  50|  52|  57|  50|    |    |  55|    |    |  60|  54|    |    |  54|[14]|
 +----+----+----+----+----+----+----+----+----+----+----+----+----+----+----+----+----+----+----+----+----+----+----+----+----+----+----+----+----+----+----+----+----+----+----+----+----+----+----+----+----+----+----+----+----+----+----+----+----+----+----+----+----+----+----+----+----+----+----+----+----+----+----+----+----+----+
 |[15]|    |    |    |  52|  62|  50|  52|  50|  54|  50|    |  63|  50|  51|    | ## |  57|    |    |  58|  53|    |    |  57|  51|    |  50|    |  60|    |  59|  51|    |  52|    |  56|  54|  50|  54|  53|  51|  57|  55|    |    |    |  55|    |    |    |  51|  55|  57|    |    |    |  54|  51|    |  56|  55|    |    |  54|[15]|
 +----+----+----+----+----+----+----+----+----+----+----+----+----+----+----+----+----+----+----+----+----+----+----+----+----+----+----+----+----+----+----+----+----+----+----+----+----+----+----+----+----+----+----+----+----+----+----+----+----+----+----+----+----+----+----+----+----+----+----+----+----+----+----+----+----+----+
 |[16]|    |  50|    |    |  59|    |  50|    |    |    |    |  58|    |    |    |  58| ## |    |    |  58|  52|    |    |  56|    |    |    |    |  58|    |  55|  50|    |  54|    |  57|  54|    |  52|  55|    |  55|  53|    |    |    |  59|  50|  52|  50|    |  51|  57|    |    |    |  55|    |    |  58|  58|    |    |  53|[16]|
 +----+----+----+----+----+----+----+----+----+----+----+----+----+----+----+----+----+----+----+----+----+----+----+----+----+----+----+----+----+----+----+----+----+----+----+----+----+----+----+----+----+----+----+----+----+----+----+----+----+----+----+----+----+----+----+----+----+----+----+----+----+----+----+----+----+----+
 |[17]|    |    |  50|  52|  64|    |  52|  53|    |  55|    |  64|  50|    |    |  60|  56| ## |    |  60|  53|    |  50|  56|  51|    |  51|    |  57|    |  55|  55|    |  50|    |  61|  53|  57|  54|  54|    |  56|  56|    |    |  51|  56|    |  53|  51|  54|  57|  59|    |    |    |  56|  52|    |  55|  57|    |    |  57|[17]|
 +----+----+----+----+----+----+----+----+----+----+----+----+----+----+----+----+----+----+----+----+----+----+----+----+----+----+----+----+----+----+----+----+----+----+----+----+----+----+----+----+----+----+----+----+----+----+----+----+----+----+----+----+----+----+----+----+----+----+----+----+----+----+----+----+----+----+
 |[18]|    |    |    |  54|  60|    |  51|    |    |  54|    |  58|  54|    |  50|  60|  53|    | ## |  56|  55|    |  50|  52|  53|    |  52|    |  55|    |  54|  51|    |  52|    |  58|  53|  56|    |  58|    |  57|  54|    |    |    |  58|    |  53|    |  52|  52|  54|  51|    |    |  58|    |    |  58|  58|    |    |  56|[18]|
 +----+----+----+----+----+----+----+----+----+----+----+----+----+----+----+----+----+----+----+----+----+----+----+----+----+----+----+----+----+----+----+----+----+----+----+----+----+----+----+----+----+----+----+----+----+----+----+----+----+----+----+----+----+----+----+----+----+----+----+----+----+----+----+----+----+----+
 |[19]|    |    |    |  50|  66|    |    |    |    |    |    |  59|  51|    |    |  57|  55|    |    | ## |  55|    |    |  55|  52|    |  52|    |  57|    |  54|  52|    |  52|    |  57|  51|  55|  50|  53|    |  56|  55|    |    |  52|  58|    |  50|    |  53|  52|  61|    |    |    |  55|  50|    |  54|  58|    |    |  51|[19]|
 +----+----+----+----+----+----+----+----+----+----+----+----+----+----+----+----+----+----+----+----+----+----+----+----+----+----+----+----+----+----+----+----+----+----+----+----+----+----+----+----+----+----+----+----+----+----+----+----+----+----+----+----+----+----+----+----+----+----+----+----+----+----+----+----+----+----+
 |[20]|    |    |    |  53|  61|    |    |  50|  51|  52|    |  56|    |    |    |  55|  53|    |    |  58| ## |    |  50|  54|  52|    |  50|    |  61|    |  55|    |    |  51|    |  55|  52|  52|  51|  52|    |  54|  54|    |    |  51|  55|    |  50|    |    |  50|  56|  50|    |  50|  58|    |    |  54|  57|    |    |  52|[20]|
 +----+----+----+----+----+----+----+----+----+----+----+----+----+----+----+----+----+----+----+----+----+----+----+----+----+----+----+----+----+----+----+----+----+----+----+----+----+----+----+----+----+----+----+----+----+----+----+----+----+----+----+----+----+----+----+----+----+----+----+----+----+----+----+----+----+----+
 |[21]|    |    |    |  51|  63|    |  50|    |    |  54|    |  58|    |  50|    |  57|  52|    |    |  56|  51| ## |  53|  53|    |    |  52|  50|  56|    |  55|    |    |  52|    |  59|  53|  56|  50|  53|    |  58|  54|  51|  50|    |  59|  50|    |    |    |  52|  57|    |    |    |  57|  50|    |  57|  56|    |    |  53|[21]|
 +----+----+----+----+----+----+----+----+----+----+----+----+----+----+----+----+----+----+----+----+----+----+----+----+----+----+----+----+----+----+----+----+----+----+----+----+----+----+----+----+----+----+----+----+----+----+----+----+----+----+----+----+----+----+----+----+----+----+----+----+----+----+----+----+----+----+
 |[22]|    |    |    |  51|  57|    |    |  50|    |    |    |  56|    |    |    |  53|  51|    |    |  57|  55|  54| ## |  53|    |    |    |    |  55|    |  56|    |    |  52|    |  57|  52|  52|    |  51|    |  54|  53|  51|  52|    |  54|    |  52|  51|    |  56|  58|  50|    |    |  54|  50|    |  50|  55|    |    |  53|[22]|
 +----+----+----+----+----+----+----+----+----+----+----+----+----+----+----+----+----+----+----+----+----+----+----+----+----+----+----+----+----+----+----+----+----+----+----+----+----+----+----+----+----+----+----+----+----+----+----+----+----+----+----+----+----+----+----+----+----+----+----+----+----+----+----+----+----+----+
 |[23]|    |  50|    |    |  62|    |  50|    |    |    |    |  60|  51|    |    |  59|  57|    |    |  58|  54|    |    | ## |  50|    |  51|    |  56|    |  59|  53|    |  54|    |  59|  50|  52|  50|  55|  50|  53|  55|  51|    |  50|  54|  51|  52|  51|  52|  54|  58|  51|    |    |  54|  51|    |  56|  61|    |    |  55|[23]|
 +----+----+----+----+----+----+----+----+----+----+----+----+----+----+----+----+----+----+----+----+----+----+----+----+----+----+----+----+----+----+----+----+----+----+----+----+----+----+----+----+----+----+----+----+----+----+----+----+----+----+----+----+----+----+----+----+----+----+----+----+----+----+----+----+----+----+
 |[24]|  50|  52|    |  55|  63|  51|  53|  52|  50|  51|    |  56|  52|  51|    |  58|  55|    |    |  60|  56|    |    |  55| ## |    |  52|    |  60|    |  57|  52|    |  55|    |  57|  55|  55|  51|  56|  55|  59|  54|  51|  50|  52|  64|  53|  54|  51|  55|  55|  55|  54|    |  50|  56|    |    |  55|  58|    |    |  58|[24]|
 +----+----+----+----+----+----+----+----+----+----+----+----+----+----+----+----+----+----+----+----+----+----+----+----+----+----+----+----+----+----+----+----+----+----+----+----+----+----+----+----+----+----+----+----+----+----+----+----+----+----+----+----+----+----+----+----+----+----+----+----+----+----+----+----+----+----+
 |[25]|  51|    |    |  55|  61|    |  53|    |    |  56|    |  57|  50|    |    |  60|  53|    |    |  58|  59|    |    |  51|  56| ## |  51|    |  57|    |  53|    |    |  55|    |  50|    |  52|  53|    |  53|  57|  55|    |    |    |  55|    |  51|    |    |  52|  55|  50|    |    |    |    |    |  53|  55|    |    |  55|[25]|
 +----+----+----+----+----+----+----+----+----+----+----+----+----+----+----+----+----+----+----+----+----+----+----+----+----+----+----+----+----+----+----+----+----+----+----+----+----+----+----+----+----+----+----+----+----+----+----+----+----+----+----+----+----+----+----+----+----+----+----+----+----+----+----+----+----+----+
 |[26]|    |    |    |  51|  64|    |    |  51|    |  56|    |  61|    |    |    |  55|  52|    |    |  58|  52|    |    |  54|  50|    | ## |    |  56|    |  54|    |    |  52|    |  53|  52|  52|    |  53|  50|  52|  56|    |    |  50|  57|    |    |  51|    |  53|  60|  51|    |  53|  60|    |    |  58|  55|    |    |  56|[26]|
 +----+----+----+----+----+----+----+----+----+----+----+----+----+----+----+----+----+----+----+----+----+----+----+----+----+----+----+----+----+----+----+----+----+----+----+----+----+----+----+----+----+----+----+----+----+----+----+----+----+----+----+----+----+----+----+----+----+----+----+----+----+----+----+----+----+----+
 |[27]|    |    |    |    |  61|    |  52|  50|  51|    |    |  62|    |  53|    |  57|  55|    |    |  59|  51|  53|  50|  54|    |    |  52| ## |  60|    |  53|  52|    |  51|    |  57|  52|  50|  50|    |    |  54|  54|    |    |    |  58|    |    |    |  56|  52|  58|    |    |    |  55|  50|    |  58|  54|    |    |  56|[27]|
 +----+----+----+----+----+----+----+----+----+----+----+----+----+----+----+----+----+----+----+----+----+----+----+----+----+----+----+----+----+----+----+----+----+----+----+----+----+----+----+----+----+----+----+----+----+----+----+----+----+----+----+----+----+----+----+----+----+----+----+----+----+----+----+----+----+----+
 |[28]|    |    |    |    |  62|    |    |    |    |  54|    |  56|  50|    |    |  55|  53|    |    |  54|  54|    |    |  50|    |    |    |    | ## |    |  52|    |    |  53|    |  55|  50|  51|    |  53|    |  53|  55|    |    |    |  55|    |  50|    |  51|  50|  57|    |    |    |  56|    |    |  52|  58|    |    |  56|[28]|
 +----+----+----+----+----+----+----+----+----+----+----+----+----+----+----+----+----+----+----+----+----+----+----+----+----+----+----+----+----+----+----+----+----+----+----+----+----+----+----+----+----+----+----+----+----+----+----+----+----+----+----+----+----+----+----+----+----+----+----+----+----+----+----+----+----+----+
 |[29]|    |    |    |  51|  58|    |    |    |    |    |    |  56|    |    |    |  53|  54|    |    |  58|    |    |  50|  51|  52|    |    |    |  55| ## |  53|  51|    |  54|    |  56|  52|  50|  50|  52|    |  53|  51|  50|    |  50|  55|    |    |    |    |  51|  58|  50|    |  50|  51|  51|    |  50|  53|    |    |  51|[29]|
 +----+----+----+----+----+----+----+----+----+----+----+----+----+----+----+----+----+----+----+----+----+----+----+----+----+----+----+----+----+----+----+----+----+----+----+----+----+----+----+----+----+----+----+----+----+----+----+----+----+----+----+----+----+----+----+----+----+----+----+----+----+----+----+----+----+----+
 |[30]|    |    |    |  50|  65|    |  51|    |    |  51|    |  56|  51|    |    |  60|  54|    |    |  55|  53|    |    |  57|  51|    |    |    |  57|    | ## |  51|    |  52|    |  54|    |  51|  50|  53|    |  58|  56|  53|    |  52|  57|    |    |    |  50|  52|  57|    |    |    |  57|  51|    |  55|  53|    |    |  50|[30]|
 +----+----+----+----+----+----+----+----+----+----+----+----+----+----+----+----+----+----+----+----+----+----+----+----+----+----+----+----+----+----+----+----+----+----+----+----+----+----+----+----+----+----+----+----+----+----+----+----+----+----+----+----+----+----+----+----+----+----+----+----+----+----+----+----+----+----+
 |[31]|    |  52|    |  54|  64|    |  53|    |    |  51|    |  60|  52|    |    |  57|  55|    |    |  59|  52|    |    |  56|  51|    |    |    |  59|    |  57| ## |    |  56|    |  61|  53|  55|  52|  56|    |  53|  57|    |    |  53|  55|    |    |    |  55|  54|  61|  50|    |    |  56|  53|    |  58|  57|    |    |  56|[31]|
 +----+----+----+----+----+----+----+----+----+----+----+----+----+----+----+----+----+----+----+----+----+----+----+----+----+----+----+----+----+----+----+----+----+----+----+----+----+----+----+----+----+----+----+----+----+----+----+----+----+----+----+----+----+----+----+----+----+----+----+----+----+----+----+----+----+----+
 |[32]|    |    |    |  50|  64|    |    |    |    |  51|    |  59|  50|    |  50|  58|  52|    |    |  57|  54|    |    |  53|  50|    |  50|    |  57|    |  51|    | ## |  55|    |  54|    |  51|  56|  50|  50|  54|  52|    |    |  50|  57|    |  53|    |    |  55|  60|    |    |    |  52|    |    |  56|  56|    |    |  53|[32]|
 +----+----+----+----+----+----+----+----+----+----+----+----+----+----+----+----+----+----+----+----+----+----+----+----+----+----+----+----+----+----+----+----+----+----+----+----+----+----+----+----+----+----+----+----+----+----+----+----+----+----+----+----+----+----+----+----+----+----+----+----+----+----+----+----+----+----+
 |[33]|    |    |    |  52|  55|    |  50|    |    |  51|    |  56|    |    |    |  53|  54|    |    |  54|    |    |    |  52|    |    |    |    |  58|    |  52|  50|    | ## |    |  55|  50|    |    |  51|    |    |  51|    |    |    |  53|    |    |    |    |  51|  56|    |    |    |  54|    |    |  51|  56|    |    |  50|[33]|
 +----+----+----+----+----+----+----+----+----+----+----+----+----+----+----+----+----+----+----+----+----+----+----+----+----+----+----+----+----+----+----+----+----+----+----+----+----+----+----+----+----+----+----+----+----+----+----+----+----+----+----+----+----+----+----+----+----+----+----+----+----+----+----+----+----+----+
 |[34]|    |    |    |  54|  65|    |  53|    |    |  55|    |  62|  50|  52|  51|  57|  58|    |    |  59|  54|  52|    |  54|  51|    |  54|    |  61|    |  54|  50|    |  54| ## |  57|  52|  58|  51|  53|    |  57|  54|    |    |  50|  60|    |    |  51|  50|  52|  60|  51|    |    |  62|  51|    |  55|  56|    |    |  57|[34]|
 +----+----+----+----+----+----+----+----+----+----+----+----+----+----+----+----+----+----+----+----+----+----+----+----+----+----+----+----+----+----+----+----+----+----+----+----+----+----+----+----+----+----+----+----+----+----+----+----+----+----+----+----+----+----+----+----+----+----+----+----+----+----+----+----+----+----+
 |[35]|    |    |    |    |  62|    |    |    |    |    |    |  56|  50|    |    |  54|  53|    |    |  56|  50|    |    |  54|    |    |    |    |  57|    |  51|  52|    |  52|    | ## |  53|  53|    |  51|    |  55|  55|    |    |    |  55|    |    |    |    |  52|  57|  51|    |    |  55|    |    |  52|  56|    |    |  53|[35]|
 +----+----+----+----+----+----+----+----+----+----+----+----+----+----+----+----+----+----+----+----+----+----+----+----+----+----+----+----+----+----+----+----+----+----+----+----+----+----+----+----+----+----+----+----+----+----+----+----+----+----+----+----+----+----+----+----+----+----+----+----+----+----+----+----+----+----+
 |[36]|    |  51|    |  51|  60|    |  50|    |    |  54|    |  57|    |    |    |  58|  57|    |    |  56|  53|  50|    |  52|  52|    |  51|    |  58|    |  53|  51|    |  54|    |  60| ## |  52|  51|  55|    |  58|  51|    |    |  50|  59|    |  50|    |    |  51|  56|    |    |  50|  58|    |    |  57|  61|    |    |  57|[36]|
 +----+----+----+----+----+----+----+----+----+----+----+----+----+----+----+----+----+----+----+----+----+----+----+----+----+----+----+----+----+----+----+----+----+----+----+----+----+----+----+----+----+----+----+----+----+----+----+----+----+----+----+----+----+----+----+----+----+----+----+----+----+----+----+----+----+----+
 |[37]|    |    |    |  52|  61|    |    |    |    |  50|    |  55|  50|    |    |  53|  51|    |    |  58|  52|  51|    |  52|  51|    |  50|    |  58|    |  53|  51|    |  51|    |  58|  50| ## |    |  53|    |  56|  57|    |    |    |  57|    |    |    |    |  52|  59|  50|    |    |  57|  53|    |  54|  57|    |    |  55|[37]|
 +----+----+----+----+----+----+----+----+----+----+----+----+----+----+----+----+----+----+----+----+----+----+----+----+----+----+----+----+----+----+----+----+----+----+----+----+----+----+----+----+----+----+----+----+----+----+----+----+----+----+----+----+----+----+----+----+----+----+----+----+----+----+----+----+----+----+
 |[38]|    |    |    |    |  60|    |  50|  52|  50|  52|    |  57|    |    |    |  60|  56|    |    |  56|  54|    |    |  53|    |    |    |    |  57|    |  55|  51|    |  52|    |  56|  52|    | ## |  56|  51|  53|  55|    |    |    |  53|    |  51|    |    |    |  57|    |    |    |  53|    |    |  55|  55|    |    |  57|[38]|
 +----+----+----+----+----+----+----+----+----+----+----+----+----+----+----+----+----+----+----+----+----+----+----+----+----+----+----+----+----+----+----+----+----+----+----+----+----+----+----+----+----+----+----+----+----+----+----+----+----+----+----+----+----+----+----+----+----+----+----+----+----+----+----+----+----+----+
 |[39]|    |    |    |  51|  63|    |    |  50|    |  50|    |  57|    |  50|    |  54|  55|    |    |  56|  51|    |    |  54|  50|    |    |    |  58|    |  54|  52|    |  52|    |  54|  53|  52|  53| ## |    |  56|  58|    |    |  50|  55|    |    |    |  52|  50|  59|    |    |    |  55|    |    |  56|  55|    |    |  56|[39]|
 +----+----+----+----+----+----+----+----+----+----+----+----+----+----+----+----+----+----+----+----+----+----+----+----+----+----+----+----+----+----+----+----+----+----+----+----+----+----+----+----+----+----+----+----+----+----+----+----+----+----+----+----+----+----+----+----+----+----+----+----+----+----+----+----+----+----+
 |[40]|    |    |    |    |  61|    |    |  50|    |    |    |  58|    |    |    |  57|  54|    |    |  55|    |    |    |  54|  54|    |  50|    |  54|    |  52|    |    |  52|    |  53|  50|  51|  52|  52| ## |  55|  55|    |    |    |  57|    |  50|    |    |    |  54|    |    |    |  53|  51|    |  54|  54|    |    |  55|[40]|
 +----+----+----+----+----+----+----+----+----+----+----+----+----+----+----+----+----+----+----+----+----+----+----+----+----+----+----+----+----+----+----+----+----+----+----+----+----+----+----+----+----+----+----+----+----+----+----+----+----+----+----+----+----+----+----+----+----+----+----+----+----+----+----+----+----+----+
 |[41]|    |    |    |    |  62|    |  51|  52|    |  50|    |  57|  53|    |    |  59|  55|    |    |  59|  53|  52|    |  52|  53|    |    |    |  58|    |  59|    |    |  50|    |  58|  55|  55|    |  56|  51| ## |  56|  50|    |    |  59|  50|  53|    |    |  54|  57|  50|    |  50|  58|  51|    |  57|  57|    |    |  55|[41]|
 +----+----+----+----+----+----+----+----+----+----+----+----+----+----+----+----+----+----+----+----+----+----+----+----+----+----+----+----+----+----+----+----+----+----+----+----+----+----+----+----+----+----+----+----+----+----+----+----+----+----+----+----+----+----+----+----+----+----+----+----+----+----+----+----+----+----+
 |[42]|    |    |    |  52|  61|    |    |    |    |  52|    |  60|    |    |    |  55|  52|    |    |  56|  52|    |    |  53|    |    |  51|    |  59|    |  56|  51|    |  51|    |  57|    |  54|  50|  57|  50|  54| ## |    |    |  50|  54|    |  51|    |    |  52|  59|  50|    |    |  57|    |    |  54|  54|    |    |  54|[42]|
 +----+----+----+----+----+----+----+----+----+----+----+----+----+----+----+----+----+----+----+----+----+----+----+----+----+----+----+----+----+----+----+----+----+----+----+----+----+----+----+----+----+----+----+----+----+----+----+----+----+----+----+----+----+----+----+----+----+----+----+----+----+----+----+----+----+----+
 |[43]|    |    |    |    |  64|    |    |    |    |    |    |  57|    |    |    |  52|  50|    |    |  55|  51|  50|  50|  55|  51|    |    |    |  53|    |  59|    |    |  51|    |  54|  51|  52|  50|  52|    |  54|  52| ## |    |  50|  57|    |    |    |  50|  51|  54|    |    |    |  53|    |    |  54|  54|    |    |  51|[43]|
 +----+----+----+----+----+----+----+----+----+----+----+----+----+----+----+----+----+----+----+----+----+----+----+----+----+----+----+----+----+----+----+----+----+----+----+----+----+----+----+----+----+----+----+----+----+----+----+----+----+----+----+----+----+----+----+----+----+----+----+----+----+----+----+----+----+----+
 |[44]|    |    |    |  51|  62|    |  53|    |    |  51|    |  55|  52|    |    |  53|  54|    |    |  55|    |    |  51|  51|  50|    |    |    |  59|    |  53|  50|    |  52|    |  59|  50|  52|    |  50|    |  52|  55|    | ## |    |  54|  51|  50|    |  51|  51|  55|  50|    |    |  54|  50|    |  53|  55|    |    |  54|[44]|
 +----+----+----+----+----+----+----+----+----+----+----+----+----+----+----+----+----+----+----+----+----+----+----+----+----+----+----+----+----+----+----+----+----+----+----+----+----+----+----+----+----+----+----+----+----+----+----+----+----+----+----+----+----+----+----+----+----+----+----+----+----+----+----+----+----+----+
 |[45]|    |    |    |  50|  60|    |    |    |    |  53|    |  58|    |    |    |  53|  51|    |    |  58|  53|    |    |  53|  50|    |  50|    |  57|    |  57|  52|    |  52|    |  53|  50|  51|    |  53|    |  52|  54|    |    | ## |  55|    |    |    |  50|  52|  61|    |    |    |  52|    |    |  52|  53|    |    |  51|[45]|
 +----+----+----+----+----+----+----+----+----+----+----+----+----+----+----+----+----+----+----+----+----+----+----+----+----+----+----+----+----+----+----+----+----+----+----+----+----+----+----+----+----+----+----+----+----+----+----+----+----+----+----+----+----+----+----+----+----+----+----+----+----+----+----+----+----+----+
 |[46]|    |    |    |  51|  62|    |    |    |    |  50|    |  58|    |  50|    |  53|  56|    |    |  57|  51|    |    |    |  54|    |  50|    |  57|    |  55|    |    |  51|    |  54|  52|  52|    |  51|    |  55|  52|    |    |    | ## |    |    |    |    |  52|  57|    |    |    |  56|    |    |  52|  54|    |    |  52|[46]|
 +----+----+----+----+----+----+----+----+----+----+----+----+----+----+----+----+----+----+----+----+----+----+----+----+----+----+----+----+----+----+----+----+----+----+----+----+----+----+----+----+----+----+----+----+----+----+----+----+----+----+----+----+----+----+----+----+----+----+----+----+----+----+----+----+----+----+
 |[47]|    |  54|    |  51|  63|    |  54|  50|  50|    |    |  58|  50|  51|    |  57|  57|    |    |  57|  52|  51|    |  56|  54|    |  51|    |  60|    |  57|    |    |  54|    |  53|  53|  53|    |  53|    |  57|  54|    |  52|    |  59| ## |    |  51|  57|  54|  60|  52|    |    |  60|  52|    |  55|  58|    |    |  53|[47]|
 +----+----+----+----+----+----+----+----+----+----+----+----+----+----+----+----+----+----+----+----+----+----+----+----+----+----+----+----+----+----+----+----+----+----+----+----+----+----+----+----+----+----+----+----+----+----+----+----+----+----+----+----+----+----+----+----+----+----+----+----+----+----+----+----+----+----+
 |[48]|    |    |    |    |  60|    |  52|    |    |  50|    |  58|    |    |    |  52|  55|    |    |  55|  51|    |    |  53|  50|    |    |    |  57|    |  52|    |    |  50|    |  55|    |    |    |  50|    |  55|  54|    |    |    |  53|    | ## |    |    |  52|  58|    |    |  51|  51|    |    |  55|  56|    |    |  52|[48]|
 +----+----+----+----+----+----+----+----+----+----+----+----+----+----+----+----+----+----+----+----+----+----+----+----+----+----+----+----+----+----+----+----+----+----+----+----+----+----+----+----+----+----+----+----+----+----+----+----+----+----+----+----+----+----+----+----+----+----+----+----+----+----+----+----+----+----+
 |[49]|    |    |    |    |  62|    |  56|  51|    |  53|    |  59|  50|  53|  50|  56|  56|    |    |  57|  53|    |  51|  56|  51|    |  54|    |  60|    |  54|    |    |  54|    |  57|  50|  53|    |  54|  50|  54|  56|    |    |    |  59|  50|  52| ## |    |  55|  57|  50|    |    |  59|    |    |  56|  56|    |    |  53|[49]|
 +----+----+----+----+----+----+----+----+----+----+----+----+----+----+----+----+----+----+----+----+----+----+----+----+----+----+----+----+----+----+----+----+----+----+----+----+----+----+----+----+----+----+----+----+----+----+----+----+----+----+----+----+----+----+----+----+----+----+----+----+----+----+----+----+----+----+
 |[50]|    |    |    |  50|  66|  50|  50|    |    |    |    |  56|  51|  51|    |  56|  50|    |    |  60|  51|    |    |  56|  54|    |    |  50|  61|    |  55|  55|    |  52|    |  57|  50|  52|  50|  56|    |  53|  50|    |  50|  51|  56|  54|  50|    | ## |  52|  57|    |    |    |  55|  52|    |  56|  56|    |    |  55|[50]|
 +----+----+----+----+----+----+----+----+----+----+----+----+----+----+----+----+----+----+----+----+----+----+----+----+----+----+----+----+----+----+----+----+----+----+----+----+----+----+----+----+----+----+----+----+----+----+----+----+----+----+----+----+----+----+----+----+----+----+----+----+----+----+----+----+----+----+
 |[51]|    |    |    |  51|  61|    |    |    |    |  51|    |  60|  51|    |    |  58|  52|    |    |  55|  50|    |  50|  54|  51|    |  51|    |  57|    |  54|  51|    |  54|    |  57|    |  52|    |  51|    |  55|  55|    |    |  50|  57|    |  51|  50|    | ## |  57|  51|    |  50|  58|  50|    |  57|  54|    |    |  55|[51]|
 +----+----+----+----+----+----+----+----+----+----+----+----+----+----+----+----+----+----+----+----+----+----+----+----+----+----+----+----+----+----+----+----+----+----+----+----+----+----+----+----+----+----+----+----+----+----+----+----+----+----+----+----+----+----+----+----+----+----+----+----+----+----+----+----+----+----+
 |[52]|    |    |    |  50|  64|    |    |    |    |  53|    |  60|    |    |    |  54|  54|    |    |  60|  51|    |    |  53|    |    |  53|    |  59|    |  54|  52|    |  54|    |  56|  50|  54|    |  55|    |  54|  56|    |    |  54|  57|    |  52|    |    |  52| ## |  51|    |    |  55|  50|    |  56|  55|    |    |  55|[52]|
 +----+----+----+----+----+----+----+----+----+----+----+----+----+----+----+----+----+----+----+----+----+----+----+----+----+----+----+----+----+----+----+----+----+----+----+----+----+----+----+----+----+----+----+----+----+----+----+----+----+----+----+----+----+----+----+----+----+----+----+----+----+----+----+----+----+----+
 |[53]|    |    |    |  51|  60|  50|  51|    |    |  52|    |  58|  51|    |    |  55|  54|    |    |  56|  53|    |    |  55|  53|    |  52|    |  57|    |  53|  51|    |  54|    |  60|    |  54|    |  52|    |  55|  56|    |    |    |  57|  51|  52|    |    |  54|  60| ## |    |    |  58|    |    |  59|  56|  50|    |  52|[53]|
 +----+----+----+----+----+----+----+----+----+----+----+----+----+----+----+----+----+----+----+----+----+----+----+----+----+----+----+----+----+----+----+----+----+----+----+----+----+----+----+----+----+----+----+----+----+----+----+----+----+----+----+----+----+----+----+----+----+----+----+----+----+----+----+----+----+----+
 |[54]|    |    |    |    |  65|    |    |    |    |  52|    |  56|  51|    |    |  54|  58|    |    |  57|  51|    |    |  59|  51|    |  51|    |  55|    |  51|  50|    |  53|    |  55|  53|    |  51|  53|  51|  51|  53|    |    |    |  56|    |  50|  53|  52|  52|  59|  53| ## |    |  56|    |    |  56|  53|    |    |  53|[54]|
 +----+----+----+----+----+----+----+----+----+----+----+----+----+----+----+----+----+----+----+----+----+----+----+----+----+----+----+----+----+----+----+----+----+----+----+----+----+----+----+----+----+----+----+----+----+----+----+----+----+----+----+----+----+----+----+----+----+----+----+----+----+----+----+----+----+----+
 |[55]|    |    |    |  51|  65|    |  53|  50|  51|    |    |  64|    |    |    |  57|  54|    |    |  58|  56|    |    |  55|  51|    |  56|    |  59|    |  56|  51|    |  53|    |  58|  54|  52|  51|  53|  51|  56|  55|    |    |    |  58|    |  56|    |    |  55|  55|    |    | ## |  55|    |    |  57|  59|    |    |  55|[55]|
 +----+----+----+----+----+----+----+----+----+----+----+----+----+----+----+----+----+----+----+----+----+----+----+----+----+----+----+----+----+----+----+----+----+----+----+----+----+----+----+----+----+----+----+----+----+----+----+----+----+----+----+----+----+----+----+----+----+----+----+----+----+----+----+----+----+----+
 |[56]|    |    |    |    |  60|    |    |    |    |  52|    |  58|    |    |    |  53|  53|    |    |  55|  54|    |    |  51|    |    |  53|    |  59|    |  56|  50|    |  53|    |  56|  53|  54|    |  52|    |  55|  56|    |    |    |  58|  51|    |  50|    |  54|  56|  51|    |    | ## |    |    |  58|  53|    |    |  55|[56]|
 +----+----+----+----+----+----+----+----+----+----+----+----+----+----+----+----+----+----+----+----+----+----+----+----+----+----+----+----+----+----+----+----+----+----+----+----+----+----+----+----+----+----+----+----+----+----+----+----+----+----+----+----+----+----+----+----+----+----+----+----+----+----+----+----+----+----+
 |[57]|    |    |    |  53|  60|    |    |    |    |    |    |  55|    |    |    |  55|  52|    |    |  55|    |    |    |  53|    |    |    |    |  56|    |  54|  51|    |  52|    |  53|    |  54|    |  50|    |  53|  50|    |    |    |  51|    |    |    |  50|  51|  56|    |    |    |  51| ## |    |  50|  51|    |    |  53|[57]|
 +----+----+----+----+----+----+----+----+----+----+----+----+----+----+----+----+----+----+----+----+----+----+----+----+----+----+----+----+----+----+----+----+----+----+----+----+----+----+----+----+----+----+----+----+----+----+----+----+----+----+----+----+----+----+----+----+----+----+----+----+----+----+----+----+----+----+
 |[58]|    |    |    |    |  60|  50|  50|  52|    |  51|    |  61|    |    |    |  57|  50|    |    |  58|  53|    |    |  52|    |    |  51|    |  58|    |  55|    |    |  51|    |  58|  50|    |  50|  53|    |  51|  58|    |    |    |  53|    |  54|    |  51|    |  57|  51|    |    |  51|    | ## |  56|  56|    |    |  51|[58]|
 +----+----+----+----+----+----+----+----+----+----+----+----+----+----+----+----+----+----+----+----+----+----+----+----+----+----+----+----+----+----+----+----+----+----+----+----+----+----+----+----+----+----+----+----+----+----+----+----+----+----+----+----+----+----+----+----+----+----+----+----+----+----+----+----+----+----+
 |[59]|    |    |    |    |  62|    |    |    |    |  50|  50|  59|  51|    |  51|  56|  57|    |    |  55|  52|    |    |  54|    |    |  52|    |  56|    |  54|  52|    |  50|    |  54|  52|  51|    |  54|    |  55|  54|    |    |    |  54|    |  51|    |  50|  54|  58|  52|    |    |  58|    |    | ## |  52|    |    |  52|[59]|
 +----+----+----+----+----+----+----+----+----+----+----+----+----+----+----+----+----+----+----+----+----+----+----+----+----+----+----+----+----+----+----+----+----+----+----+----+----+----+----+----+----+----+----+----+----+----+----+----+----+----+----+----+----+----+----+----+----+----+----+----+----+----+----+----+----+----+
 |[60]|  50|    |    |  52|  61|    |    |    |    |  52|    |  56|    |    |    |  54|  55|    |    |  58|  53|    |    |  57|  50|    |    |    |  61|    |  52|  50|    |  54|    |  57|  55|  53|    |  52|    |  54|  53|    |    |    |  55|    |  52|    |    |  50|  56|    |    |  50|  53|    |    |  52| ## |    |    |  54|[60]|
 +----+----+----+----+----+----+----+----+----+----+----+----+----+----+----+----+----+----+----+----+----+----+----+----+----+----+----+----+----+----+----+----+----+----+----+----+----+----+----+----+----+----+----+----+----+----+----+----+----+----+----+----+----+----+----+----+----+----+----+----+----+----+----+----+----+----+
 |[61]|    |  50|    |    |  64|    |  52|  52|  50|  51|    |  59|    |    |  50|  55|  54|    |    |  58|  50|    |    |  52|    |    |    |    |  58|    |  54|    |    |  55|    |  58|  52|  54|  51|  53|  50|  57|  58|    |    |    |  56|  52|  52|    |    |  55|  57|  56|    |    |  56|    |    |  57|  52| ## |    |  51|[61]|
 +----+----+----+----+----+----+----+----+----+----+----+----+----+----+----+----+----+----+----+----+----+----+----+----+----+----+----+----+----+----+----+----+----+----+----+----+----+----+----+----+----+----+----+----+----+----+----+----+----+----+----+----+----+----+----+----+----+----+----+----+----+----+----+----+----+----+
 |[62]|    |    |    |  54|  61|    |    |  56|  50|  51|    |  64|  51|    |    |  57|  54|    |    |  55|  55|    |  50|  57|  51|    |  57|    |  59|    |  59|  51|    |    |    |  57|  53|  56|  51|  51|  52|  54|  55|    |    |    |  60|    |  56|  52|  52|    |  63|  51|    |  51|  57|    |    |  57|  57|    | ## |  53|[62]|
 +----+----+----+----+----+----+----+----+----+----+----+----+----+----+----+----+----+----+----+----+----+----+----+----+----+----+----+----+----+----+----+----+----+----+----+----+----+----+----+----+----+----+----+----+----+----+----+----+----+----+----+----+----+----+----+----+----+----+----+----+----+----+----+----+----+----+
 |[63]|    |    |    |  50|  65|    |    |    |    |  52|    |  61|  51|    |    |  55|  53|    |    |  53|  50|    |    |  53|  51|    |  52|    |  61|    |  51|  51|    |  50|    |  56|  54|  53|  53|  55|  50|  55|  55|    |    |    |  55|    |  50|    |  50|  53|  58|    |    |    |  57|  50|    |  54|  56|    |    | ## |[63]|
 +----+----+----+----+----+----+----+----+----+----+----+----+----+----+----+----+----+----+----+----+----+----+----+----+----+----+----+----+----+----+----+----+----+----+----+----+----+----+----+----+----+----+----+----+----+----+----+----+----+----+----+----+----+----+----+----+----+----+----+----+----+----+----+----+----+----+
 | ## |[ 0]|[ 1]|[ 2]|[ 3]|[ 4]|[ 5]|[ 6]|[ 7]|[ 8]|[ 9]|[10]|[11]|[12]|[13]|[14]|[15]|[16]|[17]|[18]|[19]|[20]|[21]|[22]|[23]|[24]|[25]|[26]|[27]|[28]|[29]|[30]|[31]|[32]|[33]|[34]|[35]|[36]|[37]|[38]|[39]|[40]|[41]|[42]|[43]|[44]|[45]|[46]|[47]|[48]|[49]|[50]|[51]|[52]|[53]|[54]|[55]|[56]|[57]|[58]|[59]|[60]|[61]|[62]|[63]| ## |
 +----+----+----+----+----+----+----+----+----+----+----+----+----+----+----+----+----+----+----+----+----+----+----+----+----+----+----+----+----+----+----+----+----+----+----+----+----+----+----+----+----+----+----+----+----+----+----+----+----+----+----+----+----+----+----+----+----+----+----+----+----+----+----+----+----+----+
 | ## |[ 3]|[ 9]|[ 1]|[45]|[63]|[ 7]|[36]|[21]|[13]|[48]|[ 1]|[63]|[30]|[15]|[ 7]|[63]|[63]|[ 0]|[ 0]|[63]|[57]|[11]|[13]|[61]|[43]|[ 0]|[42]|[ 3]|[63]|[ 0]|[63]|[41]|[ 0]|[60]|[ 0]|[63]|[52]|[56]|[35]|[59]|[22]|[62]|[63]|[ 7]|[ 8]|[25]|[63]|[16]|[40]|[18]|[29]|[56]|[63]|[35]|[ 0]|[13]|[62]|[26]|[ 0]|[63]|[63]|[ 1]|[ 0]|[63]| ## |
 +----+----+----+----+----+----+----+----+----+----+----+----+----+----+----+----+----+----+----+----+----+----+----+----+----+----+----+----+----+----+----+----+----+----+----+----+----+----+----+----+----+----+----+----+----+----+----+----+----+----+----+----+----+----+----+----+----+----+----+----+----+----+----+----+----+----+






