

 [80] ******************************************************

 [3 , 51, 63]  131347.645610 vs 127029.556922 >>  4318.088688  :  100.640625  (1)
[390]    101  [3, 51, 63]

 [70] ******************************************************

 [3 , 4, 63]  109138.657973 vs 105877.607905 >>  3261.050069  :  207.703125  (2)
[390]    160  [3, 4, 63]
[680]    48  [3, 4, 63]

 [60] ******************************************************

 [3 , 4, 63]  95498.035203 vs 92768.512019 >>  2729.523184  :  420.531250  (2)
[390]    288  [3, 4, 63]
[680]    132  [3, 4, 63]

 [50] ******************************************************

 [3 , 4, 63]  84826.251863 vs 82599.230112 >>  2227.021751  :  494.734375  (2)
[390]    345  [3, 4, 63]
[680]    149  [3, 4, 63]

 [40] ******************************************************

 [3 , 32, 63]  73554.422273 vs 71821.878320 >>  1732.543953  :  882.781250  (2)
[390]    504  [3, 63]
[466]    379  [3, 32, 63]

 [30] ******************************************************

 [3 , 32, 63]  62483.579989 vs 61370.910172 >>  1112.669817  :  1010.640625  (2)
[390]    549  [3, 63]
[466]    461  [3, 32, 63]