
 now Q is 40

basis_ent0 = 0.009103
 [29 , 32, 61]  0.009103 + 0.004075 <  0.015792  :  501.796875  (12)
 [29 , 47, 61]  0.009103 + 0.003668 <  0.015792  :  477.718750  (11)
 [29 , 54, 61]  0.009103 + 0.003518 <  0.015792  :  475.453125  (11)
 [29 , 53, 61]  0.009103 + 0.003767 <  0.015792  :  471.421875  (11)
 [21 , 29, 61]  0.009103 + 0.003736 <  0.015792  :  469.906250  (12)
 [29 , 31, 61]  0.009103 + 0.003603 <  0.015792  :  469.453125  (11)
 [29 , 55, 61]  0.009103 + 0.004143 <  0.015792  :  469.453125  (12)
 [7 , 29, 61]  0.009103 + 0.003495 <  0.015792  :  469.328125  (11)
 [29 , 61, 63]  0.009103 + 0.003669 <  0.015792  :  466.625000  (11)
 [29 , 56, 61]  0.009103 + 0.003643 <  0.015792  :  464.093750  (11)

 [29 , 61, 99]  0.009103 + 0.003949 >>  0.010528  :  444.593750  (11)
 [32 , 61, 99]  0.009103 + 0.004387 <  0.010528  :  364.625000  (12)
 [53 , 61, 99]  0.009103 + 0.004045 <  0.010528  :  331.656250  (11)
 [5 , 61, 99]  0.009103 + 0.003923 <  0.010528  :  330.171875  (11)
 [0 , 61, 99]  0.009103 + 0.003997 <  0.010528  :  309.109375  (11)
 [44 , 61, 99]  0.009103 + 0.004070 <  0.010528  :  308.453125  (11)
 [22 , 61, 99]  0.009103 + 0.004019 <  0.010528  :  303.015625  (11)
 [16 , 61, 99]  0.009103 + 0.003966 <  0.010528  :  301.046875  (11)
 [11 , 61, 99]  0.009103 + 0.003995 <  0.010528  :  300.828125  (11)
 [7 , 61, 99]  0.009103 + 0.004061 <  0.010528  :  300.781250  (11)

 [61 , 99, 99]  0.009103 + 0.004287 <  0.005264  :  256.656250  (11)
 [99 , 99, 99]  0.009103 + 0.000000 <  0.005264  :  0.000000  (0)
 [99 , 99, 99]  0.009103 + 0.000000 <  0.005264  :  0.000000  (0)
 [99 , 99, 99]  0.009103 + 0.000000 <  0.005264  :  0.000000  (0)
 [99 , 99, 99]  0.009103 + 0.000000 <  0.005264  :  0.000000  (0)
 [99 , 99, 99]  0.009103 + 0.000000 <  0.005264  :  0.000000  (0)
 [99 , 99, 99]  0.009103 + 0.000000 <  0.005264  :  0.000000  (0)
 [99 , 99, 99]  0.009103 + 0.000000 <  0.005264  :  0.000000  (0)
 [99 , 99, 99]  0.009103 + 0.000000 <  0.005264  :  0.000000  (0)
 [99 , 99, 99]  0.009103 + 0.000000 <  0.005264  :  0.000000  (0)
29, 61, 99


 now Q is 30

basis_ent0 = 0.010821
 [29 , 32, 61]  0.010821 + 0.004037 <  0.015792  :  565.843750  (15)
 [29 , 47, 61]  0.010821 + 0.003683 <  0.015792  :  539.718750  (13)
 [21 , 29, 61]  0.010821 + 0.003442 <  0.015792  :  537.562500  (13)
 [29 , 55, 61]  0.010821 + 0.003800 <  0.015792  :  534.640625  (12)
 [29 , 50, 61]  0.010821 + 0.003896 <  0.015792  :  531.140625  (13)
 [29 , 54, 61]  0.010821 + 0.003515 <  0.015792  :  524.296875  (13)
 [29 , 51, 61]  0.010821 + 0.003805 <  0.015792  :  523.828125  (13)
 [29 , 53, 61]  0.010821 + 0.003716 <  0.015792  :  523.656250  (12)
 [29 , 31, 61]  0.010821 + 0.003551 <  0.015792  :  521.687500  (12)
 [7 , 29, 61]  0.010821 + 0.003447 <  0.015792  :  521.281250  (12)

 [29 , 61, 99]  0.010821 + 0.003939 >>  0.010528  :  492.218750  (12)
 [32 , 61, 99]  0.010821 + 0.004077 <  0.010528  :  419.062500  (13)
 [5 , 61, 99]  0.010821 + 0.003764 <  0.010528  :  377.000000  (12)
 [53 , 61, 99]  0.010821 + 0.003811 <  0.010528  :  376.734375  (11)
 [50 , 61, 99]  0.010821 + 0.003629 <  0.010528  :  367.296875  (11)
 [44 , 61, 99]  0.010821 + 0.003447 <  0.010528  :  356.187500  (10)
 [0 , 61, 99]  0.010821 + 0.003658 <  0.010528  :  354.734375  (11)
 [21 , 61, 99]  0.010821 + 0.003984 <  0.010528  :  349.359375  (12)
 [16 , 61, 99]  0.010821 + 0.003357 <  0.010528  :  348.781250  (10)
 [11 , 61, 99]  0.010821 + 0.003373 <  0.010528  :  348.562500  (10)

 [61 , 99, 99]  0.010821 + 0.003674 <  0.005264  :  304.390625  (10)
 [99 , 99, 99]  0.010821 + 0.000000 <  0.005264  :  0.000000  (0)
 [99 , 99, 99]  0.010821 + 0.000000 <  0.005264  :  0.000000  (0)
 [99 , 99, 99]  0.010821 + 0.000000 <  0.005264  :  0.000000  (0)
 [99 , 99, 99]  0.010821 + 0.000000 <  0.005264  :  0.000000  (0)
 [99 , 99, 99]  0.010821 + 0.000000 <  0.005264  :  0.000000  (0)
 [99 , 99, 99]  0.010821 + 0.000000 <  0.005264  :  0.000000  (0)
 [99 , 99, 99]  0.010821 + 0.000000 <  0.005264  :  0.000000  (0)
 [99 , 99, 99]  0.010821 + 0.000000 <  0.005264  :  0.000000  (0)
 [99 , 99, 99]  0.010821 + 0.000000 <  0.005264  :  0.000000  (0)
29, 61, 99


 now Q is 20

basis_ent0 = 0.012129
 [19 , 29, 61]  0.012129 + 0.003367 <  0.015792  :  1730.984375  (29)
 [19 , 39, 61]  0.012129 + 0.003712 >>  0.015792  :  1698.000000  (29)
 [19 , 61, 63]  0.012129 + 0.003608 <  0.015792  :  1688.984375  (29)
 [19 , 53, 61]  0.012129 + 0.003548 <  0.015792  :  1677.859375  (29)
 [2 , 19, 61]  0.012129 + 0.004411 <  0.015792  :  1649.828125  (30)
 [19 , 32, 61]  0.012129 + 0.004387 <  0.015792  :  1647.062500  (33)
 [8 , 19, 61]  0.012129 + 0.003732 <  0.015792  :  1642.375000  (30)
 [10 , 19, 61]  0.012129 + 0.003847 <  0.015792  :  1607.218750  (29)
 [9 , 19, 61]  0.012129 + 0.003968 <  0.015792  :  1603.390625  (30)
 [19 , 40, 61]  0.012129 + 0.003874 <  0.015792  :  1598.203125  (30)

 [19 , 61, 99]  0.012129 + 0.004499 <  0.010528  :  1400.343750  (29)
 [29 , 61, 99]  0.012129 + 0.002492 <  0.010528  :  1100.625000  (13)
 [32 , 61, 99]  0.012129 + 0.002903 <  0.010528  :  1065.171875  (16)
 [5 , 61, 99]  0.012129 + 0.002464 <  0.010528  :  980.250000  (13)
 [53 , 61, 99]  0.012129 + 0.002602 <  0.010528  :  976.421875  (13)
 [9 , 61, 99]  0.012129 + 0.002729 <  0.010528  :  967.484375  (14)
 [50 , 61, 99]  0.012129 + 0.002726 <  0.010528  :  965.609375  (13)
 [0 , 61, 99]  0.012129 + 0.002574 <  0.010528  :  960.187500  (13)
 [21 , 61, 99]  0.012129 + 0.002518 <  0.010528  :  956.453125  (13)
 [55 , 61, 99]  0.012129 + 0.002690 <  0.010528  :  953.296875  (13)

 [61 , 99, 99]  0.012129 + 0.002905 <  0.005264  :  895.171875  (13)
 [19 , 99, 99]  0.012129 + 0.002058 <  0.005264  :  473.171875  (15)
 [9 , 99, 99]  0.012129 + 0.000028 <  0.005264  :  26.171875  (1)
 [54 , 99, 99]  0.012129 + 0.000422 <  0.005264  :  20.921875  (1)
 [8 , 99, 99]  0.012129 + 0.000146 <  0.005264  :  8.421875  (1)
 [32 , 99, 99]  0.012129 + 0.000191 <  0.005264  :  6.796875  (2)
 [99 , 99, 99]  0.012129 + 0.000000 <  0.005264  :  0.000000  (0)
 [99 , 99, 99]  0.012129 + 0.000000 <  0.005264  :  0.000000  (0)
 [99 , 99, 99]  0.012129 + 0.000000 <  0.005264  :  0.000000  (0)
 [99 , 99, 99]  0.012129 + 0.000000 <  0.005264  :  0.000000  (0)
19, 39, 61


 now Q is 10

basis_ent0 = 0.015039
 [19 , 32, 61]  0.015039 + 0.001850 >>  0.015792  :  6016.453125  (50)
 [19 , 29, 61]  0.015039 + 0.000942 <  0.015792  :  5740.062500  (46)
 [19 , 53, 61]  0.015039 + 0.001003 <  0.015792  :  5567.328125  (43)
 [19 , 39, 61]  0.015039 + 0.001374 <  0.015792  :  5414.062500  (43)
 [2 , 19, 61]  0.015039 + 0.001609 <  0.015792  :  5408.328125  (41)
 [19 , 61, 63]  0.015039 + 0.001056 <  0.015792  :  5406.234375  (40)
 [19 , 35, 61]  0.015039 + 0.002309 <  0.015792  :  5355.515625  (43)
 [19 , 55, 61]  0.015039 + 0.001440 <  0.015792  :  5331.406250  (43)
 [19 , 54, 61]  0.015039 + 0.001600 <  0.015792  :  5322.625000  (39)
 [8 , 19, 61]  0.015039 + 0.000929 <  0.015792  :  5320.890625  (38)

 [19 , 61, 99]  0.015039 + 0.002002 <  0.010528  :  4937.625000  (37)
 [19 , 32, 99]  0.015039 + 0.002412 <  0.010528  :  3575.625000  (35)
 [19 , 29, 99]  0.015039 + 0.001955 <  0.010528  :  3262.093750  (36)
 [19 , 53, 99]  0.015039 + 0.001549 <  0.010528  :  3181.343750  (28)
 [19 , 63, 99]  0.015039 + 0.001093 <  0.010528  :  3146.953125  (26)
 [2 , 19, 99]  0.015039 + 0.001580 <  0.010528  :  3119.921875  (25)
 [19 , 39, 99]  0.015039 + 0.001283 <  0.010528  :  3097.765625  (28)
 [19 , 55, 99]  0.015039 + 0.001214 <  0.010528  :  3077.296875  (30)
 [32 , 61, 99]  0.015039 + 0.001471 <  0.010528  :  3076.625000  (28)
 [19 , 35, 99]  0.015039 + 0.002338 <  0.010528  :  3030.531250  (28)

 [19 , 99, 99]  0.015039 + 0.001873 <  0.005264  :  2645.234375  (22)
 [61 , 99, 99]  0.015039 + 0.000901 <  0.005264  :  2187.468750  (15)
 [32 , 99, 99]  0.015039 + 0.001115 <  0.005264  :  695.000000  (13)
 [54 , 99, 99]  0.015039 + 0.000363 <  0.005264  :  335.703125  (3)
 [35 , 99, 99]  0.015039 + 0.000694 <  0.005264  :  326.437500  (6)
 [29 , 99, 99]  0.015039 + 0.000956 <  0.005264  :  313.140625  (13)
 [28 , 99, 99]  0.015039 + 0.000152 <  0.005264  :  251.390625  (2)
 [55 , 99, 99]  0.015039 + 0.000231 <  0.005264  :  217.906250  (7)
 [53 , 99, 99]  0.015039 + 0.000449 <  0.005264  :  193.062500  (6)
 [18 , 99, 99]  0.015039 + 0.000265 <  0.005264  :  165.171875  (3)
19, 32, 61