

 [80] ******************************************************

 [23 , 25, 32]  192129.397680 vs 188261.165796 >>  3868.231884  :  300.312500  (3)
[35]    110  [25, 32]
[283]    83  [23, 25, 32]
[602]    108  [23, 32]

 [70] ******************************************************

 [32 , 44, 58]  159044.609240 vs 155902.803117 >>  3141.806123  :  622.000000  (3)
[8]    262  [44, 58]
[35]    227  [32, 58]
[184]    139  [32, 44]

 [60] ******************************************************

 [32 , 44, 58]  136158.699355 vs 133530.559941 >>  2628.139415  :  831.625000  (3)
[8]    333  [44, 58]
[35]    247  [32, 58]
[184]    258  [32, 44]

 [50] ******************************************************

 [32 , 44, 58]  118403.661005 vs 115794.383880 >>  2609.277125  :  1155.656250  (8)
[8]    477  [44, 58]
[35]    320  [32, 58]
[184]    360  [32, 44]
[342]    1  [32]
[494]    1  [32]
[687]    2  [58]
[817]    1  [44]
[1003]    0  [32, 44]

 [40] ******************************************************

 [32 , 44, 58]  100180.338028 vs 97847.018015 >>  2333.320014  :  1219.093750  (12)
[8]    524  [44, 58]
[35]    322  [32, 58]
[184]    353  [32, 44]
[342]    3  [32]
[371]    1  [44]
[430]    1  [44]
[436]    4  [58]
[526]    3  [32]
[687]    2  [58]
[847]    4  [58]
[866]    5  [32]
[924]    5  [44]
[1003]    3  [32, 44]

 [30] ******************************************************

 [32 , 44, 58]  80083.370882 vs 77862.049364 >>  2221.321518  :  1292.671875  (6)
[8]    559  [44, 58]
[35]    328  [32, 58]
[76]    2  [58]
[184]    409  [32, 44]
[396]    0  [58]
[590]    1  [32]