
 now Q is 50

 now outputing  - - - -> end


basis_ent0 = 0.010165
 [37 , 38, 42]  0.010165 + 0.002387 <  0.015757  :  334.421875  (5)
 [9 , 38, 47]  0.010165 + 0.001613 <  0.015757  :  333.156250  (2)
 [7 , 38, 42]  0.010165 + 0.003897 <  0.015757  :  330.750000  (9)
 [38 , 42, 58]  0.010165 + 0.002319 <  0.015757  :  329.875000  (5)
 [24 , 38, 59]  0.010165 + 0.001798 <  0.015757  :  314.578125  (5)
 [38 , 40, 42]  0.010165 + 0.002229 <  0.015757  :  304.953125  (6)
 [38 , 42, 44]  0.010165 + 0.003180 <  0.015757  :  303.046875  (7)
 [10 , 38, 42]  0.010165 + 0.002383 <  0.015757  :  302.953125  (5)
 [35 , 38, 42]  0.010165 + 0.002444 <  0.015757  :  302.687500  (6)
 [38 , 42, 61]  0.010165 + 0.002390 <  0.015757  :  302.578125  (5)

 [38 , 42, 99]  0.010165 + 0.002474 >>  0.010505  :  269.812500  (5)
 [37 , 38, 99]  0.010165 + 0.000820 <  0.010505  :  243.875000  (1)
 [12 , 38, 99]  0.010165 + 0.000865 <  0.010505  :  229.265625  (2)
 [10 , 38, 99]  0.010165 + 0.000817 <  0.010505  :  228.593750  (1)
 [36 , 38, 99]  0.010165 + 0.000808 <  0.010505  :  228.593750  (1)
 [38 , 61, 99]  0.010165 + 0.000827 <  0.010505  :  225.656250  (1)
 [38 , 58, 99]  0.010165 + 0.000838 <  0.010505  :  223.000000  (1)
 [38 , 51, 99]  0.010165 + 0.000821 <  0.010505  :  221.687500  (1)
 [38 , 57, 99]  0.010165 + 0.000819 <  0.010505  :  212.421875  (1)
 [15 , 38, 99]  0.010165 + 0.000809 <  0.010505  :  209.828125  (1)

 [38 , 99, 99]  0.010165 + 0.000916 <  0.005252  :  157.609375  (1)
 [42 , 99, 99]  0.010165 + 0.001866 <  0.005252  :  70.828125  (4)
 [24 , 99, 99]  0.010165 + 0.000268 <  0.005252  :  5.437500  (3)
 [11 , 99, 99]  0.010165 + 0.000228 <  0.005252  :  4.765625  (3)
 [16 , 99, 99]  0.010165 + 0.000127 <  0.005252  :  4.109375  (3)
 [8 , 99, 99]  0.010165 + 0.000081 <  0.005252  :  3.843750  (3)
 [4 , 99, 99]  0.010165 + 0.000150 <  0.005252  :  3.578125  (2)
 [35 , 99, 99]  0.010165 + 0.000185 <  0.005252  :  3.468750  (2)
 [50 , 99, 99]  0.010165 + 0.000059 <  0.005252  :  3.437500  (1)
 [32 , 99, 99]  0.010165 + 0.000080 <  0.005252  :  3.265625  (3)
38, 42, 99