

 [80] ******************************************************

 [99 , 99, 99]  121891.745328 vs 117179.876104 >>  4711.869224  :  0.000000  (0)

 [70] ******************************************************

 [1 , 37, 51]  100181.443032 vs 97232.073595 >>  2949.369437  :  131.609375  (1)
[366]    132  [1, 37, 51]

 [60] ******************************************************

 [6 , 7, 47]  86232.334477 vs 84177.726250 >>  2054.608226  :  390.000000  (2)
[755]    218  [6, 7, 47]
[788]    172  [7, 47]

 [50] ******************************************************

 [7 , 45, 47]  75162.802696 vs 73461.025560 >>  1701.777136  :  573.312500  (5)
[274]    123  [45]
[722]    10  [7, 45, 47]
[755]    128  [7, 45, 47]
[788]    225  [7, 45, 47]
[821]    86  [7, 47]

 [40] ******************************************************

 [7 , 45, 47]  64956.747797 vs 63658.657104 >>  1298.090693  :  843.640625  (5)
[274]    254  [45]
[722]    69  [7, 45, 47]
[755]    111  [7, 45, 47]
[788]    202  [7, 45, 47]
[821]    208  [7, 47]

 [30] ******************************************************

 [7 , 45, 47]  54436.507764 vs 53531.119106 >>  905.388658  :  1936.375000  (5)
[274]    574  [45]
[722]    143  [7, 45, 47]
[755]    310  [7, 45, 47]
[788]    577  [7, 45, 47]
[821]    333  [7, 47]