

 [80] ******************************************************

 [25 , 31, 49]  121891.745328 vs 118399.699966 >>  3492.045362  :  17.125000  (48)
 [32]    0.281250 (1)
 [33]    0.343750 (1)
 [45]    0.062500 (1)
 [88]    0.312500 (1)
 [107]    0.062500 (1)
 [111]    0.625000 (1)
 [113]    0.312500 (1)
 [116]    0.187500 (1)
 [120]    0.093750 (1)
 [122]    0.218750 (1)
 [123]    0.437500 (1)
 [130]    0.562500 (1)
 [133]    0.468750 (1)
 [134]    0.171875 (1)
 [136]    1.156250 (1)
 [146]    0.562500 (1)
 [152]    0.468750 (1)
 [153]    0.468750 (1)
 [166]    0.281250 (1)
 [174]    1.593750 (1)
 [177]    0.093750 (1)
 [186]    0.437500 (1)
 [191]    0.062500 (1)
 [210]    0.437500 (1)
 [219]    0.406250 (1)
 [220]    0.625000 (1)
 [245]    0.093750 (1)
 [277]    0.750000 (1)
 [283]    0.812500 (1)
 [286]    0.031250 (1)
 [287]    0.031250 (1)
 [288]    0.062500 (1)
 [289]    0.125000 (1)
 [292]    0.062500 (1)
 [298]    0.781250 (1)
 [311]    0.250000 (1)
 [316]    0.375000 (1)
 [317]    0.437500 (1)
 [323]    0.109375 (1)
 [342]    0.281250 (1)
 [344]    0.187500 (1)
 [376]    0.312500 (1)
 [377]    0.375000 (1)
 [384]    0.156250 (1)
 [407]    0.125000 (1)
 [411]    0.187500 (1)
 [412]    0.718750 (1)
 [436]    0.125000 (1)

 [70] ******************************************************

 [0 , 4, 60]  100181.443032 vs 97491.706057 >>  2689.736974  :  6.437500  (6)
 [17]    0.437500 (1)
 [19]    0.218750 (1)
 [120]    1.000000 (1)
 [122]    1.093750 (1)
 [177]    1.187500 (1)
 [286]    2.500000 (1)

 [60] ******************************************************

 [0 , 1, 2]  86232.334477 vs 84371.963300 >>  1860.371176  :  5.500000  (3)
 [15]    2.593750 (1)
 [16]    0.937500 (1)
 [22]    1.968750 (1)

 [50] ******************************************************

 [99 , 99, 99]  75162.802696 vs 73929.098596 >>  1233.704100  :  0.000000  (0)

 [40] ******************************************************

 [2 , 58, 59]  64956.747797 vs 63975.867743 >>  980.880054  :  37.984375  (2)
 [26]    2.062500 (1)
 [722]    35.921875 (3)

 [30] ******************************************************

 [53 , 55, 63]  54436.507764 vs 53559.909165 >>  876.598599  :  571.890625  (2)
 [755]    152.171875 (1)
 [788]    419.718750 (3)