

 [80] ******************************************************

 [37 , 43, 63]  152718.430809 vs 149374.738756 >>  3343.692053  :  160.578125  (3)
[371]    58  [37, 43, 63]
[674]    55  [37, 43, 63]
[709]    48  [37, 43, 63]
[371]    58  [37, 42, 43]
[709]    54  [37, 42, 43]
[737]    49  [42]
[674]    56  [42, 43, 63]
[709]    52  [42, 43]
[737]    49  [42]
[371]    59  [37, 42, 63]
[674]    55  [37, 42, 63]
[737]    49  [42]
[183]    44  [22, 37, 63]
[371]    56  [37, 63]
[674]    54  [22, 63]

 [70] ******************************************************

 [20 , 58, 63]  131002.014504 vs 128366.900583 >>  2635.113922  :  360.937500  (3)
[549]    99  [58]
[646]    135  [20, 58, 63]
[674]    127  [63]
[646]    129  [7, 20, 63]
[674]    127  [63]
[768]    72  [7]
[295]    86  [29]
[646]    113  [20, 29, 63]
[674]    128  [29, 63]
[646]    122  [20, 42, 63]
[674]    130  [42, 63]
[737]    74  [42]
[371]    92  [37, 63]
[549]    99  [58]
[674]    128  [37, 63]

 [60] ******************************************************

 [20 , 58, 63]  116495.898057 vs 114407.637097 >>  2088.260960  :  432.953125  (3)
[549]    136  [58]
[646]    192  [20, 58, 63]
[674]    106  [63]
[549]    136  [42, 58]
[646]    158  [20, 42, 58]
[675]    6  [20, 42, 58]
[737]    107  [42]
[768]    10  [42]
[549]    136  [58]
[646]    168  [7, 20, 58]
[768]    109  [7]
[646]    179  [20, 42, 63]
[674]    109  [42, 63]
[675]    4  [42]
[737]    107  [42]
[768]    10  [42]
[646]    186  [7, 20, 63]
[674]    106  [63]
[768]    109  [7]

 [50] ******************************************************

 [20 , 42, 63]  102911.142500 vs 100597.033495 >>  2314.109005  :  567.093750  (5)
[646]    196  [20, 42, 63]
[674]    187  [42, 63]
[675]    7  [42]
[737]    172  [42]
[768]    10  [42]
[549]    152  [58]
[646]    209  [20, 58, 63]
[674]    184  [63]
[736]    2  [58, 63]
[549]    153  [42, 58]
[674]    187  [42, 63]
[675]    7  [42]
[736]    2  [58, 63]
[737]    172  [42]
[768]    10  [42]
[549]    153  [42, 58]
[646]    175  [20, 42, 58]
[675]    7  [42]
[737]    172  [42]
[768]    10  [42]
[93]    136  [34]
[674]    187  [42, 63]
[675]    8  [34, 42]
[737]    172  [34, 42]
[768]    10  [42]

 [40] ******************************************************

 [20 , 58, 63]  88822.025518 vs 86690.654259 >>  2131.371259  :  866.343750  (5)
[389]    2  [63]
[549]    217  [58]
[646]    263  [20, 58, 63]
[674]    383  [63]
[736]    6  [58]
[389]    2  [63]
[646]    250  [20, 42, 63]
[674]    386  [42, 63]
[675]    13  [42]
[736]    1  [63]
[737]    195  [42]
[768]    10  [42]
[389]    2  [63]
[549]    218  [42, 58]
[674]    386  [42, 63]
[675]    13  [42]
[736]    6  [58]
[737]    195  [42]
[768]    10  [42]
[371]    202  [37, 63]
[389]    2  [37, 63]
[646]    221  [20, 37, 63]
[674]    384  [37, 63]
[736]    1  [63]
[371]    202  [37, 63]
[389]    2  [37, 63]
[549]    217  [58]
[674]    384  [37, 63]
[736]    6  [58]

 [30] ******************************************************

 [20 , 58, 63]  72878.288091 vs 71152.437466 >>  1725.850624  :  1100.406250  (7)
[143]    2  [20]
[421]    2  [20]
[549]    254  [58]
[613]    2  [58]
[646]    356  [20, 58, 63]
[674]    482  [63]
[753]    2  [63]
[93]    202  [34]
[143]    2  [20]
[421]    2  [20]
[646]    339  [20, 34, 63]
[674]    483  [34, 63]
[753]    2  [63]
[143]    2  [20]
[295]    200  [29]
[421]    6  [29]
[646]    335  [20, 29, 63]
[674]    483  [29, 63]
[753]    2  [63]
[143]    2  [20]
[371]    211  [37, 63]
[421]    2  [20]
[613]    3  [37]
[646]    314  [20, 37, 63]
[674]    483  [37, 63]
[753]    2  [63]
[143]    2  [20]
[421]    5  [57]
[483]    162  [20, 57, 63]
[646]    348  [20, 57, 63]
[674]    482  [63]
[753]    3  [57]