

 [80] ******************************************************

 [12 , 24, 51]  121891.745328 vs 117098.586681 >>  4793.158647  :  136.390625  (3)
 [886]    11.890625 (3)
 [978]    47.421875 (2)
 [994]    77.078125 (2)

 [70] ******************************************************

 [6 , 12, 42]  100181.443032 vs 97067.672260 >>  3113.770771  :  282.453125  (2)
 [821]    186.218750 (3)
 [994]    96.234375 (2)

 [60] ******************************************************

 [6 , 23, 42]  86232.334477 vs 84003.229455 >>  2229.105021  :  339.312500  (2)
 [722]    239.062500 (3)
 [821]    100.250000 (3)

 [50] ******************************************************

 [6 , 23, 42]  75162.802696 vs 73666.608506 >>  1496.194190  :  591.671875  (2)
 [722]    323.265625 (3)
 [821]    268.406250 (3)

 [40] ******************************************************

 [6 , 23, 42]  64956.747797 vs 63884.976094 >>  1071.771703  :  793.265625  (6)
 [356]    17.015625 (3)
 [536]    0.984375 (1)
 [555]    1.281250 (2)
 [722]    381.546875 (3)
 [794]    4.156250 (1)
 [821]    389.593750 (3)

 [30] ******************************************************

 [17 , 18, 56]  54436.507764 vs 53469.246117 >>  967.261648  :  1397.906250  (14)
 [299]    8.484375 (1)
 [524]    12.625000 (2)
 [568]    5.281250 (1)
 [690]    371.359375 (3)
 [705]    1.421875 (1)
 [723]    229.781250 (2)
 [755]    187.734375 (2)
 [756]    223.843750 (1)
 [764]    0.421875 (1)
 [767]    3.484375 (1)
 [785]    0.359375 (1)
 [788]    354.296875 (2)
 [800]    3.937500 (1)
 [803]    1.671875 (2)
 [946]    1.546875 (1)