 [ 1 ] 40
 [ 1 ] 41
 [ 3 ] 42
 [ 1 ] 44
 [ 1 ] 74
 [ 1 ] 80
 [ 1 ] 83
 [ 3 ] 91
 [ 2 ] 102
 [ 1 ] 109
 [ 2 ] 111
 [ 1 ] 120
 [ 3 ] 124
 [ 1 ] 133
 [ 1 ] 150
 [ 2 ] 151
 [ 2 ] 152
 [ 2 ] 178
 [ 1 ] 182
 [ 3 ] 183
 [ 1 ] 190
 [ 1 ] 197
 [ 1 ] 198
 [ 1 ] 199
 [ 2 ] 201
 [ 2 ] 208
 [ 1 ] 213
 [ 1 ] 217
 [ 2 ] 223
 [ 2 ] 226
 [ 3 ] 227
 [ 3 ] 244
 [ 1 ] 262
 [ 2 ] 269
 [ 2 ] 271
 [ 2 ] 276
 [ 2 ] 277
 [ 1 ] 295
 [ 1 ] 298
 [ 1 ] 302
 [ 1 ] 305
 [ 2 ] 306
 [ 2 ] 309
 [ 4 ] 312
 [ 1 ] 324
 [ 1 ] 330
 [ 1 ] 331
 [ 2 ] 332
 [ 2 ] 337
 [ 2 ] 338
 [ 2 ] 339
 [ 2 ] 341
 [ 1 ] 343
 [ 1 ] 360
 [ 1 ] 362
 [ 2 ] 367
 [ 1 ] 381
 [ 1 ] 383
 [ 1 ] 394
 [ 1 ] 395
 [ 2 ] 400
 [ 2 ] 402
 [ 2 ] 403
 [ 2 ] 447
 [ 1 ] 454
 [ 3 ] 543
 [ 1 ] 572
 [ 1 ] 598
 [ 1 ] 600
 [ 2 ] 632
 [ 2 ] 698
 [ 1 ] 737
 [ 1 ] 738
 [ 2 ] 772
 [ 1 ] 801
 [ 3 ] 807
 [ 3 ] 861
 [ 2 ] 872
 [ 3 ] 876
 [ 2 ] 904
 [ 3 ] 905
 [ 1 ] 936
 [ 4 ] 969
 [ 2 ] 975
 [ 1 ] 978
 [ 2 ] 1005
 [ 2 ] 1007