

 [80] ******************************************************

 [29 , 34, 42]  131347.645610 vs 126743.700627 >>  4603.944983  :  72.875000  (2)
 [467]    56.593750 (2)  [29, 34]
 [609]    20.703125 (2)  [34, 42]

 [70] ******************************************************

 [15 , 29, 38]  109138.657973 vs 105827.151163 >>  3311.506810  :  372.859375  (3)
 [467]    201.890625 (3)  [15, 29, 38]
 [615]    90.187500 (2)  [15, 38]
 [695]    80.781250 (2)  [15, 38]

 [60] ******************************************************

 [29 , 38, 42]  95498.035203 vs 92582.150888 >>  2915.884315  :  521.218750  (3)
 [467]    223.562500 (2)  [29, 38]
 [609]    140.015625 (2)  [38, 42]
 [615]    162.140625 (2)  [38, 42]

 [50] ******************************************************

 [29 , 38, 42]  84826.251863 vs 82444.325536 >>  2381.926327  :  687.281250  (3)
 [467]    332.687500 (2)  [29, 38]
 [609]    170.265625 (2)  [38, 42]
 [615]    188.828125 (2)  [38, 42]

 [40] ******************************************************

 [29 , 38, 42]  73554.422273 vs 71651.814692 >>  1902.607581  :  891.984375  (3)
 [467]    394.343750 (2)  [29, 38]
 [609]    265.796875 (2)  [38, 42]
 [615]    236.343750 (2)  [38, 42]

 [30] ******************************************************

 [29 , 42, 63]  62483.579989 vs 61231.151026 >>  1252.428962  :  1158.468750  (3)
 [466]    357.687500 (2)  [42, 63]
 [467]    357.140625 (1)  [29]
 [609]    447.265625 (2)  [29, 42]