

 [80] ******************************************************

 [99 , 99, 99]  131347.645610 vs 126915.527170 >>  4432.118440  :  0.000000  (0)

 [70] ******************************************************

 [15 , 21, 52]  109138.657973 vs 106077.416854 >>  3061.241120  :  110.015625  (1)
[467]    110  [15, 21, 52]

 [60] ******************************************************

 [15 , 21, 52]  95498.035203 vs 92904.482182 >>  2593.553021  :  135.703125  (1)
[467]    136  [15, 21, 52]

 [50] ******************************************************

 [15 , 21, 52]  84826.251863 vs 82732.416793 >>  2093.835070  :  244.828125  (1)
[467]    245  [15, 21, 52]

 [40] ******************************************************

 [15 , 21, 52]  73554.422273 vs 71840.286720 >>  1714.135554  :  306.484375  (1)
[467]    306  [15, 21, 52]

 [30] ******************************************************

 [32 , 57, 58]  62483.579989 vs 61341.574252 >>  1142.005736  :  337.015625  (1)
[456]    337  [32, 57, 58]