

 [80] ******************************************************

 [30 , 36, 47]  131347.645610 vs 126871.902987 >>  4475.742622  :  82.625000  (2)
[627]    25  [30, 47]
[695]    58  [30, 36, 47]

 [70] ******************************************************

 [19 , 36, 47]  109138.657973 vs 105950.648830 >>  3188.009143  :  236.343750  (2)
[466]    110  [19, 47]
[695]    126  [36, 47]

 [60] ******************************************************

 [19 , 36, 47]  95498.035203 vs 92774.552579 >>  2723.482624  :  308.656250  (2)
[466]    180  [19, 47]
[695]    129  [36, 47]

 [50] ******************************************************

 [19 , 30, 47]  84826.251863 vs 82648.392343 >>  2177.859520  :  402.859375  (2)
[466]    213  [19, 47]
[627]    190  [30, 47]

 [40] ******************************************************

 [19 , 36, 61]  73554.422273 vs 71719.972728 >>  1834.449545  :  730.468750  (3)
[466]    441  [19, 61]
[468]    91  [36, 61]
[695]    206  [36, 61]

 [30] ******************************************************

 [19 , 24, 36]  62483.579989 vs 61278.814801 >>  1204.765188  :  907.234375  (3)
[466]    533  [19, 24]
[695]    191  [24, 36]
[716]    188  [24, 36]