

 [80] ******************************************************

 [10 , 35, 36]  131347.645610 vs 127003.779531 >>  4343.866079  :  53.687500  (1)
 [389]    53.687500 (3)  [10, 35, 36]

 [70] ******************************************************

 [3 , 35, 40]  109138.657973 vs 105725.973251 >>  3412.684722  :  304.859375  (3)
 [421]    37.265625 (2)  [35, 40]
 [465]    93.578125 (2)  [35, 40]
 [467]    179.187500 (2)  [3, 35]

 [60] ******************************************************

 [3 , 10, 35]  95498.035203 vs 92592.098212 >>  2905.936991  :  422.687500  (3)
 [389]    148.921875 (2)  [10, 35]
 [421]    68.890625 (1)  [35]
 [467]    204.875000 (2)  [3, 35]

 [50] ******************************************************

 [3 , 10, 35]  84826.251863 vs 82462.471915 >>  2363.779948  :  648.734375  (3)
 [389]    173.906250 (2)  [10, 35]
 [421]    160.828125 (1)  [35]
 [467]    314.000000 (2)  [3, 35]

 [40] ******************************************************

 [3 , 35, 40]  73554.422273 vs 71634.381800 >>  1920.040473  :  822.796875  (3)
 [421]    189.453125 (2)  [35, 40]
 [465]    262.859375 (2)  [35, 40]
 [467]    375.656250 (2)  [3, 35]

 [30] ******************************************************

 [3 , 35, 40]  62483.579989 vs 61282.185547 >>  1201.394442  :  1023.437500  (3)
 [421]    265.109375 (2)  [35, 40]
 [465]    394.625000 (2)  [35, 40]
 [467]    368.875000 (2)  [3, 35]