

 [80] ******************************************************

 [4 , 23, 54]  192129.397680 vs 188357.578153 >>  3771.819527  :  354.671875  (3)
[72]    33  [4, 23]
[200]    136  [4, 23, 54]
[231]    185  [4, 23, 54]

 [70] ******************************************************

 [53 , 54, 55]  159044.609240 vs 156074.982050 >>  2969.627191  :  487.578125  (3)
[231]    202  [54, 55]
[283]    156  [53, 55]
[937]    130  [55]

 [60] ******************************************************

 [8 , 53, 54]  136158.699355 vs 133639.141312 >>  2519.558043  :  611.562500  (3)
[231]    218  [54]
[283]    218  [8, 53]
[284]    175  [8, 53]

 [50] ******************************************************

 [4 , 53, 54]  118403.661005 vs 115750.111066 >>  2653.549939  :  641.187500  (4)
[200]    174  [4, 54]
[231]    261  [4, 54]
[283]    212  [53]
[687]    1  [4]

 [40] ******************************************************

 [21 , 53, 54]  100180.338028 vs 97834.058595 >>  2346.279433  :  770.984375  (7)
[231]    282  [54]
[283]    250  [21, 53, 54]
[702]    2  [21, 53]
[825]    224  [21, 53]
[831]    6  [21, 53]
[864]    1  [54]
[993]    5  [54]

 [30] ******************************************************

 [8 , 21, 54]  80083.370882 vs 77946.275767 >>  2137.095115  :  900.125000  (5)
[231]    348  [54]
[284]    272  [8, 21]
[702]    2  [21, 54]
[825]    261  [8, 21]
[831]    16  [21]