

 [80] ******************************************************

 [1 , 25, 29]  121891.745328 vs 117096.260153 >>  4795.485175  :  147.890625  (2)
 [723]    90.359375 (3)
 [1022]    59.734375 (2)

 [70] ******************************************************

 [2 , 29, 37]  100181.443032 vs 96992.309020 >>  3189.134012  :  323.281250  (3)
 [460]    121.281250 (3)
 [994]    87.750000 (2)
 [1022]    116.687500 (2)

 [60] ******************************************************

 [0 , 2, 13]  86232.334477 vs 84075.731644 >>  2156.602832  :  363.031250  (3)
 [460]    125.265625 (3)
 [987]    59.453125 (2)
 [1011]    178.312500 (2)

 [50] ******************************************************

 [1 , 29, 55]  75162.802696 vs 73596.754968 >>  1566.047728  :  513.171875  (3)
 [723]    120.156250 (2)
 [756]    223.875000 (2)
 [1022]    169.140625 (1)

 [40] ******************************************************

 [1 , 29, 55]  64956.747797 vs 63812.371909 >>  1144.375888  :  632.968750  (6)
 [536]    1.796875 (1)
 [723]    208.968750 (2)
 [756]    235.484375 (2)
 [777]    1.734375 (1)
 [794]    4.437500 (1)
 [1022]    180.546875 (1)

 [30] ******************************************************

 [1 , 8, 29]  54436.507764 vs 53841.588121 >>  594.919643  :  932.531250  (16)
 [299]    9.171875 (1)
 [524]    4.750000 (2)
 [555]    2.187500 (1)
 [568]    6.718750 (1)
 [660]    339.750000 (3)
 [705]    2.406250 (1)
 [723]    336.656250 (2)
 [736]    3.312500 (1)
 [745]    4.859375 (1)
 [764]    0.578125 (1)
 [767]    0.234375 (1)
 [777]    0.781250 (1)
 [785]    1.062500 (1)
 [800]    2.296875 (1)
 [802]    0.703125 (1)
 [809]    0.796875 (1)
 [838]    5.625000 (1)
 [946]    3.828125 (1)
 [1014]    6.515625 (1)
 [1022]    208.671875 (1)