

 [80] ******************************************************

 [15 , 23, 46]  121891.745328 vs 117126.330784 >>  4765.414544  :  121.265625  (2)
[432]    39  [15, 46]
[1011]    82  [23]
[432]    36  [30, 46]
[1011]    82  [23]
[432]    20  [1, 46]
[1011]    82  [23]
[1011]    100  [21, 23, 42]
[432]    18  [2, 46]
[1011]    82  [23]

 [70] ******************************************************

 [21 , 23, 58]  100181.443032 vs 96958.682118 >>  3222.760914  :  305.546875  (3)
[428]    77  [21, 58]
[723]    49  [23, 58]
[1011]    182  [21, 23]
[428]    100  [21, 50]
[1011]    182  [21, 23]
[723]    94  [9, 23, 58]
[1011]    176  [23]
[723]    49  [23, 58]
[821]    41  [23, 31]
[1011]    176  [23]
[428]    78  [21, 30]
[1011]    182  [21, 23]

 [60] ******************************************************

 [4 , 23, 46]  86232.334477 vs 84008.988217 >>  2223.346259  :  608.171875  (3)
[432]    170  [4, 46]
[755]    219  [4, 23, 46]
[1011]    219  [4, 23]
[722]    130  [4, 23, 31]
[755]    214  [4]
[821]    42  [23, 31]
[1011]    219  [4, 23]
[432]    183  [4, 31, 46]
[722]    134  [4, 31, 46]
[755]    216  [4, 46]
[821]    41  [31]
[428]    110  [4, 21]
[755]    214  [4]
[1011]    224  [4, 21, 23]
[723]    101  [4, 23, 58]
[755]    214  [4]
[1011]    219  [4, 23]

 [50] ******************************************************

 [4 , 21, 31]  75162.802696 vs 73369.628270 >>  1793.174427  :  928.250000  (4)
[428]    301  [4, 21, 31]
[722]    213  [4, 31]
[755]    205  [4]
[821]    209  [31]
[722]    213  [4, 31]
[750]    148  [13, 31]
[755]    217  [4, 13]
[788]    89  [4, 13, 31]
[821]    209  [31]
[722]    214  [4, 23, 31]
[755]    205  [4]
[821]    210  [23, 31]
[1011]    235  [4, 23]
[274]    177  [12, 31]
[722]    220  [4, 12, 31]
[755]    207  [4, 12]
[821]    209  [31]
[432]    170  [4, 31, 46]
[722]    218  [4, 31, 46]
[755]    207  [4, 46]
[821]    209  [31]

 [40] ******************************************************

 [4 , 31, 46]  64956.747797 vs 63603.722143 >>  1353.025654  :  1250.250000  (4)
[432]    456  [4, 31, 46]
[722]    276  [4, 31, 46]
[755]    191  [4, 46]
[821]    330  [31]
[274]    360  [12, 31, 46]
[432]    442  [31, 46]
[821]    332  [12, 31, 46]
[274]    308  [12, 31]
[722]    278  [4, 12, 31]
[755]    191  [4, 12]
[821]    330  [31]
[428]    263  [4, 21, 31]
[722]    271  [4, 31]
[755]    189  [4]
[821]    330  [31]
[428]    247  [21, 31]
[432]    474  [21, 31, 46]
[821]    330  [31]

 [30] ******************************************************

 [4 , 12, 31]  54436.507764 vs 53474.563045 >>  961.944719  :  2138.609375  (5)
[274]    628  [12, 31]
[722]    352  [4, 12, 31]
[755]    390  [4, 12]
[788]    314  [4, 12, 31]
[821]    455  [31]
[428]    577  [4, 21, 31]
[722]    345  [4, 31]
[755]    388  [4]
[788]    313  [4, 21, 31]
[821]    455  [31]
[432]    471  [4, 31, 46]
[722]    350  [4, 31, 46]
[755]    390  [4, 46]
[788]    330  [4, 31, 46]
[821]    455  [31]
[274]    650  [12, 21, 31]
[428]    565  [12, 21, 31]
[788]    300  [31]
[821]    455  [31]
[722]    345  [4, 31]
[750]    254  [13, 31]
[755]    399  [4, 13]
[788]    441  [4, 13, 31]
[821]    455  [31]