basis_ent0 = 0.009615
 [25 , 36, 40]  0.009615 + 0.007940 >>  0.014075  :  1477.390625  (26)
 [25 , 26, 40]  0.009615 + 0.008012 <  0.014075  :  1433.125000  (28)
 [25 , 26, 36]  0.009615 + 0.007621 <  0.014075  :  1328.625000  (30)
 [25 , 40, 53]  0.009615 + 0.007685 <  0.014075  :  1300.734375  (23)
 [25 , 40, 57]  0.009615 + 0.007897 <  0.014075  :  1255.765625  (26)
 [25 , 40, 45]  0.009615 + 0.007600 <  0.014075  :  1241.609375  (25)
 [25 , 26, 53]  0.009615 + 0.008059 <  0.014075  :  1240.218750  (29)
 [25 , 36, 45]  0.009615 + 0.007426 <  0.014075  :  1218.453125  (26)
 [5 , 25, 40]  0.009615 + 0.007057 <  0.014075  :  1214.296875  (21)
 [0 , 25, 26]  0.009615 + 0.008129 <  0.014075  :  1214.281250  (34)

 [25 , 26, 99]  0.009615 + 0.008028 <  0.009383  :  1142.234375  (28)
 [25 , 36, 99]  0.009615 + 0.007749 <  0.009383  :  1123.515625  (25)
 [25 , 40, 99]  0.009615 + 0.007947 <  0.009383  :  1021.656250  (22)
 [25 , 45, 99]  0.009615 + 0.007384 <  0.009383  :  996.234375  (24)
 [25 , 57, 99]  0.009615 + 0.007739 <  0.009383  :  954.500000  (24)
 [0 , 25, 99]  0.009615 + 0.007782 <  0.009383  :  931.218750  (26)
 [23 , 25, 99]  0.009615 + 0.007735 <  0.009383  :  925.843750  (24)
 [25 , 56, 99]  0.009615 + 0.007962 <  0.009383  :  903.734375  (25)
 [25 , 33, 99]  0.009615 + 0.007952 <  0.009383  :  901.343750  (25)
 [6 , 25, 99]  0.009615 + 0.007461 <  0.009383  :  901.171875  (24)

 [25 , 99, 99]  0.009615 + 0.007210 <  0.004692  :  755.593750  (20)
 [27 , 99, 99]  0.009615 + 0.000089 <  0.004692  :  41.140625  (2)
 [0 , 99, 99]  0.009615 + 0.000356 <  0.004692  :  29.109375  (4)
 [54 , 99, 99]  0.009615 + 0.000124 <  0.004692  :  21.171875  (2)
 [23 , 99, 99]  0.009615 + 0.000325 <  0.004692  :  20.484375  (3)
 [22 , 99, 99]  0.009615 + 0.000327 <  0.004692  :  18.968750  (2)
 [59 , 99, 99]  0.009615 + 0.000170 <  0.004692  :  17.609375  (2)
 [55 , 99, 99]  0.009615 + 0.000359 <  0.004692  :  17.343750  (5)
 [11 , 99, 99]  0.009615 + 0.000123 <  0.004692  :  14.546875  (2)
 [26 , 99, 99]  0.009615 + 0.000361 <  0.004692  :  13.281250  (5)
25, 36, 40