

 [80] ******************************************************

 [99 , 99, 99]  152718.430809 vs 149461.962712 >>  3256.468097  :  0.000000  (0)

 [70] ******************************************************

 [14 , 45, 52]  131002.014504 vs 128659.593913 >>  2342.420591  :  44.250000  (2)
[800]    23  [14, 45, 52]
[832]    21  [14, 45, 52]

 [60] ******************************************************

 [4 , 25, 37]  116495.898057 vs 114674.778980 >>  1821.119077  :  83.750000  (1)
[836]    84  [4, 25, 37]

 [50] ******************************************************

 [18 , 50, 52]  102911.142500 vs 100608.626724 >>  2302.515776  :  199.656250  (5)
[359]    66  [18, 50, 52]
[391]    28  [18, 50, 52]
[455]    46  [18, 50, 52]
[770]    24  [18, 50, 52]
[832]    36  [18, 50, 52]

 [40] ******************************************************

 [7 , 9, 19]  88822.025518 vs 86731.815115 >>  2090.210403  :  483.828125  (3)
[740]    277  [7, 9, 19]
[931]    90  [7, 19]
[933]    117  [7, 9, 19]

 [30] ******************************************************

 [7 , 18, 50]  72878.288091 vs 71033.726625 >>  1844.561466  :  1527.421875  (14)
[295]    20  [18, 50]
[327]    39  [7, 18, 50]
[359]    120  [18, 50]
[391]    124  [7, 18, 50]
[423]    50  [18]
[455]    217  [7, 18, 50]
[487]    40  [7, 50]
[673]    148  [7, 18, 50]
[674]    12  [7, 50]
[678]    147  [7, 18, 50]
[770]    72  [18, 50]
[773]    76  [7, 50]
[931]    309  [7, 18]
[933]    161  [7, 18]