

 [80] ******************************************************

 [9 , 19, 36]  192129.397680 vs 188266.746994 >>  3862.650687  :  375.296875  (3)
[32]    147  [9, 36]
[200]    90  [9, 36]
[231]    138  [9, 19, 36]
[4]    92  [9, 19, 54]
[32]    140  [9, 54]
[231]    139  [9, 19, 54]
[4]    113  [9, 36, 54]
[32]    153  [9, 36, 54]
[200]    90  [9, 36]
[32]    172  [9, 26, 36]
[167]    55  [9, 26, 36]
[200]    125  [9, 26, 36]
[32]    164  [9, 26]
[167]    44  [9, 26]
[231]    140  [9, 19, 26]

 [70] ******************************************************

 [9 , 19, 39]  159044.609240 vs 156046.910248 >>  2997.698992  :  690.000000  (3)
[32]    243  [9]
[152]    240  [9, 19, 39]
[231]    207  [9, 19]
[25]    215  [15]
[32]    247  [9, 15]
[152]    239  [9, 15, 39]
[25]    240  [15, 49]
[32]    260  [9, 15, 49]
[35]    178  [9, 15, 49]
[32]    257  [9, 49]
[35]    175  [39, 49]
[152]    237  [9, 39, 49]
[25]    240  [15, 49]
[35]    185  [15, 39, 49]
[152]    233  [15, 39, 49]

 [60] ******************************************************

 [9 , 54, 56]  136158.699355 vs 133559.095690 >>  2599.603666  :  1116.406250  (3)
[4]    358  [9, 54, 56]
[32]    420  [9, 54, 56]
[820]    338  [9, 54, 56]
[4]    336  [9, 54]
[32]    415  [9, 54]
[128]    311  [9, 47, 54]
[4]    371  [9, 26, 54]
[32]    443  [9, 26, 54]
[167]    226  [9, 26, 54]
[32]    408  [9]
[128]    366  [9, 39, 47]
[152]    255  [9, 39]
[32]    443  [9, 26, 56]
[167]    229  [9, 26, 56]
[820]    351  [9, 26, 56]

 [50] ******************************************************

 [1 , 9, 25]  118403.661005 vs 115671.858476 >>  2731.802529  :  1339.843750  (3)
[22]    391  [1]
[32]    478  [1, 9, 25]
[842]    470  [1, 25]
[22]    391  [1]
[25]    427  [1, 15, 25]
[842]    470  [1, 25]
[22]    391  [1]
[25]    423  [1, 15]
[32]    473  [1, 9, 15]
[32]    446  [9]
[128]    494  [9, 39, 47]
[152]    335  [9, 39]
[4]    408  [1, 25, 54]
[22]    393  [1, 25, 54]
[842]    470  [1, 25]

 [40] ******************************************************

 [1 , 15, 25]  100180.338028 vs 97714.112849 >>  2466.225179  :  1686.812500  (4)
[22]    463  [1]
[25]    715  [1, 15, 25]
[842]    506  [1, 25]
[993]    3  [15]
[4]    498  [1, 15, 54]
[22]    463  [1, 54]
[25]    711  [1, 15]
[993]    3  [15]
[22]    463  [1]
[25]    711  [1, 15]
[32]    493  [1, 9, 15]
[993]    3  [15]
[4]    457  [15, 54]
[25]    624  [15]
[128]    578  [15, 47, 54]
[993]    3  [15]
[22]    463  [1]
[25]    711  [1, 15]
[128]    541  [15, 47]
[993]    3  [15]

 [30] ******************************************************

 [15 , 47, 54]  80083.370882 vs 77945.763571 >>  2137.607310  :  2178.015625  (3)
[4]    645  [15, 54]
[25]    720  [15]
[128]    813  [15, 47, 54]
[25]    720  [15]
[32]    566  [9, 15]
[128]    779  [9, 15, 47]
[25]    720  [15]
[33]    564  [15, 45]
[128]    776  [15, 47]
[25]    720  [15]
[128]    776  [15, 47]
[820]    564  [15, 56]
[22]    521  [1]
[25]    807  [1, 15]
[128]    776  [15, 47]