basis_ent0 = 0.006906
 [0 , 39, 59]  0.006906 + 0.007050 <  0.016445  :  463.718750  (75)
 [24 , 39, 59]  0.006906 + 0.006410 <  0.016445  :  406.562500  (70)
 [39 , 46, 59]  0.006906 + 0.008255 <  0.016445  :  319.031250  (76)
 [39 , 52, 59]  0.006906 + 0.007309 <  0.016445  :  315.718750  (72)
 [31 , 39, 59]  0.006906 + 0.007773 <  0.016445  :  314.515625  (75)
 [39 , 56, 59]  0.006906 + 0.007849 <  0.016445  :  314.031250  (79)
 [8 , 39, 59]  0.006906 + 0.007701 <  0.016445  :  310.953125  (69)
 [6 , 39, 59]  0.006906 + 0.007253 <  0.016445  :  309.734375  (71)
 [19 , 39, 59]  0.006906 + 0.007801 <  0.016445  :  309.406250  (73)
 [5 , 39, 59]  0.006906 + 0.007378 <  0.016445  :  309.046875  (70)

 [39 , 59, 99]  0.006906 + 0.009215 >>  0.010963  :  295.109375  (72)
 [0 , 59, 99]  0.006906 + 0.003016 <  0.010963  :  144.437500  (49)
 [56 , 59, 99]  0.006906 + 0.002491 <  0.010963  :  82.296875  (54)
 [35 , 59, 99]  0.006906 + 0.002403 <  0.010963  :  79.140625  (48)
 [31 , 59, 99]  0.006906 + 0.002318 <  0.010963  :  78.843750  (50)
 [59 , 62, 99]  0.006906 + 0.002323 <  0.010963  :  77.765625  (50)
 [48 , 59, 99]  0.006906 + 0.002884 <  0.010963  :  76.578125  (52)
 [19 , 59, 99]  0.006906 + 0.002327 <  0.010963  :  75.687500  (48)
 [43 , 59, 99]  0.006906 + 0.002127 <  0.010963  :  75.656250  (47)
 [25 , 59, 99]  0.006906 + 0.002484 <  0.010963  :  75.125000  (47)

 [59 , 99, 99]  0.006906 + 0.002630 <  0.005482  :  68.750000  (44)
 [0 , 99, 99]  0.006906 + 0.000668 <  0.005482  :  59.625000  (4)
 [62 , 99, 99]  0.006906 + 0.000196 <  0.005482  :  11.859375  (9)
 [48 , 99, 99]  0.006906 + 0.000405 <  0.005482  :  9.031250  (11)
 [31 , 99, 99]  0.006906 + 0.000273 <  0.005482  :  8.843750  (9)
 [56 , 99, 99]  0.006906 + 0.000232 <  0.005482  :  8.046875  (8)
 [19 , 99, 99]  0.006906 + 0.000212 <  0.005482  :  7.531250  (9)
 [2 , 99, 99]  0.006906 + 0.000124 <  0.005482  :  3.984375  (2)
 [39 , 99, 99]  0.006906 + 0.000235 <  0.005482  :  3.812500  (5)
 [38 , 99, 99]  0.006906 + 0.000031 <  0.005482  :  3.484375  (1)
39, 59, 99