
 now Q is 30

 now outputing  - - - -> end


basis_ent0 = 0.010908
 [18 , 19, 47]  0.010908 + 0.003837 <  0.015953  :  946.968750  (11)
 [3 , 18, 19]  0.010908 + 0.002977 <  0.015953  :  941.687500  (7)
 [18 , 19, 57]  0.010908 + 0.002969 <  0.015953  :  902.453125  (7)
 [11 , 18, 19]  0.010908 + 0.002896 <  0.015953  :  860.968750  (7)
 [9 , 18, 19]  0.010908 + 0.003107 <  0.015953  :  828.093750  (9)
 [18 , 37, 47]  0.010908 + 0.003536 <  0.015953  :  823.656250  (11)
 [18 , 19, 37]  0.010908 + 0.003575 <  0.015953  :  814.625000  (10)
 [6 , 18, 19]  0.010908 + 0.003228 <  0.015953  :  773.375000  (12)
 [18 , 19, 45]  0.010908 + 0.004029 <  0.015953  :  769.859375  (13)
 [18 , 19, 51]  0.010908 + 0.003083 <  0.015953  :  759.406250  (10)

 [18 , 19, 99]  0.010908 + 0.003094 >>  0.010635  :  605.531250  (7)
 [18 , 47, 99]  0.010908 + 0.003235 <  0.010635  :  542.312500  (9)
 [3 , 19, 99]  0.010908 + 0.000756 <  0.010635  :  520.609375  (4)
 [19 , 57, 99]  0.010908 + 0.000676 <  0.010635  :  506.218750  (4)
 [18 , 37, 99]  0.010908 + 0.002875 <  0.010635  :  503.531250  (6)
 [18 , 45, 99]  0.010908 + 0.003471 <  0.010635  :  441.953125  (11)
 [11 , 19, 99]  0.010908 + 0.000640 <  0.010635  :  424.921875  (3)
 [18 , 35, 99]  0.010908 + 0.002726 <  0.010635  :  414.500000  (10)
 [6 , 18, 99]  0.010908 + 0.002672 <  0.010635  :  414.000000  (10)
 [18 , 51, 99]  0.010908 + 0.002444 <  0.010635  :  407.875000  (8)

 [18 , 99, 99]  0.010908 + 0.002399 <  0.005318  :  321.656250  (4)
 [47 , 99, 99]  0.010908 + 0.000931 <  0.005318  :  110.187500  (4)
 [37 , 99, 99]  0.010908 + 0.000520 <  0.005318  :  87.875000  (2)
 [19 , 99, 99]  0.010908 + 0.000740 <  0.005318  :  80.093750  (3)
 [45 , 99, 99]  0.010908 + 0.001355 <  0.005318  :  76.781250  (8)
 [35 , 99, 99]  0.010908 + 0.000583 <  0.005318  :  43.187500  (7)
 [6 , 99, 99]  0.010908 + 0.000407 <  0.005318  :  43.125000  (5)
 [50 , 99, 99]  0.010908 + 0.000421 <  0.005318  :  28.828125  (3)
 [5 , 99, 99]  0.010908 + 0.000302 <  0.005318  :  25.671875  (7)
 [41 , 99, 99]  0.010908 + 0.000233 <  0.005318  :  23.203125  (4)
18, 19, 99