
 now Q is 20

 now outputing  - - - -> end


basis_ent0 = 0.012129
 [8 , 13, 33]  0.012129 + 0.001885 <  0.014298  :  1941.609375  (48)
 [8 , 13, 30]  0.012129 + 0.002083 <  0.014298  :  1735.828125  (36)
 [8 , 13, 56]  0.012129 + 0.002346 >>  0.014298  :  1586.609375  (42)
 [8 , 13, 34]  0.012129 + 0.002024 <  0.014298  :  1580.687500  (35)
 [8 , 13, 24]  0.012129 + 0.001902 <  0.014298  :  1566.562500  (34)
 [8 , 13, 27]  0.012129 + 0.001659 <  0.014298  :  1548.328125  (32)
 [8 , 13, 46]  0.012129 + 0.002226 <  0.014298  :  1520.031250  (33)
 [3 , 8, 56]  0.012129 + 0.002497 <  0.014298  :  1508.265625  (36)
 [8 , 15, 56]  0.012129 + 0.002465 <  0.014298  :  1498.671875  (38)
 [8 , 13, 49]  0.012129 + 0.001787 <  0.014298  :  1492.468750  (35)

 [8 , 13, 99]  0.012129 + 0.001950 <  0.009532  :  1111.687500  (27)
 [8 , 30, 99]  0.012129 + 0.001496 <  0.009532  :  929.546875  (20)
 [8 , 33, 99]  0.012129 + 0.001599 <  0.009532  :  921.359375  (33)
 [8 , 12, 99]  0.012129 + 0.001402 <  0.009532  :  897.453125  (20)
 [8 , 56, 99]  0.012129 + 0.002153 <  0.009532  :  877.203125  (29)
 [3 , 8, 99]  0.012129 + 0.001392 <  0.009532  :  864.578125  (18)
 [8 , 42, 99]  0.012129 + 0.001701 <  0.009532  :  810.609375  (20)
 [8 , 14, 99]  0.012129 + 0.001310 <  0.009532  :  802.828125  (18)
 [8 , 45, 99]  0.012129 + 0.001338 <  0.009532  :  795.156250  (18)
 [8 , 49, 99]  0.012129 + 0.001399 <  0.009532  :  792.718750  (23)

 [8 , 99, 99]  0.012129 + 0.001414 <  0.004766  :  513.140625  (15)
 [13 , 99, 99]  0.012129 + 0.001256 <  0.004766  :  281.906250  (11)
 [56 , 99, 99]  0.012129 + 0.001021 <  0.004766  :  175.343750  (13)
 [33 , 99, 99]  0.012129 + 0.000951 <  0.004766  :  172.265625  (18)
 [4 , 99, 99]  0.012129 + 0.000214 <  0.004766  :  61.046875  (6)
 [40 , 99, 99]  0.012129 + 0.000236 <  0.004766  :  59.093750  (10)
 [18 , 99, 99]  0.012129 + 0.000172 <  0.004766  :  52.703125  (5)
 [32 , 99, 99]  0.012129 + 0.000113 <  0.004766  :  42.687500  (2)
 [19 , 99, 99]  0.012129 + 0.000201 <  0.004766  :  38.671875  (5)
 [41 , 99, 99]  0.012129 + 0.000078 <  0.004766  :  31.062500  (3)
8, 13, 56