

 [80] ******************************************************

 [43 , 45, 51]  152718.430809 vs 149572.475678 >>  3145.955131  :  78.156250  (2)
[403]    45  [45, 51]
[404]    33  [43, 45, 51]

 [70] ******************************************************

 [7 , 20, 45]  131002.014504 vs 128432.512165 >>  2569.502339  :  199.234375  (3)
[403]    64  [45]
[740]    97  [7, 20]
[869]    39  [7, 20]

 [60] ******************************************************

 [20 , 43, 45]  116495.898057 vs 114414.995899 >>  2080.902158  :  328.531250  (3)
[403]    78  [45]
[404]    123  [43, 45]
[740]    127  [20]

 [50] ******************************************************

 [20 , 26, 62]  102911.142500 vs 100589.026528 >>  2322.115972  :  397.093750  (3)
[181]    126  [20, 26, 62]
[517]    139  [20, 26, 62]
[740]    132  [20, 62]

 [40] ******************************************************

 [7 , 20, 36]  88822.025518 vs 86746.895676 >>  2075.129842  :  1109.328125  (3)
[740]    415  [7, 20]
[808]    360  [7, 20, 36]
[869]    335  [7, 20, 36]

 [30] ******************************************************

 [1 , 7, 20]  72878.288091 vs 71177.423945 >>  1700.864146  :  1521.421875  (3)
[673]    407  [1]
[678]    5  [7, 20]
[740]    677  [1, 7, 20]
[869]    438  [7, 20]