
 now Q is 40

 now outputing  - - - -> end


basis_ent0 = 0.008997
 [1 , 13, 28]  0.008997 + 0.010567 >>  0.013779  :  992.562500  (42)
 [1 , 13, 54]  0.008997 + 0.009696 <  0.013779  :  937.203125  (38)
 [1 , 13, 50]  0.008997 + 0.009899 <  0.013779  :  911.187500  (39)
 [1 , 6, 13]  0.008997 + 0.010187 <  0.013779  :  905.156250  (38)
 [1 , 13, 39]  0.008997 + 0.010421 <  0.013779  :  888.546875  (39)
 [1 , 2, 13]  0.008997 + 0.010184 <  0.013779  :  876.078125  (37)
 [1 , 13, 45]  0.008997 + 0.010707 <  0.013779  :  868.968750  (38)
 [1 , 13, 42]  0.008997 + 0.010115 <  0.013779  :  865.093750  (39)
 [1 , 9, 13]  0.008997 + 0.010594 <  0.013779  :  863.859375  (39)
 [1 , 13, 61]  0.008997 + 0.010148 <  0.013779  :  863.171875  (39)

 [1 , 13, 99]  0.008997 + 0.008511 <  0.009186  :  585.953125  (31)
 [13 , 28, 99]  0.008997 + 0.006310 <  0.009186  :  560.000000  (27)
 [13 , 54, 99]  0.008997 + 0.007217 <  0.009186  :  491.140625  (25)
 [1 , 55, 99]  0.008997 + 0.005597 <  0.009186  :  463.578125  (26)
 [13 , 50, 99]  0.008997 + 0.005658 <  0.009186  :  455.046875  (22)
 [9 , 13, 99]  0.008997 + 0.005890 <  0.009186  :  453.984375  (20)
 [13 , 39, 99]  0.008997 + 0.005839 <  0.009186  :  445.656250  (20)
 [6 , 13, 99]  0.008997 + 0.006599 <  0.009186  :  434.109375  (26)
 [13 , 29, 99]  0.008997 + 0.005801 <  0.009186  :  429.453125  (21)
 [13 , 45, 99]  0.008997 + 0.005926 <  0.009186  :  427.343750  (20)

 [1 , 99, 99]  0.008997 + 0.002622 <  0.004593  :  219.796875  (13)
 [13 , 99, 99]  0.008997 + 0.003909 <  0.004593  :  197.265625  (13)
 [31 , 99, 99]  0.008997 + 0.001402 <  0.004593  :  41.640625  (17)
 [8 , 99, 99]  0.008997 + 0.001509 <  0.004593  :  39.734375  (18)
 [35 , 99, 99]  0.008997 + 0.000751 <  0.004593  :  36.062500  (8)
 [38 , 99, 99]  0.008997 + 0.000793 <  0.004593  :  33.312500  (10)
 [57 , 99, 99]  0.008997 + 0.001109 <  0.004593  :  19.671875  (10)
 [32 , 99, 99]  0.008997 + 0.000474 <  0.004593  :  19.125000  (6)
 [59 , 99, 99]  0.008997 + 0.000791 <  0.004593  :  19.125000  (10)
 [46 , 99, 99]  0.008997 + 0.000628 <  0.004593  :  16.234375  (8)
1, 13, 28