
 now Q is 70

 now outputing  - - - -> end


basis_ent0 = 0.013252
 [38 , 53, 63]  0.013252 + 0.002982 >>  0.012965  :  156.906250  (11)
 [38 , 47, 63]  0.013252 + 0.002497 <  0.012965  :  153.296875  (13)
 [27 , 47, 63]  0.013252 + 0.001605 <  0.012965  :  148.375000  (17)
 [0 , 47, 63]  0.013252 + 0.001626 <  0.012965  :  146.687500  (16)
 [47 , 59, 63]  0.013252 + 0.001254 <  0.012965  :  145.828125  (13)
 [47 , 62, 63]  0.013252 + 0.001334 <  0.012965  :  145.500000  (12)
 [47 , 51, 63]  0.013252 + 0.001451 <  0.012965  :  145.421875  (15)
 [7 , 38, 63]  0.013252 + 0.002239 <  0.012965  :  142.171875  (11)
 [46 , 53, 63]  0.013252 + 0.002157 <  0.012965  :  141.296875  (14)
 [46 , 47, 63]  0.013252 + 0.001323 <  0.012965  :  140.828125  (15)

 [38 , 63, 99]  0.013252 + 0.002139 <  0.008644  :  117.312500  (9)
 [27 , 63, 99]  0.013252 + 0.001077 <  0.008644  :  112.812500  (11)
 [59 , 63, 99]  0.013252 + 0.001290 <  0.008644  :  112.281250  (14)
 [51 , 63, 99]  0.013252 + 0.001209 <  0.008644  :  112.171875  (12)
 [62 , 63, 99]  0.013252 + 0.000945 <  0.008644  :  111.218750  (8)
 [0 , 63, 99]  0.013252 + 0.001263 <  0.008644  :  111.062500  (12)
 [61 , 63, 99]  0.013252 + 0.001330 <  0.008644  :  106.890625  (12)
 [49 , 63, 99]  0.013252 + 0.001287 <  0.008644  :  106.250000  (14)
 [50 , 63, 99]  0.013252 + 0.000890 <  0.008644  :  105.937500  (8)
 [46 , 63, 99]  0.013252 + 0.000869 <  0.008644  :  104.687500  (9)

 [63 , 99, 99]  0.013252 + 0.000659 <  0.004322  :  64.687500  (5)
 [47 , 99, 99]  0.013252 + 0.000398 <  0.004322  :  34.187500  (4)
 [53 , 99, 99]  0.013252 + 0.001287 <  0.004322  :  25.265625  (4)
 [12 , 99, 99]  0.013252 + 0.000882 <  0.004322  :  21.718750  (5)
 [8 , 99, 99]  0.013252 + 0.000702 <  0.004322  :  14.015625  (5)
 [7 , 99, 99]  0.013252 + 0.001112 <  0.004322  :  12.265625  (1)
 [38 , 99, 99]  0.013252 + 0.001563 <  0.004322  :  10.937500  (5)
 [19 , 99, 99]  0.013252 + 0.000856 <  0.004322  :  8.953125  (11)
 [32 , 99, 99]  0.013252 + 0.000612 <  0.004322  :  8.796875  (7)
 [14 , 99, 99]  0.013252 + 0.000762 <  0.004322  :  8.765625  (8)
38, 53, 63