

 [80] ******************************************************

 [14 , 35, 54]  121891.745328 vs 117096.471668 >>  4795.273660  :  201.390625  (2)
 [309]    94.250000 (2)  [14, 54]
 [755]    107.140625 (3)  [14, 35, 54]

 [70] ******************************************************

 [29 , 35, 43]  100181.443032 vs 96943.193937 >>  3238.249095  :  448.031250  (3)
 [722]    179.375000 (3)  [29, 35, 43]
 [788]    214.062500 (3)  [29, 35, 43]
 [821]    54.593750 (1)  [43]

 [60] ******************************************************

 [35 , 43, 47]  86232.334477 vs 83643.713015 >>  2588.621461  :  891.171875  (5)
 [432]    221.687500 (3)  [35, 43, 47]
 [722]    73.984375 (2)  [35, 43]
 [755]    218.812500 (1)  [35]
 [788]    323.500000 (3)  [35, 43, 47]
 [821]    55.578125 (1)  [43]

 [50] ******************************************************

 [35 , 43, 56]  75162.802696 vs 73361.968917 >>  1800.833779  :  1168.562500  (5)
 [240]    184.468750 (3)  [35, 43, 56]
 [722]    167.484375 (3)  [35, 43, 56]
 [755]    254.250000 (2)  [35, 56]
 [788]    335.937500 (2)  [35, 43]
 [821]    226.421875 (2)  [43, 56]

 [40] ******************************************************

 [35 , 43, 47]  64956.747797 vs 63563.163196 >>  1393.584601  :  1564.234375  (5)
 [432]    494.890625 (3)  [35, 43, 47]
 [722]    216.468750 (2)  [35, 43]
 [755]    193.437500 (1)  [35]
 [788]    316.906250 (3)  [35, 43, 47]
 [821]    344.921875 (1)  [43]

 [30] ******************************************************

 [34 , 35, 43]  54436.507764 vs 53441.481307 >>  995.026457  :  2443.359375  (5)
 [274]    584.125000 (3)  [34, 35, 43]
 [722]    290.500000 (2)  [35, 43]
 [755]    392.437500 (1)  [35]
 [788]    688.500000 (3)  [34, 35, 43]
 [821]    487.796875 (2)  [34, 43]