

 [80] ******************************************************

 [4 , 13, 30]  131347.645610 vs 126882.709874 >>  4464.935736  :  159.203125  (3)
[421]    86  [4, 30]
[624]    37  [4, 13, 30]
[784]    35  [4, 13]
[421]    85  [30]
[914]    43  [36, 52]
[920]    20  [30, 36]
[421]    87  [17, 25, 30]
[629]    58  [17, 25]
[629]    92  [5, 25, 52]
[914]    44  [5, 25, 52]
[980]    7  [5, 25, 52]
[421]    86  [30, 47, 52]
[452]    27  [30, 47, 52]
[914]    33  [47, 52]

 [70] ******************************************************

 [4 , 13, 30]  109138.657973 vs 106062.745940 >>  3075.912033  :  316.390625  (3)
[421]    183  [4, 30]
[624]    79  [4, 13, 30]
[784]    54  [4, 13]
[421]    182  [13, 30, 48]
[624]    61  [13, 30]
[822]    67  [30, 48]
[421]    182  [30]
[822]    67  [30, 48]
[914]    49  [52]
[421]    182  [13, 30, 52]
[624]    61  [13, 30]
[914]    49  [52]
[421]    182  [30]
[851]    51  [10, 30, 52]
[914]    59  [10, 52]

 [60] ******************************************************

 [25 , 30, 52]  95498.035203 vs 92880.318713 >>  2617.716491  :  399.578125  (3)
[421]    216  [25, 30, 52]
[629]    121  [25, 52]
[914]    63  [25, 52]
[421]    215  [17, 25, 30]
[629]    176  [17, 25]
[421]    214  [13, 30, 48]
[624]    77  [13, 30]
[822]    103  [30, 48]
[421]    214  [30]
[822]    103  [30, 48]
[914]    60  [52]
[421]    215  [4, 30]
[624]    95  [4, 13, 30]
[784]    67  [4, 13]

 [50] ******************************************************

 [25 , 30, 52]  84826.251863 vs 82779.346276 >>  2046.905587  :  540.703125  (4)
[421]    307  [25, 30, 52]
[460]    2  [25, 30]
[629]    153  [25, 52]
[914]    79  [25, 52]
[421]    306  [13, 30, 48]
[624]    88  [13, 30]
[822]    150  [30, 48]
[421]    306  [30]
[822]    150  [30, 48]
[914]    76  [52]
[421]    306  [30]
[452]    68  [30, 47]
[822]    150  [30, 48]
[421]    307  [17, 25, 30]
[460]    2  [25, 30]
[629]    208  [17, 25]

 [40] ******************************************************

 [30 , 48, 55]  73554.422273 vs 72040.849233 >>  1513.573040  :  758.640625  (3)
[421]    334  [30]
[466]    206  [48, 55]
[822]    221  [30, 48, 55]
[421]    334  [13, 30, 55]
[466]    203  [55]
[624]    114  [13, 30, 55]
[421]    334  [30]
[822]    213  [30, 48]
[914]    99  [52]
[421]    334  [30]
[466]    206  [52, 55]
[914]    99  [52]
[421]    334  [13, 30, 48]
[624]    87  [13, 30]
[822]    213  [30, 48]

 [30] ******************************************************

 [30 , 48, 55]  62483.579989 vs 61646.346548 >>  837.233441  :  948.296875  (4)
[421]    409  [30]
[460]    1  [30]
[466]    289  [48, 55]
[822]    251  [30, 48, 55]
[421]    411  [4, 30]
[460]    1  [30]
[466]    288  [4, 55]
[784]    142  [4, 55]
[421]    410  [30, 47, 55]
[452]    136  [30, 47]
[460]    1  [30]
[466]    295  [47, 55]
[421]    410  [13, 30, 55]
[460]    1  [30]
[466]    286  [55]
[624]    138  [13, 30, 55]
[421]    409  [30]
[460]    1  [30]
[466]    288  [52, 55]
[914]    116  [52]