basis_ent0 = 0.005439
 [38 , 44, 60]  0.005439 + 0.003225 <  0.011740  :  84.390625  (20)
 [0 , 38, 60]  0.005439 + 0.002738 <  0.011740  :  84.359375  (17)
 [38 , 59, 60]  0.005439 + 0.003433 <  0.011740  :  84.343750  (21)
 [38 , 45, 60]  0.005439 + 0.003086 <  0.011740  :  81.046875  (19)
 [38 , 43, 60]  0.005439 + 0.003032 <  0.011740  :  79.812500  (18)
 [6 , 44, 60]  0.005439 + 0.003482 <  0.011740  :  77.125000  (23)
 [35 , 44, 60]  0.005439 + 0.003023 <  0.011740  :  77.125000  (22)
 [35 , 59, 60]  0.005439 + 0.003299 <  0.011740  :  76.687500  (23)
 [22 , 38, 60]  0.005439 + 0.002755 <  0.011740  :  76.156250  (17)
 [35 , 45, 60]  0.005439 + 0.003100 <  0.011740  :  75.609375  (22)

 [44 , 60, 99]  0.005439 + 0.002500 >>  0.007827  :  65.046875  (15)
 [43 , 60, 99]  0.005439 + 0.002395 <  0.007827  :  61.515625  (14)
 [0 , 60, 99]  0.005439 + 0.002083 <  0.007827  :  60.671875  (13)
 [45 , 60, 99]  0.005439 + 0.002487 <  0.007827  :  58.296875  (15)
 [59 , 60, 99]  0.005439 + 0.002828 <  0.007827  :  56.484375  (16)
 [22 , 60, 99]  0.005439 + 0.002056 <  0.007827  :  48.921875  (12)
 [38 , 60, 99]  0.005439 + 0.002206 <  0.007827  :  47.937500  (13)
 [6 , 60, 99]  0.005439 + 0.002727 <  0.007827  :  39.671875  (19)
 [35 , 60, 99]  0.005439 + 0.002336 <  0.007827  :  37.968750  (18)
 [28 , 60, 99]  0.005439 + 0.002335 <  0.007827  :  37.500000  (15)

 [60 , 99, 99]  0.005439 + 0.001531 <  0.003913  :  28.468750  (9)
 [38 , 99, 99]  0.005439 + 0.000993 <  0.003913  :  9.312500  (5)
 [6 , 99, 99]  0.005439 + 0.001007 <  0.003913  :  8.421875  (8)
 [63 , 99, 99]  0.005439 + 0.000426 <  0.003913  :  7.515625  (4)
 [39 , 99, 99]  0.005439 + 0.000285 <  0.003913  :  7.468750  (3)
 [35 , 99, 99]  0.005439 + 0.000649 <  0.003913  :  7.281250  (6)
 [28 , 99, 99]  0.005439 + 0.001015 <  0.003913  :  7.250000  (7)
 [56 , 99, 99]  0.005439 + 0.000552 <  0.003913  :  6.796875  (4)
 [17 , 99, 99]  0.005439 + 0.000533 <  0.003913  :  5.718750  (5)
 [44 , 99, 99]  0.005439 + 0.000585 <  0.003913  :  5.093750  (5)
44, 60, 99