

 [80] ******************************************************

 [17 , 24, 30]  131347.645610 vs 126940.627608 >>  4407.018002  :  52.734375  (1)
[466]    53  [17, 24, 30]

 [70] ******************************************************

 [17 , 19, 60]  109138.657973 vs 105901.416142 >>  3237.241831  :  210.125000  (2)
[465]    79  [19, 60]
[466]    132  [17, 19, 60]

 [60] ******************************************************

 [15 , 17, 30]  95498.035203 vs 92685.303126 >>  2812.732077  :  349.906250  (2)
[466]    218  [15, 17, 30]
[609]    132  [15, 30]

 [50] ******************************************************

 [16 , 17, 63]  84826.251863 vs 82515.315746 >>  2310.936117  :  421.953125  (2)
[390]    219  [16, 17, 63]
[466]    205  [17]

 [40] ******************************************************

 [16 , 17, 63]  73554.422273 vs 71691.823082 >>  1862.599192  :  842.656250  (2)
[390]    385  [16, 17, 63]
[466]    459  [17]

 [30] ******************************************************

 [15 , 17, 19]  62483.579989 vs 61273.523940 >>  1210.056048  :  1153.687500  (3)
[465]    194  [19]
[466]    583  [15, 17, 19]
[609]    377  [15, 19]