

 [80] ******************************************************

 [7 , 13, 27]  121891.745328 vs 117045.902822 >>  4845.842505  :  133.625000  (3)
 [460]    51.718750 (2)
 [977]    42.218750 (2)
 [987]    39.750000 (3)

 [70] ******************************************************

 [22 , 24, 54]  100181.443032 vs 97001.921177 >>  3179.521855  :  292.312500  (3)
 [722]    182.531250 (3)
 [989]    75.625000 (1)
 [994]    37.734375 (2)

 [60] ******************************************************

 [22 , 24, 54]  86232.334477 vs 83999.606994 >>  2232.727483  :  472.578125  (3)
 [722]    292.156250 (3)
 [989]    118.406250 (1)
 [994]    65.593750 (2)

 [50] ******************************************************

 [22 , 24, 54]  75162.802696 vs 73719.860359 >>  1442.942338  :  609.531250  (3)
 [722]    376.359375 (3)
 [989]    129.046875 (1)
 [994]    107.703125 (2)

 [40] ******************************************************

 [22 , 24, 54]  64956.747797 vs 63946.291295 >>  1010.456502  :  701.234375  (7)
 [536]    1.125000 (1)
 [555]    2.937500 (2)
 [722]    434.640625 (3)
 [777]    1.796875 (1)
 [794]    5.406250 (1)
 [989]    135.296875 (1)
 [994]    123.609375 (2)

 [30] ******************************************************

 [22 , 24, 54]  54436.507764 vs 53804.359691 >>  632.148073  :  855.125000  (12)
 [299]    9.812500 (1)
 [555]    0.250000 (1)
 [568]    6.281250 (1)
 [705]    4.250000 (1)
 [722]    508.671875 (3)
 [745]    5.140625 (1)
 [777]    0.796875 (1)
 [785]    0.031250 (1)
 [800]    3.843750 (1)
 [946]    5.875000 (1)
 [989]    148.843750 (1)
 [994]    167.343750 (2)