

 [80] ******************************************************

 [12 , 37, 44]  131347.645610 vs 127012.464057 >>  4335.181553  :  93.968750  (2)
[624]    86  [12, 37, 44]
[921]    8  [12, 37, 44]

 [70] ******************************************************

 [22 , 44, 58]  109138.657973 vs 105978.746810 >>  3159.911163  :  158.671875  (3)
[624]    59  [22, 44, 58]
[822]    84  [22, 58]
[850]    16  [22, 44, 58]

 [60] ******************************************************

 [22 , 53, 58]  95498.035203 vs 92856.391053 >>  2641.644150  :  231.359375  (6)
[4]    12  [22, 53]
[8]    39  [22, 53]
[9]    19  [53]
[10]    13  [22, 53]
[822]    129  [22, 53, 58]
[850]    20  [22, 53, 58]

 [50] ******************************************************

 [22 , 53, 58]  84826.251863 vs 82821.099751 >>  2005.152112  :  428.671875  (9)
[2]    34  [22, 53, 58]
[4]    44  [22, 53]
[5]    21  [22, 53, 58]
[8]    42  [22, 53]
[9]    44  [53]
[10]    23  [22, 53]
[822]    176  [22, 53, 58]
[850]    41  [22, 53, 58]
[938]    3  [58]

 [40] ******************************************************

 [22 , 53, 58]  73554.422273 vs 71960.895280 >>  1593.526993  :  571.281250  (10)
[1]    12  [22, 53, 58]
[2]    37  [22, 53, 58]
[4]    62  [22, 53]
[5]    36  [22, 53, 58]
[8]    44  [22, 53]
[9]    58  [53]
[10]    33  [22, 53]
[822]    239  [22, 53, 58]
[850]    48  [22, 53, 58]
[938]    2  [58]

 [30] ******************************************************

 [22 , 53, 58]  62483.579989 vs 61497.051230 >>  986.528759  :  589.015625  (11)
[1]    1  [22, 53, 58]
[2]    45  [22, 53, 58]
[4]    53  [22, 53]
[5]    26  [22, 53, 58]
[6]    10  [22, 53]
[7]    3  [22, 53]
[8]    41  [22, 53]
[9]    54  [53]
[10]    25  [22, 53]
[822]    269  [22, 53, 58]
[850]    61  [22, 53, 58]