
 now Q is 10

 now outputing  - - - -> end


basis_ent0 = 0.015097
 [24 , 52, 61]  0.015097 + 0.000843 >>  0.015918  :  5591.125000  (8)
 [24 , 52, 58]  0.015097 + 0.001022 <  0.015918  :  5442.953125  (8)
 [24 , 58, 61]  0.015097 + 0.001129 <  0.015918  :  5433.328125  (7)
 [24 , 43, 52]  0.015097 + 0.001164 <  0.015918  :  5388.312500  (14)
 [24 , 43, 61]  0.015097 + 0.001217 <  0.015918  :  5364.000000  (13)
 [24 , 30, 61]  0.015097 + 0.000977 <  0.015918  :  5347.468750  (9)
 [24 , 42, 52]  0.015097 + 0.001105 <  0.015918  :  5225.093750  (9)
 [24 , 42, 61]  0.015097 + 0.001190 <  0.015918  :  5222.937500  (8)
 [24 , 30, 52]  0.015097 + 0.000961 <  0.015918  :  5207.390625  (10)
 [24 , 38, 52]  0.015097 + 0.001207 <  0.015918  :  5163.265625  (8)

 [24 , 61, 99]  0.015097 + 0.000834 <  0.010612  :  4173.515625  (6)
 [24 , 52, 99]  0.015097 + 0.000769 <  0.010612  :  4146.328125  (7)
 [24 , 58, 99]  0.015097 + 0.000876 <  0.010612  :  3898.656250  (5)
 [24 , 43, 99]  0.015097 + 0.001090 <  0.010612  :  3797.046875  (11)
 [24 , 30, 99]  0.015097 + 0.000769 <  0.010612  :  3693.890625  (7)
 [24 , 42, 99]  0.015097 + 0.000917 <  0.010612  :  3681.203125  (6)
 [24 , 38, 99]  0.015097 + 0.001040 <  0.010612  :  3590.500000  (5)
 [24 , 35, 99]  0.015097 + 0.001083 <  0.010612  :  3534.531250  (7)
 [24 , 47, 99]  0.015097 + 0.001075 <  0.010612  :  3363.406250  (7)
 [22 , 24, 99]  0.015097 + 0.001324 <  0.010612  :  3344.406250  (8)

 [24 , 99, 99]  0.015097 + 0.000539 <  0.005306  :  2634.843750  (4)
 [61 , 99, 99]  0.015097 + 0.000315 <  0.005306  :  1524.921875  (2)
 [52 , 99, 99]  0.015097 + 0.000312 <  0.005306  :  1453.531250  (3)
 [58 , 99, 99]  0.015097 + 0.000402 <  0.005306  :  1254.437500  (1)
 [43 , 99, 99]  0.015097 + 0.000620 <  0.005306  :  1080.984375  (6)
 [30 , 99, 99]  0.015097 + 0.000315 <  0.005306  :  1046.765625  (3)
 [42 , 99, 99]  0.015097 + 0.000443 <  0.005306  :  1004.468750  (1)
 [38 , 99, 99]  0.015097 + 0.000565 <  0.005306  :  886.515625  (1)
 [35 , 99, 99]  0.015097 + 0.000605 <  0.005306  :  882.250000  (3)
 [47 , 99, 99]  0.015097 + 0.000651 <  0.005306  :  690.859375  (4)
24, 52, 61