

 [80] ******************************************************

 [40 , 49, 61]  121891.745328 vs 119127.350078 >>  2764.395250  :  57.062500  (117)
 [1]    0.500000 (1)
 [5]    0.656250 (2)
 [10]    0.640625 (1)
 [13]    0.343750 (2)
 [24]    0.671875 (1)
 [28]    0.437500 (2)
 [30]    0.031250 (1)
 [32]    0.015625 (1)
 [41]    0.234375 (1)
 [47]    0.578125 (2)
 [48]    0.031250 (2)
 [55]    0.093750 (2)
 [59]    1.140625 (2)
 [68]    0.343750 (1)
 [74]    1.125000 (2)
 [76]    0.421875 (1)
 [83]    0.359375 (1)
 [84]    0.281250 (1)
 [107]    0.062500 (1)
 [108]    1.140625 (1)
 [111]    0.625000 (1)
 [113]    0.328125 (1)
 [115]    0.250000 (1)
 [116]    0.640625 (2)
 [117]    0.390625 (1)
 [119]    0.421875 (2)
 [122]    1.515625 (1)
 [128]    0.375000 (1)
 [130]    0.562500 (1)
 [132]    0.562500 (1)
 [133]    0.468750 (1)
 [134]    0.125000 (1)
 [135]    0.062500 (1)
 [136]    0.390625 (1)
 [137]    1.078125 (1)
 [146]    0.562500 (1)
 [149]    0.390625 (2)
 [150]    0.281250 (2)
 [151]    0.328125 (2)
 [152]    0.468750 (1)
 [158]    0.296875 (1)
 [166]    0.281250 (1)
 [174]    1.187500 (1)
 [177]    0.046875 (1)
 [179]    0.125000 (1)
 [180]    1.328125 (2)
 [182]    1.375000 (1)
 [186]    0.203125 (1)
 [187]    0.468750 (1)
 [210]    0.406250 (1)
 [219]    0.421875 (1)
 [220]    1.296875 (1)
 [225]    0.984375 (2)
 [228]    0.359375 (2)
 [246]    0.203125 (2)
 [249]    0.015625 (1)
 [250]    0.015625 (1)
 [277]    0.468750 (1)
 [283]    0.812500 (1)
 [284]    0.781250 (2)
 [286]    0.171875 (1)
 [289]    0.859375 (1)
 [292]    0.125000 (1)
 [298]    0.484375 (1)
 [311]    0.250000 (1)
 [314]    0.453125 (1)
 [315]    0.234375 (1)
 [316]    0.375000 (1)
 [317]    0.437500 (1)
 [321]    0.515625 (1)
 [323]    0.437500 (2)
 [324]    0.250000 (1)
 [330]    0.968750 (1)
 [342]    0.734375 (1)
 [353]    0.234375 (1)
 [354]    0.281250 (1)
 [360]    1.296875 (1)
 [373]    0.453125 (1)
 [376]    0.078125 (1)
 [377]    0.375000 (1)
 [378]    0.359375 (1)
 [379]    0.359375 (1)
 [380]    0.093750 (1)
 [384]    0.156250 (1)
 [407]    0.125000 (1)
 [411]    0.484375 (1)
 [412]    0.546875 (1)
 [413]    1.218750 (1)
 [415]    0.406250 (1)
 [436]    0.125000 (1)
 [437]    0.343750 (1)
 [438]    0.468750 (1)
 [442]    0.562500 (1)
 [443]    0.500000 (1)
 [444]    0.156250 (1)
 [451]    1.468750 (1)
 [455]    0.750000 (2)
 [468]    0.265625 (1)
 [470]    0.343750 (1)
 [475]    0.468750 (1)
 [480]    0.750000 (1)
 [481]    0.140625 (1)
 [482]    0.468750 (1)
 [500]    0.968750 (1)
 [502]    0.890625 (1)
 [506]    0.500000 (1)
 [509]    0.046875 (1)
 [510]    0.562500 (1)
 [515]    0.531250 (1)
 [533]    1.000000 (1)
 [542]    0.281250 (1)
 [545]    0.218750 (1)
 [556]    0.593750 (1)
 [573]    0.937500 (1)
 [574]    0.359375 (1)
 [579]    1.046875 (2)
 [584]    0.468750 (1)
 [586]    0.187500 (1)
 [587]    0.750000 (1)
 [615]    0.296875 (1)
 [617]    0.390625 (1)
 [645]    0.062500 (1)
 [680]    0.406250 (1)
 [709]    0.625000 (1)
 [740]    0.281250 (1)
 [775]    0.031250 (1)
 [776]    0.156250 (1)
 [807]    0.500000 (1)
 [808]    0.640625 (1)

 [70] ******************************************************

 [36 , 54, 61]  100181.443032 vs 98855.881459 >>  1325.561573  :  116.484375  (103)
 [17]    0.656250 (1)
 [18]    1.187500 (1)
 [30]    0.750000 (1)
 [34]    0.609375 (1)
 [36]    1.140625 (1)
 [37]    1.921875 (1)
 [48]    0.093750 (1)
 [54]    0.875000 (1)
 [56]    0.406250 (1)
 [60]    0.609375 (1)
 [65]    0.796875 (1)
 [68]    0.031250 (1)
 [69]    0.890625 (1)
 [70]    0.984375 (1)
 [80]    0.718750 (1)
 [82]    0.640625 (1)
 [84]    0.078125 (1)
 [86]    1.000000 (2)
 [90]    1.921875 (1)
 [97]    2.296875 (1)
 [98]    1.421875 (1)
 [102]    0.406250 (1)
 [106]    0.343750 (1)
 [108]    2.015625 (1)
 [109]    1.359375 (1)
 [114]    1.546875 (1)
 [115]    0.437500 (1)
 [117]    2.265625 (1)
 [119]    1.421875 (2)
 [120]    0.687500 (1)
 [122]    2.390625 (1)
 [124]    2.078125 (1)
 [129]    0.093750 (1)
 [135]    0.750000 (1)
 [137]    0.609375 (1)
 [138]    0.468750 (1)
 [139]    2.390625 (1)
 [144]    2.031250 (2)
 [148]    0.140625 (1)
 [151]    0.515625 (1)
 [154]    1.421875 (1)
 [157]    0.328125 (1)
 [162]    1.109375 (2)
 [167]    0.578125 (1)
 [170]    1.875000 (1)
 [177]    1.140625 (1)
 [178]    1.781250 (1)
 [180]    0.843750 (1)
 [182]    2.843750 (1)
 [185]    0.781250 (1)
 [187]    0.812500 (1)
 [189]    0.375000 (1)
 [194]    1.078125 (1)
 [213]    1.546875 (1)
 [214]    0.250000 (2)
 [217]    1.500000 (1)
 [228]    0.281250 (1)
 [229]    0.750000 (1)
 [230]    0.593750 (1)
 [233]    0.046875 (1)
 [249]    0.046875 (1)
 [252]    0.296875 (1)
 [255]    0.500000 (2)
 [256]    0.406250 (1)
 [257]    1.328125 (1)
 [282]    0.640625 (1)
 [284]    2.328125 (1)
 [286]    2.500000 (1)
 [296]    1.156250 (3)
 [314]    1.703125 (1)
 [320]    0.046875 (1)
 [324]    0.890625 (1)
 [327]    7.828125 (3)
 [328]    0.171875 (1)
 [340]    0.718750 (1)
 [341]    0.093750 (1)
 [345]    0.875000 (1)
 [348]    0.875000 (1)
 [352]    0.296875 (1)
 [355]    0.453125 (1)
 [358]    0.375000 (1)
 [360]    1.890625 (1)
 [372]    0.937500 (1)
 [378]    0.171875 (1)
 [380]    1.000000 (1)
 [391]    0.859375 (1)
 [405]    1.250000 (1)
 [408]    1.109375 (1)
 [423]    0.703125 (2)
 [426]    1.718750 (1)
 [446]    2.546875 (1)
 [447]    1.468750 (1)
 [468]    1.062500 (1)
 [479]    1.328125 (1)
 [500]    0.718750 (1)
 [508]    1.468750 (1)
 [509]    1.906250 (1)
 [525]    1.796875 (1)
 [532]    0.781250 (1)
 [553]    1.687500 (1)
 [581]    8.046875 (3)
 [606]    0.843750 (1)
 [620]    0.140625 (2)
 [678]    1.265625 (1)
 [808]    2.218750 (1)
 [839]    0.156250 (1)

 [60] ******************************************************

 [8 , 15, 17]  86232.334477 vs 84852.305257 >>  1380.029220  :  193.281250  (47)
 [3]    1.781250 (1)
 [8]    2.906250 (1)
 [15]    2.171875 (1)
 [22]    1.312500 (1)
 [39]    0.078125 (1)
 [52]    0.468750 (1)
 [53]    0.031250 (1)
 [78]    1.578125 (1)
 [93]    0.328125 (1)
 [101]    0.250000 (1)
 [154]    1.359375 (1)
 [157]    1.781250 (1)
 [180]    2.515625 (1)
 [184]    1.937500 (1)
 [193]    1.062500 (1)
 [194]    1.906250 (1)
 [200]    0.203125 (1)
 [201]    1.562500 (1)
 [214]    2.203125 (1)
 [216]    0.078125 (1)
 [248]    0.937500 (1)
 [251]    2.046875 (1)
 [293]    0.171875 (1)
 [328]    1.531250 (1)
 [334]    1.500000 (1)
 [341]    0.625000 (1)
 [355]    0.765625 (1)
 [387]    0.140625 (1)
 [404]    0.906250 (1)
 [408]    1.890625 (1)
 [422]    0.359375 (1)
 [423]    0.937500 (1)
 [457]    1.265625 (1)
 [462]    2.500000 (1)
 [463]    1.640625 (3)
 [479]    2.031250 (1)
 [509]    2.062500 (1)
 [558]    1.468750 (1)
 [582]    1.546875 (1)
 [607]    2.625000 (1)
 [649]    1.234375 (1)
 [681]    2.125000 (1)
 [713]    2.906250 (1)
 [745]    1.515625 (1)
 [755]    79.515625 (3)
 [788]    55.546875 (3)
 [841]    0.828125 (2)

 [50] ******************************************************

 [4 , 8, 15]  75162.802696 vs 73897.951950 >>  1264.850746  :  225.343750  (19)
 [8]    2.625000 (1)
 [35]    1.812500 (1)
 [51]    0.218750 (1)
 [72]    1.187500 (1)
 [112]    1.781250 (1)
 [144]    1.062500 (1)
 [259]    0.390625 (1)
 [263]    2.359375 (1)
 [296]    0.015625 (1)
 [340]    3.078125 (1)
 [355]    0.515625 (1)
 [419]    2.859375 (1)
 [423]    3.687500 (1)
 [463]    1.687500 (2)
 [499]    2.250000 (1)
 [521]    2.093750 (1)
 [722]    57.750000 (3)
 [755]    76.390625 (3)
 [821]    66.125000 (3)

 [40] ******************************************************

 [4 , 8, 15]  64956.747797 vs 64060.794426 >>  895.953371  :  404.859375  (19)
 [26]    2.734375 (1)
 [31]    1.906250 (1)
 [226]    0.437500 (1)
 [259]    2.328125 (1)
 [263]    4.421875 (1)
 [280]    0.671875 (1)
 [325]    1.734375 (1)
 [359]    5.343750 (1)
 [421]    4.218750 (1)
 [463]    3.593750 (2)
 [536]    1.015625 (1)
 [555]    8.781250 (1)
 [722]    116.031250 (3)
 [755]    59.609375 (3)
 [768]    0.312500 (1)
 [777]    1.781250 (1)
 [794]    3.343750 (1)
 [795]    1.046875 (1)
 [821]    187.312500 (3)

 [30] ******************************************************

 [4 , 8, 15]  54436.507764 vs 53766.256744 >>  670.251020  :  1154.343750  (14)
 [299]    9.625000 (1)
 [555]    9.343750 (1)
 [568]    6.187500 (1)
 [705]    1.921875 (1)
 [722]    190.062500 (3)
 [745]    4.671875 (1)
 [755]    258.609375 (3)
 [767]    6.687500 (1)
 [777]    0.781250 (1)
 [785]    2.609375 (1)
 [788]    341.031250 (3)
 [800]    4.578125 (1)
 [801]    1.281250 (1)
 [809]    0.703125 (1)
 [821]    312.296875 (3)
 [838]    0.234375 (1)
 [946]    2.343750 (1)
 [987]    15.046875 (1)