

 [80] ******************************************************

 [29 , 31, 55]  121891.745328 vs 116965.964220 >>  4925.781108  :  214.765625  (3)
 [722]    86.593750 (3)
 [755]    112.281250 (3)
 [945]    15.890625 (3)

 [70] ******************************************************

 [18 , 31, 55]  100181.443032 vs 96812.583129 >>  3368.859903  :  412.640625  (3)
 [722]    72.500000 (3)
 [755]    89.593750 (2)
 [788]    257.046875 (2)

 [60] ******************************************************

 [18 , 31, 55]  86232.334477 vs 83904.926324 >>  2327.408152  :  955.281250  (3)
 [722]    182.125000 (3)
 [755]    397.718750 (2)
 [788]    381.937500 (2)

 [50] ******************************************************

 [31 , 55, 57]  75162.802696 vs 73363.161093 >>  1799.641603  :  1169.765625  (5)
 [722]    231.250000 (2)
 [755]    390.281250 (3)
 [788]    192.421875 (2)
 [821]    236.500000 (2)
 [994]    119.312500 (1)

 [40] ******************************************************

 [31 , 55, 57]  64956.747797 vs 63568.897990 >>  1387.849807  :  1331.062500  (6)
 [722]    289.531250 (2)
 [755]    373.500000 (3)
 [788]    169.656250 (2)
 [794]    5.468750 (1)
 [821]    357.687500 (2)
 [994]    135.218750 (1)

 [30] ******************************************************

 [31 , 55, 57]  54436.507764 vs 53514.634693 >>  921.873071  :  2158.937500  (11)
 [568]    5.921875 (1)
 [705]    2.500000 (1)
 [722]    363.562500 (2)
 [755]    572.500000 (3)
 [767]    0.390625 (1)
 [788]    544.296875 (2)
 [800]    2.843750 (1)
 [821]    482.671875 (2)
 [858]    0.015625 (1)
 [946]    5.281250 (1)
 [994]    178.953125 (1)