

 [80] ******************************************************

 [37 , 41, 45]  121891.745328 vs 118887.045452 >>  3004.699875  :  13.234375  (34)
 [376]    0.312500 (1)
 [377]    0.375000 (1)
 [384]    0.156250 (1)
 [407]    0.125000 (1)
 [411]    0.187500 (1)
 [412]    0.156250 (1)
 [436]    0.125000 (1)
 [437]    0.343750 (1)
 [438]    0.468750 (1)
 [443]    0.578125 (1)
 [444]    0.156250 (1)
 [451]    1.078125 (1)
 [468]    0.468750 (1)
 [475]    0.343750 (1)
 [477]    0.187500 (1)
 [480]    0.531250 (1)
 [482]    0.453125 (1)
 [502]    0.406250 (1)
 [506]    0.500000 (1)
 [510]    0.375000 (1)
 [533]    0.609375 (1)
 [542]    0.187500 (1)
 [556]    0.781250 (1)
 [573]    0.562500 (1)
 [579]    0.218750 (1)
 [584]    0.500000 (1)
 [586]    0.187500 (1)
 [587]    0.781250 (1)
 [680]    0.187500 (1)
 [709]    0.703125 (1)
 [740]    0.281250 (1)
 [775]    0.031250 (1)
 [776]    0.234375 (1)
 [807]    0.640625 (1)

 [70] ******************************************************

 [7 , 33, 55]  100181.443032 vs 97960.104810 >>  2221.338222  :  16.359375  (1)
 [722]    16.359375 (3)

 [60] ******************************************************

 [7 , 33, 55]  86232.334477 vs 84940.274545 >>  1292.059931  :  125.984375  (1)
 [722]    125.984375 (3)

 [50] ******************************************************

 [7 , 33, 55]  75162.802696 vs 74576.337009 >>  586.465687  :  210.187500  (1)
 [722]    210.187500 (3)

 [40] ******************************************************

 [7 , 33, 55]  64956.747797 vs 64702.746619 >>  254.001178  :  268.468750  (1)
 [722]    268.468750 (3)

 [30] ******************************************************

 [5 , 13, 55]  54436.507764 vs 54302.444898 >>  134.062866  :  445.031250  (3)
 [722]    166.296875 (3)
 [755]    146.750000 (3)
 [788]    131.984375 (2)