basis_ent0 = 0.015039
 [1 , 4, 10]  0.015039 + 0.001715 >>  0.015896  :  6494.734375  (39)
 [1 , 9, 10]  0.015039 + 0.001490 <  0.015896  :  6355.156250  (38)
 [1 , 6, 10]  0.015039 + 0.001863 <  0.015896  :  6311.531250  (38)
 [1 , 2, 10]  0.015039 + 0.001548 <  0.015896  :  6045.234375  (37)
 [1 , 3, 10]  0.015039 + 0.001366 <  0.015896  :  5916.984375  (34)
 [1 , 8, 10]  0.015039 + 0.001366 <  0.015896  :  5916.984375  (34)
 [1 , 5, 10]  0.015039 + 0.001444 <  0.015896  :  5916.375000  (34)
 [1 , 7, 10]  0.015039 + 0.001522 <  0.015896  :  5914.265625  (34)
 [1 , 10, 29]  0.015039 + 0.001391 <  0.015896  :  5737.609375  (31)
 [1 , 10, 47]  0.015039 + 0.001411 <  0.015896  :  5696.125000  (32)

 [1 , 10, 99]  0.015039 + 0.001366 <  0.010597  :  5916.984375  (34)
 [1 , 9, 99]  0.015039 + 0.001445 <  0.010597  :  4803.156250  (30)
 [1 , 4, 99]  0.015039 + 0.001598 <  0.010597  :  4705.953125  (28)
 [1 , 12, 99]  0.015039 + 0.001393 <  0.010597  :  4514.000000  (23)
 [1 , 18, 99]  0.015039 + 0.001373 <  0.010597  :  4403.187500  (24)
 [1 , 52, 99]  0.015039 + 0.001470 <  0.010597  :  4363.546875  (25)
 [1 , 29, 99]  0.015039 + 0.001430 <  0.010597  :  4329.062500  (23)
 [1 , 34, 99]  0.015039 + 0.001361 <  0.010597  :  4270.484375  (23)
 [1 , 42, 99]  0.015039 + 0.001378 <  0.010597  :  4249.093750  (24)
 [1 , 30, 99]  0.015039 + 0.001460 <  0.010597  :  4243.781250  (25)

 [1 , 99, 99]  0.015039 + 0.001323 <  0.005299  :  4082.453125  (22)
 [10 , 99, 99]  0.015039 + 0.000391 <  0.005299  :  1764.421875  (12)
 [4 , 99, 99]  0.015039 + 0.000446 <  0.005299  :  570.343750  (6)
 [9 , 99, 99]  0.015039 + 0.000386 <  0.005299  :  527.265625  (9)
 [12 , 99, 99]  0.015039 + 0.000069 <  0.005299  :  431.546875  (1)
 [18 , 99, 99]  0.015039 + 0.000050 <  0.005299  :  320.734375  (2)
 [29 , 99, 99]  0.015039 + 0.000164 <  0.005299  :  225.828125  (1)
 [52 , 99, 99]  0.015039 + 0.000438 <  0.005299  :  213.484375  (3)
 [34 , 99, 99]  0.015039 + 0.000038 <  0.005299  :  188.031250  (1)
 [42 , 99, 99]  0.015039 + 0.000112 <  0.005299  :  164.765625  (2)
1, 4, 10