

 [80] ******************************************************

 [42 , 56, 62]  152718.430809 vs 149424.236427 >>  3294.194381  :  96.937500  (2)
[403]    50  [42, 56, 62]
[750]    47  [42, 56, 62]

 [70] ******************************************************

 [8 , 56, 62]  131002.014504 vs 128332.872969 >>  2669.141536  :  182.859375  (3)
[340]    34  [8, 56]
[403]    72  [56]
[750]    77  [8, 56, 62]

 [60] ******************************************************

 [8 , 56, 62]  116495.898057 vs 114410.092081 >>  2085.805976  :  373.781250  (3)
[340]    140  [8, 56]
[403]    86  [56]
[750]    147  [8, 56, 62]

 [50] ******************************************************

 [8 , 14, 62]  102911.142500 vs 100493.123924 >>  2418.018575  :  645.234375  (3)
[340]    213  [8, 14, 62]
[750]    183  [8, 62]
[804]    249  [8, 14, 62]

 [40] ******************************************************

 [8 , 25, 37]  88822.025518 vs 86667.592436 >>  2154.433081  :  695.625000  (3)
[181]    202  [8, 25, 37]
[276]    282  [8, 25, 37]
[340]    212  [8, 37]

 [30] ******************************************************

 [8 , 14, 28]  72878.288091 vs 70990.675297 >>  1887.612794  :  1171.671875  (4)
[340]    328  [8, 14]
[678]    91  [8]
[804]    390  [8, 14, 28]
[805]    362  [8, 28]