

 [80] ******************************************************

 [25 , 29, 61]  152718.430809 vs 149649.938338 >>  3068.492471  :  16.031250  (1)
[805]    16  [25, 29, 61]

 [70] ******************************************************

 [9 , 21, 59]  131002.014504 vs 128532.359943 >>  2469.654562  :  153.484375  (2)
[423]    69  [9, 21, 59]
[518]    84  [9, 21]

 [60] ******************************************************

 [6 , 31, 41]  116495.898057 vs 114448.839967 >>  2047.058090  :  298.843750  (3)
[246]    130  [6, 31, 41]
[343]    88  [6, 41]
[804]    81  [6, 31, 41]

 [50] ******************************************************

 [7 , 31, 41]  102911.142500 vs 100449.268656 >>  2461.873843  :  564.000000  (3)
[343]    107  [41]
[550]    146  [7, 31, 41]
[804]    311  [7, 31, 41]

 [40] ******************************************************

 [7 , 43, 49]  88822.025518 vs 86590.359334 >>  2231.666184  :  681.859375  (3)
[311]    268  [7, 43, 49]
[550]    185  [7, 49]
[710]    229  [7, 43]

 [30] ******************************************************

 [25 , 29, 41]  72878.288091 vs 71013.794203 >>  1864.493888  :  1406.500000  (4)
[343]    379  [25, 41]
[707]    69  [25, 41]
[805]    631  [25, 29]
[837]    328  [29, 41]