

 [80] ******************************************************

 [9 , 60, 63]  152718.430809 vs 149731.251165 >>  2987.179644  :  1.406250  (1)
[581]    1  [9, 60, 63]

 [70] ******************************************************

 [22 , 26, 39]  131002.014504 vs 128852.664424 >>  2149.350081  :  55.687500  (1)
[944]    56  [22, 26, 39]

 [60] ******************************************************

 [13 , 22, 34]  116495.898057 vs 114647.143273 >>  1848.754784  :  88.796875  (3)
[971]    33  [13, 22, 34]
[972]    38  [13, 22, 34]
[974]    18  [13, 22, 34]

 [50] ******************************************************

 [13 , 22, 34]  102911.142500 vs 100645.096761 >>  2266.045739  :  284.468750  (6)
[357]    1  [22, 34]
[971]    53  [13, 22, 34]
[972]    53  [13, 22, 34]
[973]    66  [13, 22, 34]
[974]    99  [13, 22, 34]
[1002]    14  [13, 22, 34]

 [40] ******************************************************

 [13 , 22, 47]  88822.025518 vs 86429.687592 >>  2392.337926  :  809.093750  (13)
[93]    27  [22, 47]
[191]    1  [13, 22, 47]
[311]    227  [13, 22, 47]
[740]    69  [13, 47]
[946]    122  [13, 22, 47]
[970]    6  [13, 22, 47]
[971]    55  [13, 22, 47]
[972]    55  [13, 22]
[973]    37  [13, 22]
[974]    27  [13, 22]
[1001]    28  [13, 22]
[1002]    43  [13, 22]
[1004]    113  [13, 22]

 [30] ******************************************************

 [13 , 22, 26]  72878.288091 vs 70713.531480 >>  2164.756611  :  2695.687500  (38)
[93]    62  [13, 22, 26]
[127]    8  [13, 22, 26]
[159]    22  [22]
[188]    32  [13, 22]
[191]    32  [13, 22]
[343]    203  [13, 22, 26]
[421]    2  [26]
[640]    6  [26]
[673]    16  [13, 22, 26]
[771]    60  [22, 26]
[800]    6  [13]
[869]    2  [13, 26]
[871]    55  [13, 22, 26]
[913]    194  [13, 22, 26]
[931]    75  [13, 22, 26]
[942]    172  [13, 22, 26]
[944]    100  [22, 26]
[946]    190  [13, 22, 26]
[947]    28  [13, 26]
[965]    73  [22, 26]
[970]    59  [13, 22]
[971]    103  [13, 22]
[972]    155  [13, 22]
[973]    57  [13, 22]
[974]    162  [13, 26]
[975]    67  [13, 22, 26]
[976]    57  [13, 22, 26]
[977]    145  [13, 22, 26]
[978]    20  [13, 22, 26]
[1000]    88  [13, 22, 26]
[1001]    145  [13, 22, 26]
[1002]    30  [13, 22]
[1003]    71  [13, 22]
[1004]    130  [13, 22]
[1005]    0  [13, 22, 26]
[1007]    19  [13, 22, 26]
[1008]    35  [13, 22, 26]
[1009]    33  [13, 22, 26]