basis_ent0 = 0.003705
 [10 , 25, 36]  0.003705 + 0.000667 <  0.011306  :  28.937500  (10)
 [25 , 36, 52]  0.003705 + 0.000650 <  0.011306  :  27.921875  (8)
 [25 , 35, 36]  0.003705 + 0.000612 <  0.011306  :  27.343750  (10)
 [25 , 36, 37]  0.003705 + 0.000455 <  0.011306  :  27.281250  (7)
 [25 , 36, 50]  0.003705 + 0.000490 <  0.011306  :  27.000000  (8)
 [25 , 33, 36]  0.003705 + 0.000495 <  0.011306  :  26.000000  (8)
 [36 , 50, 55]  0.003705 + 0.000826 <  0.011306  :  25.843750  (13)
 [10 , 36, 52]  0.003705 + 0.000703 <  0.011306  :  25.578125  (9)
 [35 , 36, 52]  0.003705 + 0.000916 <  0.011306  :  25.515625  (12)
 [21 , 36, 50]  0.003705 + 0.000630 <  0.011306  :  25.421875  (9)

 [36 , 50, 99]  0.003705 + 0.000386 <  0.007538  :  21.531250  (6)
 [36 , 37, 99]  0.003705 + 0.000369 <  0.007538  :  20.187500  (4)
 [46 , 52, 99]  0.003705 + 0.000883 <  0.007538  :  14.625000  (10)
 [46 , 47, 99]  0.003705 + 0.000806 <  0.007538  :  14.328125  (10)
 [10 , 46, 99]  0.003705 + 0.000644 <  0.007538  :  13.890625  (10)
 [40 , 46, 99]  0.003705 + 0.000601 <  0.007538  :  13.843750  (10)
 [41 , 46, 99]  0.003705 + 0.000349 <  0.007538  :  13.421875  (6)
 [44 , 46, 99]  0.003705 + 0.000677 <  0.007538  :  12.984375  (8)
 [21 , 42, 99]  0.003705 + 0.001841 <  0.007538  :  12.859375  (10)
 [6 , 46, 99]  0.003705 + 0.000501 <  0.007538  :  12.468750  (7)

 [25 , 99, 99]  0.003705 + 0.000321 >>  0.003769  :  5.671875  (4)
 [21 , 99, 99]  0.003705 + 0.000242 <  0.003769  :  3.203125  (2)
 [52 , 99, 99]  0.003705 + 0.000347 <  0.003769  :  3.031250  (2)
 [16 , 99, 99]  0.003705 + 0.000279 <  0.003769  :  2.843750  (4)
 [5 , 99, 99]  0.003705 + 0.000268 <  0.003769  :  2.718750  (4)
 [10 , 99, 99]  0.003705 + 0.000376 <  0.003769  :  2.515625  (5)
 [29 , 99, 99]  0.003705 + 0.000110 <  0.003769  :  2.484375  (1)
 [43 , 99, 99]  0.003705 + 0.000269 <  0.003769  :  2.296875  (3)
 [47 , 99, 99]  0.003705 + 0.000280 <  0.003769  :  2.156250  (2)
 [55 , 99, 99]  0.003705 + 0.000495 <  0.003769  :  2.093750  (4)
25, 99, 99