

 [80] ******************************************************

 [16 , 45, 59]  121891.745328 vs 117135.817278 >>  4755.928049  :  198.578125  (2)
 [755]    123.296875 (3)
 [978]    75.281250 (1)

 [70] ******************************************************

 [38 , 45, 59]  100181.443032 vs 96790.953529 >>  3390.489503  :  280.359375  (4)
 [722]    139.859375 (2)
 [755]    100.703125 (3)
 [788]    17.406250 (2)
 [989]    22.390625 (3)

 [60] ******************************************************

 [38 , 45, 59]  86232.334477 vs 83896.845376 >>  2335.489101  :  865.781250  (4)
 [722]    249.484375 (2)
 [755]    408.828125 (3)
 [788]    142.296875 (2)
 [989]    65.171875 (3)

 [50] ******************************************************

 [38 , 45, 59]  75162.802696 vs 73600.481089 >>  1562.321607  :  968.203125  (4)
 [722]    333.687500 (2)
 [755]    400.234375 (3)
 [788]    158.468750 (2)
 [989]    75.812500 (3)

 [40] ******************************************************

 [38 , 45, 59]  64956.747797 vs 63704.540052 >>  1252.207745  :  1071.046875  (8)
 [536]    0.921875 (1)
 [722]    391.968750 (2)
 [755]    383.453125 (3)
 [777]    1.515625 (1)
 [788]    135.703125 (2)
 [794]    4.484375 (1)
 [821]    71.828125 (2)
 [989]    82.062500 (3)

 [30] ******************************************************

 [38 , 45, 59]  54436.507764 vs 53633.557181 >>  802.950583  :  1895.125000  (15)
 [299]    9.937500 (1)
 [356]    11.203125 (2)
 [568]    5.812500 (1)
 [705]    2.609375 (1)
 [722]    466.000000 (2)
 [755]    582.453125 (3)
 [764]    0.546875 (1)
 [777]    0.515625 (1)
 [785]    10.406250 (1)
 [788]    510.343750 (2)
 [800]    2.000000 (1)
 [803]    2.156250 (2)
 [821]    196.812500 (2)
 [946]    5.515625 (1)
 [989]    88.953125 (2)