

 Use image  :  mandrill.bmp




  Relationship between basis and replaceable basis


  Number of basis used : 0, 1 


  [basis number] : Number of substitutable basis for basis number 


 *Total on the right : Number of replacements (Be done)

  Total below : Number of replacements (To do)


  Of the amount of improvement  : 0 ~ 100.000000

----------------------------------------------------------------------------------

 +----+----+----+----+----+----+----+----+----+----+----+----+----+----+----+----+----+----+----+----+----+----+----+----+----+----+----+----+----+----+----+----+----+----+----+----+----+----+----+----+----+----+----+----+----+----+----+----+----+----+----+----+----+----+----+----+----+----+----+----+----+----+----+----+----+----+
 | ## |[ 0]|[ 1]|[ 2]|[ 3]|[ 4]|[ 5]|[ 6]|[ 7]|[ 8]|[ 9]|[10]|[11]|[12]|[13]|[14]|[15]|[16]|[17]|[18]|[19]|[20]|[21]|[22]|[23]|[24]|[25]|[26]|[27]|[28]|[29]|[30]|[31]|[32]|[33]|[34]|[35]|[36]|[37]|[38]|[39]|[40]|[41]|[42]|[43]|[44]|[45]|[46]|[47]|[48]|[49]|[50]|[51]|[52]|[53]|[54]|[55]|[56]|[57]|[58]|[59]|[60]|[61]|[62]|[63]| ## |                                                                                    
 +----+----+----+----+----+----+----+----+----+----+----+----+----+----+----+----+----+----+----+----+----+----+----+----+----+----+----+----+----+----+----+----+----+----+----+----+----+----+----+----+----+----+----+----+----+----+----+----+----+----+----+----+----+----+----+----+----+----+----+----+----+----+----+----+----+----+
 |[ 0]| ## |  56|  62|    |  60|  61|  61|  60|  59|  58|  63|  60|  60|  56|  59|  56|  58|  61|  61|  53|  60|  59|  61|  57|  53|  62|  64|  63|  58|  52|  59|  64|  62|  53|  57|  58|  60|  56|  56|  58|  65|    |  57|  56|  53|  63|    |  62|  59|  57|  54|  57|  63|  58|  65|  62|  56|  59|  56|  58|  68|  60|  57|  58|[ 0]|
 +----+----+----+----+----+----+----+----+----+----+----+----+----+----+----+----+----+----+----+----+----+----+----+----+----+----+----+----+----+----+----+----+----+----+----+----+----+----+----+----+----+----+----+----+----+----+----+----+----+----+----+----+----+----+----+----+----+----+----+----+----+----+----+----+----+----+
 |[ 1]|  55| ## |  54|  50|  64|  61|  60|  59|  56|  58|  60|  60|  61|  54|  55|  60|  59|  58|  57|  55|  59|  58|  64|  57|  54|  63|  61|  62|  55|  50|  60|  62|  62|  55|  59|  61|  62|  58|  57|  59|  67|  52|  58|  51|  56|  63|  53|  65|  60|  59|  55|  55|  64|  62|  63|  62|  59|  56|  59|  57|  67|  59|  60|  60|[ 1]|
 +----+----+----+----+----+----+----+----+----+----+----+----+----+----+----+----+----+----+----+----+----+----+----+----+----+----+----+----+----+----+----+----+----+----+----+----+----+----+----+----+----+----+----+----+----+----+----+----+----+----+----+----+----+----+----+----+----+----+----+----+----+----+----+----+----+----+
 |[ 2]|  58|  52| ## |  51|  63|  61|  62|  59|  61|  58|  64|  63|  63|  55|  60|  61|  55|  60|  60|  56|  57|  62|  61|  61|  57|  65|  64|  60|  61|  54|  62|  63|  60|  61|  58|  61|  61|  57|  59|  58|  69|  52|  57|  59|  57|  60|  51|  65|  59|  57|  57|  54|  61|  57|  66|  63|  56|  59|  59|  60|  68|  60|  61|  60|[ 2]|
 +----+----+----+----+----+----+----+----+----+----+----+----+----+----+----+----+----+----+----+----+----+----+----+----+----+----+----+----+----+----+----+----+----+----+----+----+----+----+----+----+----+----+----+----+----+----+----+----+----+----+----+----+----+----+----+----+----+----+----+----+----+----+----+----+----+----+
 |[ 3]|    |  50|  53| ## |  57|  57|  57|  56|  56|  51|  59|  55|  60|  53|  53|  55|  54|  60|  58|  51|  57|  55|  58|  56|  53|  58|  60|  56|  53|  52|  59|  56|  58|  56|  57|  59|  58|  57|  57|  55|  62|    |  51|  53|  51|  54|  53|  60|  55|  52|  54|  53|  57|  58|  59|  59|  56|  57|  57|  56|  64|  53|  55|  54|[ 3]|
 +----+----+----+----+----+----+----+----+----+----+----+----+----+----+----+----+----+----+----+----+----+----+----+----+----+----+----+----+----+----+----+----+----+----+----+----+----+----+----+----+----+----+----+----+----+----+----+----+----+----+----+----+----+----+----+----+----+----+----+----+----+----+----+----+----+----+
 |[ 4]|  53|  57|  59|  51| ## |  61|  58|  57|  61|  59|  61|  63|  63|  53|  61|  60|  55|  60|  61|  56|  59|  59|  59|  59|  56|  64|  62|  61|  58|  52|  62|  61|  65|  57|  58|  61|  62|  57|  58|  60|  68|  50|  56|  57|  55|  68|  53|  66|  61|  55|  52|  59|  63|  59|  66|  62|  59|  57|  60|  58|  67|  61|  61|  60|[ 4]|
 +----+----+----+----+----+----+----+----+----+----+----+----+----+----+----+----+----+----+----+----+----+----+----+----+----+----+----+----+----+----+----+----+----+----+----+----+----+----+----+----+----+----+----+----+----+----+----+----+----+----+----+----+----+----+----+----+----+----+----+----+----+----+----+----+----+----+
 |[ 5]|  52|  52|  56|  50|  60| ## |  58|  57|  57|  56|  60|  57|  61|  54|  57|  56|  55|  59|  59|  53|  57|  58|  57|  56|  57|  62|  64|  60|  58|  50|  61|  60|  61|  55|  58|  58|  57|  56|  55|  58|  64|    |  56|  53|  56|  61|  50|  62|  56|  57|  54|  55|  60|  59|  61|  62|  58|  56|  61|  54|  66|  58|  55|  57|[ 5]|
 +----+----+----+----+----+----+----+----+----+----+----+----+----+----+----+----+----+----+----+----+----+----+----+----+----+----+----+----+----+----+----+----+----+----+----+----+----+----+----+----+----+----+----+----+----+----+----+----+----+----+----+----+----+----+----+----+----+----+----+----+----+----+----+----+----+----+
 |[ 6]|  56|  55|  60|  53|  61|  62| ## |  60|  58|  57|  59|  59|  62|  58|  61|  63|  58|  61|  60|  57|  59|  58|  61|  63|  56|  64|  62|  61|  58|  53|  60|  62|  60|  58|  60|  61|  62|  58|  56|  58|  68|  51|  54|  55|  52|  60|    |  66|  60|  58|  53|  56|  58|  59|  64|  66|  58|  56|  62|  56|  68|  58|  58|  56|[ 6]|
 +----+----+----+----+----+----+----+----+----+----+----+----+----+----+----+----+----+----+----+----+----+----+----+----+----+----+----+----+----+----+----+----+----+----+----+----+----+----+----+----+----+----+----+----+----+----+----+----+----+----+----+----+----+----+----+----+----+----+----+----+----+----+----+----+----+----+
 |[ 7]|  55|  54|  56|  51|  58|  60|  59| ## |  59|  57|  60|  61|  58|  56|  58|  58|  55|  58|  59|  57|  56|  59|  61|  59|  56|  61|  62|  58|  60|  51|  56|  62|  60|  56|  58|  59|  59|  56|  56|  57|  67|  51|  57|  53|  54|  58|  52|  62|  59|  55|  56|  51|  58|  57|  62|  62|  56|  55|  59|  57|  67|  58|  58|  58|[ 7]|
 +----+----+----+----+----+----+----+----+----+----+----+----+----+----+----+----+----+----+----+----+----+----+----+----+----+----+----+----+----+----+----+----+----+----+----+----+----+----+----+----+----+----+----+----+----+----+----+----+----+----+----+----+----+----+----+----+----+----+----+----+----+----+----+----+----+----+
 |[ 8]|  54|  52|  59|  52|  63|  61|  58|  59| ## |  56|  60|  60|  61|  55|  59|  58|  57|  55|  58|  56|  60|  60|  59|  58|  55|  60|  61|  58|  59|  51|  57|  60|  59|  54|  59|  61|  62|  57|  58|  55|  65|    |  55|  56|  57|  63|  52|  64|  57|  56|  53|  55|  61|  59|  63|  63|  56|  56|  60|  53|  64|  57|  59|  54|[ 8]|
 +----+----+----+----+----+----+----+----+----+----+----+----+----+----+----+----+----+----+----+----+----+----+----+----+----+----+----+----+----+----+----+----+----+----+----+----+----+----+----+----+----+----+----+----+----+----+----+----+----+----+----+----+----+----+----+----+----+----+----+----+----+----+----+----+----+----+
 |[ 9]|  56|  57|  59|  50|  65|  63|  59|  61|  59| ## |  63|  62|  64|  56|  58|  57|  56|  57|  61|  56|  57|  58|  60|  61|  59|  61|  63|  62|  58|  54|  60|  62|  62|  59|  56|  59|  59|  59|  56|  60|  68|  50|  59|  55|  57|  61|  53|  64|  59|  58|  55|  57|  62|  56|  64|  62|  59|  59|  59|  58|  67|  59|  60|  57|[ 9]|
 +----+----+----+----+----+----+----+----+----+----+----+----+----+----+----+----+----+----+----+----+----+----+----+----+----+----+----+----+----+----+----+----+----+----+----+----+----+----+----+----+----+----+----+----+----+----+----+----+----+----+----+----+----+----+----+----+----+----+----+----+----+----+----+----+----+----+
 |[10]|  56|  54|  60|  53|  62|  62|  57|  59|  58|  58| ## |  59|  62|  58|  61|  56|  58|  59|  61|  57|  57|  57|  59|  59|  58|  66|  65|  60|  57|  54|  61|  65|  61|  57|  57|  60|  60|  58|  59|  56|  64|  50|  58|  56|  55|  61|    |  63|  59|  60|  54|  52|  60|  60|  64|  64|  57|  58|  62|  57|  68|  61|  61|  59|[10]|
 +----+----+----+----+----+----+----+----+----+----+----+----+----+----+----+----+----+----+----+----+----+----+----+----+----+----+----+----+----+----+----+----+----+----+----+----+----+----+----+----+----+----+----+----+----+----+----+----+----+----+----+----+----+----+----+----+----+----+----+----+----+----+----+----+----+----+
 |[11]|  54|  54|  60|  50|  64|  60|  57|  60|  58|  57|  59| ## |  60|  54|  59|  60|  53|  57|  58|  56|  58|  57|  60|  59|  58|  61|  62|  60|  58|  53|  60|  62|  63|  54|  55|  58|  60|  55|  55|  57|  66|  51|  57|  53|  56|  62|  51|  63|  55|  59|  55|  56|  59|  55|  63|  61|  56|  57|  56|  57|  67|  59|  56|  61|[11]|
 +----+----+----+----+----+----+----+----+----+----+----+----+----+----+----+----+----+----+----+----+----+----+----+----+----+----+----+----+----+----+----+----+----+----+----+----+----+----+----+----+----+----+----+----+----+----+----+----+----+----+----+----+----+----+----+----+----+----+----+----+----+----+----+----+----+----+
 |[12]|  53|  54|  58|  53|  63|  62|  59|  56|  58|  58|  61|  59| ## |  54|  59|  57|  52|  58|  57|  54|  58|  57|  59|  58|  57|  65|  63|  60|  58|    |  59|  62|  60|  56|  60|  63|  60|  57|  57|  57|  66|  50|  54|  54|  55|  60|  50|  64|  58|  58|  54|  55|  59|  55|  63|  62|  59|  55|  59|  57|  66|  58|  59|  59|[12]|
 +----+----+----+----+----+----+----+----+----+----+----+----+----+----+----+----+----+----+----+----+----+----+----+----+----+----+----+----+----+----+----+----+----+----+----+----+----+----+----+----+----+----+----+----+----+----+----+----+----+----+----+----+----+----+----+----+----+----+----+----+----+----+----+----+----+----+
 |[13]|  53|  51|  55|  51|  57|  59|  60|  58|  57|  55|  62|  57|  58| ## |  57|  56|  55|  57|  61|  58|  59|  57|  61|  60|  55|  59|  59|  58|  56|  55|  55|  61|  59|  55|  58|  60|  60|  58|  55|  54|  65|  51|  55|  56|  53|  60|  53|  63|  57|  56|  55|  55|  60|  54|  65|  62|  58|  58|  58|  55|  67|  57|  56|  56|[13]|
 +----+----+----+----+----+----+----+----+----+----+----+----+----+----+----+----+----+----+----+----+----+----+----+----+----+----+----+----+----+----+----+----+----+----+----+----+----+----+----+----+----+----+----+----+----+----+----+----+----+----+----+----+----+----+----+----+----+----+----+----+----+----+----+----+----+----+
 |[14]|  53|  50|  57|    |  63|  60|  60|  58|  58|  55|  62|  60|  61|  55| ## |  62|  57|  61|  61|  57|  57|  60|  60|  60|  56|  66|  64|  62|  59|  53|  58|  63|  63|  55|  60|  62|  61|  61|  58|  58|  66|  51|  57|  55|  55|  63|  51|  63|  58|  58|  54|  56|  59|  60|  66|  60|  57|  55|  59|  55|  67|  60|  61|  61|[14]|
 +----+----+----+----+----+----+----+----+----+----+----+----+----+----+----+----+----+----+----+----+----+----+----+----+----+----+----+----+----+----+----+----+----+----+----+----+----+----+----+----+----+----+----+----+----+----+----+----+----+----+----+----+----+----+----+----+----+----+----+----+----+----+----+----+----+----+
 |[15]|  50|  54|  57|  50|  60|  59|  61|  58|  57|  53|  56|  60|  58|  53|  61| ## |  52|  59|  60|  56|  57|  60|  60|  59|  55|  60|  62|  60|  57|  50|  56|  58|  61|  56|  58|  59|  57|  56|  56|  59|  66|    |  55|  55|  53|  60|  50|  64|  60|  55|  54|  54|  57|  60|  64|  59|  54|  53|  59|  54|  66|  58|  57|  57|[15]|
 +----+----+----+----+----+----+----+----+----+----+----+----+----+----+----+----+----+----+----+----+----+----+----+----+----+----+----+----+----+----+----+----+----+----+----+----+----+----+----+----+----+----+----+----+----+----+----+----+----+----+----+----+----+----+----+----+----+----+----+----+----+----+----+----+----+----+
 |[16]|  55|  56|  55|  52|  59|  60|  60|  58|  59|  55|  62|  56|  56|  55|  59|  56| ## |  57|  58|  57|  57|  56|  62|  56|  55|  62|  57|  60|  53|  53|  58|  59|  56|  57|  56|  62|  60|  56|  53|  57|  66|  50|  55|  56|  52|  58|  52|  65|  58|  55|  55|  56|  62|  57|  63|  58|  58|  59|  60|  56|  65|  58|  57|  56|[16]|
 +----+----+----+----+----+----+----+----+----+----+----+----+----+----+----+----+----+----+----+----+----+----+----+----+----+----+----+----+----+----+----+----+----+----+----+----+----+----+----+----+----+----+----+----+----+----+----+----+----+----+----+----+----+----+----+----+----+----+----+----+----+----+----+----+----+----+
 |[17]|  55|  53|  57|  55|  61|  62|  60|  58|  54|  53|  60|  58|  59|  54|  60|  59|  55| ## |  59|  53|  58|  60|  60|  57|  58|  63|  63|  61|  57|  52|  58|  61|  58|  57|  57|  61|  60|  58|  54|  59|  67|    |  54|  55|  53|  59|  52|  63|  59|  55|  56|  52|  60|  58|  63|  62|  59|  56|  61|  56|  67|  58|  58|  54|[17]|
 +----+----+----+----+----+----+----+----+----+----+----+----+----+----+----+----+----+----+----+----+----+----+----+----+----+----+----+----+----+----+----+----+----+----+----+----+----+----+----+----+----+----+----+----+----+----+----+----+----+----+----+----+----+----+----+----+----+----+----+----+----+----+----+----+----+----+
 |[18]|  55|  52|  57|  54|  62|  62|  59|  59|  57|  57|  62|  59|  59|  58|  61|  61|  56|  60| ## |  56|  60|  60|  59|  61|  56|  61|  62|  61|  58|  53|  60|  62|  63|  59|  59|  62|  62|  57|  57|  58|  66|  51|  58|  55|  56|  61|  52|  62|  60|  58|  56|  56|  63|  60|  62|  61|  58|  55|  60|  58|  71|  62|  60|  57|[18]|
 +----+----+----+----+----+----+----+----+----+----+----+----+----+----+----+----+----+----+----+----+----+----+----+----+----+----+----+----+----+----+----+----+----+----+----+----+----+----+----+----+----+----+----+----+----+----+----+----+----+----+----+----+----+----+----+----+----+----+----+----+----+----+----+----+----+----+
 |[19]|    |  51|  55|    |  59|  57|  57|  57|  56|  53|  58|  57|  56|  57|  58|  57|  56|  54|  57| ## |  57|  57|  55|  56|  56|  59|  60|  57|  55|  51|  59|  59|  62|  54|  56|  60|  60|  55|  59|  56|  61|    |  54|  57|  51|  58|    |  63|  54|  55|  55|  55|  58|  55|  65|  55|  56|  56|  57|  52|  66|  57|  56|  56|[19]|
 +----+----+----+----+----+----+----+----+----+----+----+----+----+----+----+----+----+----+----+----+----+----+----+----+----+----+----+----+----+----+----+----+----+----+----+----+----+----+----+----+----+----+----+----+----+----+----+----+----+----+----+----+----+----+----+----+----+----+----+----+----+----+----+----+----+----+
 |[20]|  54|  54|  54|  52|  60|  60|  58|  55|  60|  53|  57|  58|  59|  56|  56|  58|  54|  58|  60|  56| ## |  58|  56|  59|  54|  61|  59|  56|  59|  51|  57|  60|  61|  53|  57|  58|  62|  54|  56|  57|  62|  50|  52|  54|    |  59|    |  64|  60|  55|  51|  55|  59|  57|  63|  60|  57|  60|  59|  57|  66|  56|  58|  55|[20]|
 +----+----+----+----+----+----+----+----+----+----+----+----+----+----+----+----+----+----+----+----+----+----+----+----+----+----+----+----+----+----+----+----+----+----+----+----+----+----+----+----+----+----+----+----+----+----+----+----+----+----+----+----+----+----+----+----+----+----+----+----+----+----+----+----+----+----+
 |[21]|  54|  53|  59|  51|  61|  62|  57|  59|  59|  54|  58|  58|  59|  54|  60|  61|  54|  60|  60|  57|  59| ## |  62|  57|  60|  66|  61|  59|  58|    |  59|  61|  65|  55|  60|  60|  59|  60|  57|  60|  71|    |  57|  57|  56|  60|  53|  65|  62|  57|  58|  56|  60|  58|  64|  62|  60|  58|  58|  55|  69|  57|  60|  57|[21]|
 +----+----+----+----+----+----+----+----+----+----+----+----+----+----+----+----+----+----+----+----+----+----+----+----+----+----+----+----+----+----+----+----+----+----+----+----+----+----+----+----+----+----+----+----+----+----+----+----+----+----+----+----+----+----+----+----+----+----+----+----+----+----+----+----+----+----+
 |[22]|  54|  57|  57|  52|  59|  59|  58|  59|  57|  55|  58|  59|  59|  56|  58|  59|  57|  59|  58|  53|  55|  60| ## |  58|  56|  60|  60|  62|  57|  52|  59|  61|  61|  55|  59|  61|  59|  60|  56|  60|  68|  54|  56|  55|  55|  60|  51|  64|  59|  55|  56|  53|  62|  58|  63|  59|  59|  56|  63|  58|  69|  61|  58|  57|[22]|
 +----+----+----+----+----+----+----+----+----+----+----+----+----+----+----+----+----+----+----+----+----+----+----+----+----+----+----+----+----+----+----+----+----+----+----+----+----+----+----+----+----+----+----+----+----+----+----+----+----+----+----+----+----+----+----+----+----+----+----+----+----+----+----+----+----+----+
 |[23]|  53|  53|  59|  53|  61|  60|  63|  60|  58|  58|  60|  60|  61|  58|  61|  61|  55|  58|  61|  55|  60|  58|  61| ## |  58|  63|  64|  58|  59|  51|  57|  61|  62|  60|  59|  63|  63|  59|  56|  60|  68|  56|  59|  58|  55|  61|  51|  62|  61|  59|  50|  56|  60|  61|  64|  64|  58|  56|  58|  60|  68|  63|  57|  57|[23]|
 +----+----+----+----+----+----+----+----+----+----+----+----+----+----+----+----+----+----+----+----+----+----+----+----+----+----+----+----+----+----+----+----+----+----+----+----+----+----+----+----+----+----+----+----+----+----+----+----+----+----+----+----+----+----+----+----+----+----+----+----+----+----+----+----+----+----+
 |[24]|    |  51|  56|  50|  59|  62|  57|  58|  56|  57|  60|  61|  61|  54|  57|  57|  54|  59|  58|  57|  56|  62|  59|  59| ## |  63|  60|  59|  57|  52|  56|  61|  62|  55|  57|  61|  58|  58|  59|  57|  68|  50|  56|  55|  56|  57|  52|  62|  56|  57|  56|  55|  59|  58|  65|  60|  58|  57|  60|  54|  67|  59|  57|  55|[24]|
 +----+----+----+----+----+----+----+----+----+----+----+----+----+----+----+----+----+----+----+----+----+----+----+----+----+----+----+----+----+----+----+----+----+----+----+----+----+----+----+----+----+----+----+----+----+----+----+----+----+----+----+----+----+----+----+----+----+----+----+----+----+----+----+----+----+----+
 |[25]|  55|  56|  60|  52|  64|  63|  61|  59|  57|  56|  65|  59|  65|  55|  63|  59|  57|  62|  59|  57|  59|  63|  60|  60|  59| ## |  61|  64|  59|  52|  61|  64|  62|  57|  60|  63|  60|  60|  58|  59|  68|  53|  59|  55|  56|  63|  53|  66|  58|  58|  55|  59|  61|  58|  65|  65|  61|  57|  60|  56|  70|  62|  60|  60|[25]|
 +----+----+----+----+----+----+----+----+----+----+----+----+----+----+----+----+----+----+----+----+----+----+----+----+----+----+----+----+----+----+----+----+----+----+----+----+----+----+----+----+----+----+----+----+----+----+----+----+----+----+----+----+----+----+----+----+----+----+----+----+----+----+----+----+----+----+
 |[26]|  55|  53|  58|  52|  61|  64|  58|  58|  57|  56|  63|  59|  62|  54|  60|  60|  52|  60|  59|  56|  57|  58|  59|  60|  55|  60| ## |  63|  59|  53|  60|  62|  60|  57|  59|  61|  58|  55|  55|  57|  64|  51|  56|  55|  58|  63|    |  64|  58|  57|  54|  55|  59|  59|  64|  63|  57|  57|  62|  58|  68|  59|  58|  59|[26]|
 +----+----+----+----+----+----+----+----+----+----+----+----+----+----+----+----+----+----+----+----+----+----+----+----+----+----+----+----+----+----+----+----+----+----+----+----+----+----+----+----+----+----+----+----+----+----+----+----+----+----+----+----+----+----+----+----+----+----+----+----+----+----+----+----+----+----+
 |[27]|  57|  56|  56|  51|  63|  63|  60|  58|  57|  58|  61|  60|  61|  55|  61|  60|  57|  60|  61|  56|  56|  59|  63|  57|  57|  66|  65| ## |  59|  52|  61|  63|  62|  56|  60|  60|  59|  59|  59|  62|  67|    |  57|  53|  57|  65|  51|  66|  60|  57|  57|  58|  63|  58|  64|  64|  59|  59|  62|  54|  66|  61|  61|  57|[27]|
 +----+----+----+----+----+----+----+----+----+----+----+----+----+----+----+----+----+----+----+----+----+----+----+----+----+----+----+----+----+----+----+----+----+----+----+----+----+----+----+----+----+----+----+----+----+----+----+----+----+----+----+----+----+----+----+----+----+----+----+----+----+----+----+----+----+----+
 |[28]|  52|  50|  58|    |  60|  61|  57|  60|  59|  54|  58|  59|  60|  53|  58|  57|  50|  57|  58|  54|  59|  58|  58|  58|  56|  61|  62|  60| ## |  53|  59|  59|  59|  58|  59|  56|  60|  56|  56|  56|  65|  52|  53|  53|  54|  59|    |  64|  56|  56|  53|  55|  57|  54|  63|  60|  57|  57|  61|  56|  63|  59|  60|  59|[28]|
 +----+----+----+----+----+----+----+----+----+----+----+----+----+----+----+----+----+----+----+----+----+----+----+----+----+----+----+----+----+----+----+----+----+----+----+----+----+----+----+----+----+----+----+----+----+----+----+----+----+----+----+----+----+----+----+----+----+----+----+----+----+----+----+----+----+----+
 |[29]|  50|    |  55|  52|  57|  57|  56|  55|  54|  55|  59|  58|  54|  56|  57|  54|  54|  56|  57|  54|  55|  53|  58|  54|  55|  58|  61|  56|  57| ## |  56|  61|  60|  55|  52|  54|  58|  52|  53|  54|  62|    |  52|  50|  52|  58|  50|  64|  55|  55|  52|  52|  56|  54|  65|  57|  53|  59|  55|  55|  63|  57|  57|  54|[29]|
 +----+----+----+----+----+----+----+----+----+----+----+----+----+----+----+----+----+----+----+----+----+----+----+----+----+----+----+----+----+----+----+----+----+----+----+----+----+----+----+----+----+----+----+----+----+----+----+----+----+----+----+----+----+----+----+----+----+----+----+----+----+----+----+----+----+----+
 |[30]|  55|  56|  60|  55|  64|  66|  60|  57|  58|  57|  63|  61|  62|  54|  59|  58|  57|  59|  60|  59|  58|  60|  62|  57|  55|  64|  64|  62|  60|  53| ## |  63|  62|  57|  58|  60|  61|  62|  59|  59|  65|  53|  57|  54|  57|  64|  51|  65|  60|  58|  56|  60|  62|  59|  66|  63|  60|  61|  62|  56|  69|  61|  58|  61|[30]|
 +----+----+----+----+----+----+----+----+----+----+----+----+----+----+----+----+----+----+----+----+----+----+----+----+----+----+----+----+----+----+----+----+----+----+----+----+----+----+----+----+----+----+----+----+----+----+----+----+----+----+----+----+----+----+----+----+----+----+----+----+----+----+----+----+----+----+
 |[31]|  55|  54|  58|    |  60|  60|  58|  59|  56|  55|  63|  60|  60|  56|  59|  56|  54|  59|  59|  55|  58|  58|  60|  58|  57|  63|  62|  60|  57|  54|  59| ## |  60|  56|  55|  59|  60|  58|  56|  58|  66|  52|  57|  54|  54|  59|  52|  64|  58|  56|  55|  57|  60|  59|  62|  60|  58|  57|  58|  54|  65|  58|  59|  57|[31]|
 +----+----+----+----+----+----+----+----+----+----+----+----+----+----+----+----+----+----+----+----+----+----+----+----+----+----+----+----+----+----+----+----+----+----+----+----+----+----+----+----+----+----+----+----+----+----+----+----+----+----+----+----+----+----+----+----+----+----+----+----+----+----+----+----+----+----+
 |[32]|  55|  55|  55|  51|  64|  62|  57|  58|  56|  56|  60|  61|  59|  55|  60|  59|  52|  56|  61|  59|  60|  63|  61|  60|  58|  62|  61|  60|  56|  54|  58|  61| ## |  58|  61|  63|  64|  59|  58|  60|  67|  51|  56|  57|  54|  65|  54|  67|  59|  59|  54|  54|  60|  59|  66|  63|  59|  61|  59|  57|  71|  65|  60|  62|[32]|
 +----+----+----+----+----+----+----+----+----+----+----+----+----+----+----+----+----+----+----+----+----+----+----+----+----+----+----+----+----+----+----+----+----+----+----+----+----+----+----+----+----+----+----+----+----+----+----+----+----+----+----+----+----+----+----+----+----+----+----+----+----+----+----+----+----+----+
 |[33]|    |  51|  59|  52|  59|  59|  58|  56|  54|  56|  58|  55|  58|  53|  56|  57|  56|  58|  60|  53|  53|  56|  57|  59|  54|  59|  61|  57|  59|  52|  56|  59|  61| ## |  56|  58|  57|  54|  53|  55|  63|  52|  54|  57|  55|  58|    |  60|  58|  54|  53|  54|  58|  55|  63|  60|  56|  55|  54|  54|  66|  58|  57|  55|[33]|
 +----+----+----+----+----+----+----+----+----+----+----+----+----+----+----+----+----+----+----+----+----+----+----+----+----+----+----+----+----+----+----+----+----+----+----+----+----+----+----+----+----+----+----+----+----+----+----+----+----+----+----+----+----+----+----+----+----+----+----+----+----+----+----+----+----+----+
 |[34]|  51|  53|  55|  52|  59|  61|  59|  58|  58|  53|  58|  55|  61|  55|  59|  58|  53|  57|  59|  55|  57|  59|  60|  57|  55|  61|  62|  60|  59|    |  57|  58|  62|  55| ## |  60|  57|  56|  56|  56|  63|    |  56|  53|  54|  60|  51|  65|  57|  55|  51|  55|  60|  57|  64|  62|  58|  55|  59|  54|  68|  58|  55|  56|[34]|
 +----+----+----+----+----+----+----+----+----+----+----+----+----+----+----+----+----+----+----+----+----+----+----+----+----+----+----+----+----+----+----+----+----+----+----+----+----+----+----+----+----+----+----+----+----+----+----+----+----+----+----+----+----+----+----+----+----+----+----+----+----+----+----+----+----+----+
 |[35]|    |  51|  54|  51|  59|  56|  56|  55|  56|  52|  56|  54|  61|  53|  57|  56|  55|  57|  57|  55|  54|  56|  58|  58|  55|  60|  60|  56|  52|    |  55|  58|  61|  54|  56| ## |  57|  56|  53|  54|  62|    |  53|  53|  55|  57|  52|  62|  56|  54|  51|  52|  58|  56|  59|  56|  59|  54|  56|  54|  66|  58|  56|  53|[35]|
 +----+----+----+----+----+----+----+----+----+----+----+----+----+----+----+----+----+----+----+----+----+----+----+----+----+----+----+----+----+----+----+----+----+----+----+----+----+----+----+----+----+----+----+----+----+----+----+----+----+----+----+----+----+----+----+----+----+----+----+----+----+----+----+----+----+----+
 |[36]|  54|  57|  58|  53|  63|  60|  61|  59|  61|  55|  61|  60|  62|  58|  61|  58|  58|  60|  62|  59|  63|  59|  61|  62|  56|  61|  61|  60|  60|  54|  60|  63|  66|  56|  58|  62| ## |  57|  58|  60|  68|  52|  56|  57|  53|  63|  53|  66|  61|  60|  55|  55|  63|  62|  63|  62|  59|  57|  63|  60|  68|  60|  59|  57|[36]|
 +----+----+----+----+----+----+----+----+----+----+----+----+----+----+----+----+----+----+----+----+----+----+----+----+----+----+----+----+----+----+----+----+----+----+----+----+----+----+----+----+----+----+----+----+----+----+----+----+----+----+----+----+----+----+----+----+----+----+----+----+----+----+----+----+----+----+
 |[37]|  52|  54|  56|  53|  59|  60|  58|  57|  58|  57|  60|  57|  60|  56|  62|  57|  54|  59|  58|  55|  56|  61|  63|  59|  57|  64|  60|  60|  57|  50|  62|  62|  62|  55|  58|  61|  58| ## |  55|  59|  70|  52|  56|  53|  53|  60|  52|  62|  61|  56|  52|  55|  60|  59|  62|  59|  58|  59|  60|  56|  69|  60|  58|  56|[37]|
 +----+----+----+----+----+----+----+----+----+----+----+----+----+----+----+----+----+----+----+----+----+----+----+----+----+----+----+----+----+----+----+----+----+----+----+----+----+----+----+----+----+----+----+----+----+----+----+----+----+----+----+----+----+----+----+----+----+----+----+----+----+----+----+----+----+----+
 |[38]|  51|  53|  57|  53|  61|  59|  56|  57|  58|  53|  61|  56|  60|  53|  58|  58|  52|  55|  58|  59|  57|  57|  58|  56|  58|  61|  59|  60|  57|  50|  58|  60|  61|  53|  58|  58|  59|  55| ## |  57|  67|    |  51|  57|  54|  62|  51|  62|  58|  57|  54|  57|  60|  58|  62|  60|  57|  56|  59|  53|  64|  59|  59|  54|[38]|
 +----+----+----+----+----+----+----+----+----+----+----+----+----+----+----+----+----+----+----+----+----+----+----+----+----+----+----+----+----+----+----+----+----+----+----+----+----+----+----+----+----+----+----+----+----+----+----+----+----+----+----+----+----+----+----+----+----+----+----+----+----+----+----+----+----+----+
 |[39]|  52|  53|  54|  50|  61|  60|  56|  57|  54|  56|  56|  57|  58|  51|  57|  59|  54|  58|  58|  54|  57|  59|  61|  58|  55|  60|  60|  62|  56|    |  57|  60|  62|  53|  56|  57|  59|  57|  56| ## |  65|  51|  51|  52|  54|  60|    |  63|  59|  58|  52|  55|  59|  60|  61|  61|  58|  57|  54|  55|  66|  57|  59|  56|[39]|
 +----+----+----+----+----+----+----+----+----+----+----+----+----+----+----+----+----+----+----+----+----+----+----+----+----+----+----+----+----+----+----+----+----+----+----+----+----+----+----+----+----+----+----+----+----+----+----+----+----+----+----+----+----+----+----+----+----+----+----+----+----+----+----+----+----+----+
 |[40]|  53|  55|  59|  51|  62|  60|  60|  60|  58|  57|  59|  60|  61|  55|  59|  60|  56|  60|  59|  53|  56|  63|  63|  60|  60|  63|  61|  61|  58|  52|  57|  62|  62|  56|  57|  60|  61|  61|  59|  59| ## |  52|  56|  54|  56|  64|  51|  66|  60|  58|  56|  55|  60|  60|  64|  60|  58|  58|  60|  57|  67|  60|  60|  57|[40]|
 +----+----+----+----+----+----+----+----+----+----+----+----+----+----+----+----+----+----+----+----+----+----+----+----+----+----+----+----+----+----+----+----+----+----+----+----+----+----+----+----+----+----+----+----+----+----+----+----+----+----+----+----+----+----+----+----+----+----+----+----+----+----+----+----+----+----+
 |[41]|    |  51|  54|    |  56|  57|  54|  56|  53|  51|  56|  56|  57|  53|  55|  52|  52|  53|  56|  53|  55|  53|  60|  60|  53|  60|  59|  54|  57|    |  56|  60|  58|  56|  52|  57|  57|  56|  52|  57|  63| ## |    |  51|  50|  54|    |  59|  54|  56|  50|  53|  55|  55|  59|  55|  53|  54|  51|  53|  62|  57|  51|  56|[41]|
 +----+----+----+----+----+----+----+----+----+----+----+----+----+----+----+----+----+----+----+----+----+----+----+----+----+----+----+----+----+----+----+----+----+----+----+----+----+----+----+----+----+----+----+----+----+----+----+----+----+----+----+----+----+----+----+----+----+----+----+----+----+----+----+----+----+----+
 |[42]|  55|  56|  58|  50|  62|  63|  57|  61|  58|  59|  63|  61|  59|  56|  60|  59|  56|  58|  61|  57|  55|  60|  61|  62|  58|  65|  63|  61|  56|  52|  60|  64|  62|  57|  60|  60|  60|  58|  53|  56|  66|    | ## |  58|  55|  62|  51|  66|  60|  59|  54|  55|  61|  59|  64|  61|  56|  57|  59|  57|  71|  60|  56|  58|[42]|
 +----+----+----+----+----+----+----+----+----+----+----+----+----+----+----+----+----+----+----+----+----+----+----+----+----+----+----+----+----+----+----+----+----+----+----+----+----+----+----+----+----+----+----+----+----+----+----+----+----+----+----+----+----+----+----+----+----+----+----+----+----+----+----+----+----+----+
 |[43]|  52|    |  57|  50|  59|  58|  56|  54|  56|  53|  58|  55|  57|  55|  56|  57|  55|  57|  57|  57|  56|  58|  58|  58|  55|  58|  59|  55|  54|    |  54|  58|  61|  58|  54|  59|  58|  53|  57|  54|  62|    |  55| ## |  53|  58|  50|  59|  55|  57|  51|    |  60|  55|  58|  57|  52|  55|  55|  54|  60|  57|  56|  54|[43]|
 +----+----+----+----+----+----+----+----+----+----+----+----+----+----+----+----+----+----+----+----+----+----+----+----+----+----+----+----+----+----+----+----+----+----+----+----+----+----+----+----+----+----+----+----+----+----+----+----+----+----+----+----+----+----+----+----+----+----+----+----+----+----+----+----+----+----+
 |[44]|  50|  53|  56|    |  59|  61|  53|  55|  58|  55|  58|  58|  58|  52|  57|  55|  51|  55|  58|  52|  52|  58|  58|  56|  56|  59|  63|  60|  56|  50|  58|  58|  58|  56|  56|  61|  55|  54|  55|  57|  65|    |  53|  53| ## |  61|  54|  63|  52|  53|  53|  52|  60|  57|  62|  59|  59|  58|  56|  51|  65|  58|  55|  53|[44]|
 +----+----+----+----+----+----+----+----+----+----+----+----+----+----+----+----+----+----+----+----+----+----+----+----+----+----+----+----+----+----+----+----+----+----+----+----+----+----+----+----+----+----+----+----+----+----+----+----+----+----+----+----+----+----+----+----+----+----+----+----+----+----+----+----+----+----+
 |[45]|  55|  56|  55|    |  67|  62|  57|  56|  60|  55|  59|  60|  59|  55|  61|  58|  54|  57|  59|  55|  58|  58|  60|  58|  54|  63|  64|  63|  57|  52|  60|  60|  65|  56|  58|  59|  61|  57|  59|  59|  69|    |  57|  55|  57| ## |    |  62|  57|  59|  54|  58|  62|  60|  64|  63|  58|  54|  60|  55|  67|  61|  57|  56|[45]|
 +----+----+----+----+----+----+----+----+----+----+----+----+----+----+----+----+----+----+----+----+----+----+----+----+----+----+----+----+----+----+----+----+----+----+----+----+----+----+----+----+----+----+----+----+----+----+----+----+----+----+----+----+----+----+----+----+----+----+----+----+----+----+----+----+----+----+
 |[46]|    |  52|  51|  52|  58|  57|  52|  55|  55|  52|  53|  55|  55|  54|  54|  53|  53|  55|  55|  51|  51|  56|  56|  54|  54|  58|  55|  55|  53|  50|  54|  58|  60|  51|  54|  60|  57|  54|  53|  53|  61|    |  51|  52|  56|  52| ## |  61|  55|  50|  52|  51|  58|  57|  60|  56|  55|  55|  57|  50|  64|  53|  56|  51|[46]|
 +----+----+----+----+----+----+----+----+----+----+----+----+----+----+----+----+----+----+----+----+----+----+----+----+----+----+----+----+----+----+----+----+----+----+----+----+----+----+----+----+----+----+----+----+----+----+----+----+----+----+----+----+----+----+----+----+----+----+----+----+----+----+----+----+----+----+
 |[47]|  51|  55|  57|  50|  62|  60|  59|  57|  58|  55|  58|  58|  61|  55|  58|  60|  57|  58|  57|  57|  59|  59|  60|  57|  55|  62|  62|  61|  58|  54|  59|  61|  63|  55|  60|  61|  60|  56|  56|  58|  68|  50|  57|  52|  56|  59|  53| ## |  60|  57|  52|  55|  60|  57|  66|  61|  56|  59|  60|  56|  67|  58|  61|  58|[47]|
 +----+----+----+----+----+----+----+----+----+----+----+----+----+----+----+----+----+----+----+----+----+----+----+----+----+----+----+----+----+----+----+----+----+----+----+----+----+----+----+----+----+----+----+----+----+----+----+----+----+----+----+----+----+----+----+----+----+----+----+----+----+----+----+----+----+----+
 |[48]|  53|  55|  56|  50|  62|  59|  58|  58|  56|  55|  59|  56|  59|  54|  57|  60|  55|  58|  60|  53|  60|  61|  60|  60|  54|  59|  61|  60|  56|  51|  59|  61|  61|  57|  57|  60|  61|  59|  57|  59|  67|    |  56|  54|  50|  59|  52|  65| ## |  58|  51|  57|  59|  58|  65|  62|  58|  56|  57|  57|  67|  56|  59|  57|[48]|
 +----+----+----+----+----+----+----+----+----+----+----+----+----+----+----+----+----+----+----+----+----+----+----+----+----+----+----+----+----+----+----+----+----+----+----+----+----+----+----+----+----+----+----+----+----+----+----+----+----+----+----+----+----+----+----+----+----+----+----+----+----+----+----+----+----+----+
 |[49]|  52|  54|  54|    |  57|  60|  57|  55|  55|  54|  61|  60|  60|  53|  57|  56|  53|  56|  58|  54|  56|  56|  56|  58|  56|  60|  60|  58|  56|  52|  57|  59|  61|  54|  55|  59|  60|  55|  56|  59|  65|  52|  55|  56|  52|  61|    |  63|  58| ## |  50|  50|  58|  58|  61|  58|  57|  55|  54|  54|  65|  59|  57|  58|[49]|
 +----+----+----+----+----+----+----+----+----+----+----+----+----+----+----+----+----+----+----+----+----+----+----+----+----+----+----+----+----+----+----+----+----+----+----+----+----+----+----+----+----+----+----+----+----+----+----+----+----+----+----+----+----+----+----+----+----+----+----+----+----+----+----+----+----+----+
 |[50]|  52|  53|  58|  53|  57|  61|  56|  59|  56|  55|  58|  59|  60|  56|  57|  58|  56|  60|  60|  58|  55|  61|  62|  53|  58|  61|  61|  61|  57|  52|  59|  61|  59|  56|  55|  59|  58|  55|  57|  56|  67|    |  54|  53|  54|  60|  52|  61|  54|  53| ## |  54|  62|  54|  63|  62|  57|  56|  60|  54|  62|  59|  56|  59|[50]|
 +----+----+----+----+----+----+----+----+----+----+----+----+----+----+----+----+----+----+----+----+----+----+----+----+----+----+----+----+----+----+----+----+----+----+----+----+----+----+----+----+----+----+----+----+----+----+----+----+----+----+----+----+----+----+----+----+----+----+----+----+----+----+----+----+----+----+
 |[51]|  55|  54|  56|  52|  65|  62|  59|  55|  59|  57|  57|  61|  61|  57|  60|  59|  57|  55|  60|  58|  60|  60|  59|  59|  57|  65|  62|  62|  60|  52|  64|  64|  60|  58|  60|  60|  59|  58|  61|  60|  66|  52|  55|  51|  54|  64|  52|  64|  62|  54|  54| ## |  61|  56|  67|  65|  59|  58|  58|  57|  69|  60|  56|  59|[51]|
 +----+----+----+----+----+----+----+----+----+----+----+----+----+----+----+----+----+----+----+----+----+----+----+----+----+----+----+----+----+----+----+----+----+----+----+----+----+----+----+----+----+----+----+----+----+----+----+----+----+----+----+----+----+----+----+----+----+----+----+----+----+----+----+----+----+----+
 |[52]|  55|  57|  57|  51|  63|  62|  56|  56|  59|  56|  59|  58|  59|  56|  58|  57|  57|  59|  61|  56|  58|  58|  62|  58|  56|  61|  61|  61|  55|  51|  59|  62|  60|  56|  59|  61|  62|  58|  58|  59|  65|    |  56|  57|  57|  62|  53|  63|  58|  56|  56|  55| ## |  59|  61|  61|  56|  57|  60|  56|  68|  60|  58|  56|[52]|
 +----+----+----+----+----+----+----+----+----+----+----+----+----+----+----+----+----+----+----+----+----+----+----+----+----+----+----+----+----+----+----+----+----+----+----+----+----+----+----+----+----+----+----+----+----+----+----+----+----+----+----+----+----+----+----+----+----+----+----+----+----+----+----+----+----+----+
 |[53]|  53|  57|  54|  54|  61|  62|  58|  57|  59|  53|  61|  56|  57|  52|  60|  61|  55|  58|  60|  54|  58|  58|  60|  60|  57|  60|  63|  59|  54|  50|  59|  62|  61|  55|  58|  61|  63|  58|  57|  61|  67|  50|  55|  54|  55|  63|  53|  62|  59|  58|  51|  52|  61| ## |  64|  59|  59|  59|  57|  55|  64|  59|  56|  57|[53]|
 +----+----+----+----+----+----+----+----+----+----+----+----+----+----+----+----+----+----+----+----+----+----+----+----+----+----+----+----+----+----+----+----+----+----+----+----+----+----+----+----+----+----+----+----+----+----+----+----+----+----+----+----+----+----+----+----+----+----+----+----+----+----+----+----+----+----+
 |[54]|  55|  54|  59|  51|  63|  61|  59|  58|  58|  56|  61|  60|  61|  58|  62|  61|  57|  59|  58|  60|  59|  60|  61|  59|  59|  63|  63|  61|  59|  56|  61|  61|  64|  58|  60|  60|  60|  57|  57|  58|  67|  51|  57|  53|  56|  63|  53|  67|  62|  57|  55|  58|  59|  59| ## |  63|  59|  61|  60|  57|  68|  61|  59|  57|[54]|
 +----+----+----+----+----+----+----+----+----+----+----+----+----+----+----+----+----+----+----+----+----+----+----+----+----+----+----+----+----+----+----+----+----+----+----+----+----+----+----+----+----+----+----+----+----+----+----+----+----+----+----+----+----+----+----+----+----+----+----+----+----+----+----+----+----+----+
 |[55]|  54|  55|  58|  53|  61|  64|  63|  60|  60|  57|  63|  59|  62|  57|  58|  58|  54|  60|  59|  53|  58|  60|  59|  61|  56|  65|  65|  62|  58|  52|  60|  62|  63|  58|  61|  59|  61|  56|  57|  60|  64|    |  56|  54|  56|  63|  51|  65|  61|  57|  56|  58|  61|  57|  65| ## |  59|  58|  61|  54|  69|  59|  56|  57|[55]|
 +----+----+----+----+----+----+----+----+----+----+----+----+----+----+----+----+----+----+----+----+----+----+----+----+----+----+----+----+----+----+----+----+----+----+----+----+----+----+----+----+----+----+----+----+----+----+----+----+----+----+----+----+----+----+----+----+----+----+----+----+----+----+----+----+----+----+
 |[56]|  50|  54|  53|  51|  61|  61|  58|  56|  56|  55|  58|  56|  61|  55|  57|  55|  56|  59|  58|  56|  58|  60|  61|  57|  56|  63|  60|  60|  57|  50|  59|  61|  62|  56|  58|  63|  59|  57|  57|  59|  64|    |  52|  51|  57|  60|  52|  61|  58|  57|  53|  55|  57|  58|  63|  61| ## |  57|  59|  55|  66|  62|  57|  54|[56]|
 +----+----+----+----+----+----+----+----+----+----+----+----+----+----+----+----+----+----+----+----+----+----+----+----+----+----+----+----+----+----+----+----+----+----+----+----+----+----+----+----+----+----+----+----+----+----+----+----+----+----+----+----+----+----+----+----+----+----+----+----+----+----+----+----+----+----+
 |[57]|  53|  51|  56|  52|  58|  58|  54|  54|  55|  55|  58|  57|  56|  54|  54|  53|  56|  55|  55|  54|  59|  57|  56|  55|  55|  58|  59|  58|  56|  54|  59|  59|  62|  54|  55|  57|  56|  57|  55|  57|  64|    |  53|  53|  56|  55|  51|  63|  56|  55|  52|  53|  58|  58|  64|  60|  57| ## |  57|  54|  64|  59|  58|  55|[57]|
 +----+----+----+----+----+----+----+----+----+----+----+----+----+----+----+----+----+----+----+----+----+----+----+----+----+----+----+----+----+----+----+----+----+----+----+----+----+----+----+----+----+----+----+----+----+----+----+----+----+----+----+----+----+----+----+----+----+----+----+----+----+----+----+----+----+----+
 |[58]|    |  52|  54|  50|  59|  62|  59|  57|  57|  53|  60|  54|  58|  53|  56|  58|  55|  58|  57|  54|  57|  55|  62|  54|  55|  60|  63|  60|  59|    |  58|  58|  59|  52|  57|  58|  60|  56|  56|  53|  64|    |  53|  52|  52|  59|  51|  62|  55|  52|  54|  52|  59|  54|  61|  60|  57|  55| ## |  53|  64|  58|  57|  53|[58]|
 +----+----+----+----+----+----+----+----+----+----+----+----+----+----+----+----+----+----+----+----+----+----+----+----+----+----+----+----+----+----+----+----+----+----+----+----+----+----+----+----+----+----+----+----+----+----+----+----+----+----+----+----+----+----+----+----+----+----+----+----+----+----+----+----+----+----+
 |[59]|  55|  54|  60|  54|  62|  60|  58|  59|  55|  57|  61|  60|  61|  55|  58|  58|  56|  58|  60|  54|  61|  57|  62|  62|  55|  61|  64|  57|  59|  53|  58|  59|  62|  57|  57|  61|  63|  57|  55|  58|  66|  51|  56|  55|  51|  60|    |  64|  60|  57|  53|  56|  61|  57|  64|  59|  58|  57|  58| ## |  68|  61|  58|  57|[59]|
 +----+----+----+----+----+----+----+----+----+----+----+----+----+----+----+----+----+----+----+----+----+----+----+----+----+----+----+----+----+----+----+----+----+----+----+----+----+----+----+----+----+----+----+----+----+----+----+----+----+----+----+----+----+----+----+----+----+----+----+----+----+----+----+----+----+----+
 |[60]|  54|  54|  57|  52|  61|  61|  59|  59|  56|  55|  61|  60|  60|  56|  59|  59|  55|  59|  63|  58|  58|  61|  63|  59|  57|  63|  64|  59|  56|  52|  60|  61|  65|  58|  60|  62|  60|  60|  55|  59|  66|  51|  59|  52|  56|  61|  53|  64|  60|  58|  52|  56|  62|  57|  64|  63|  58|  57|  59|  57| ## |  61|  57|  56|[60]|
 +----+----+----+----+----+----+----+----+----+----+----+----+----+----+----+----+----+----+----+----+----+----+----+----+----+----+----+----+----+----+----+----+----+----+----+----+----+----+----+----+----+----+----+----+----+----+----+----+----+----+----+----+----+----+----+----+----+----+----+----+----+----+----+----+----+----+
 |[61]|  55|  54|  57|    |  63|  61|  58|  58|  57|  56|  62|  60|  60|  54|  60|  58|  55|  58|  62|  56|  56|  57|  63|  62|  57|  64|  62|  62|  59|  53|  60|  61|  67|  58|  58|  62|  61|  59|  58|  58|  67|  52|  57|  55|  56|  63|  50|  63|  57|  59|  55|  56|  61|  59|  65|  61|  62|  60|  60|  58|  69| ## |  57|  61|[61]|
 +----+----+----+----+----+----+----+----+----+----+----+----+----+----+----+----+----+----+----+----+----+----+----+----+----+----+----+----+----+----+----+----+----+----+----+----+----+----+----+----+----+----+----+----+----+----+----+----+----+----+----+----+----+----+----+----+----+----+----+----+----+----+----+----+----+----+
 |[62]|  53|  56|  59|  52|  64|  59|  58|  60|  60|  58|  64|  59|  63|  55|  62|  59|  56|  59|  61|  56|  60|  61|  61|  58|  57|  63|  63|  63|  61|  54|  58|  63|  64|  58|  57|  61|  61|  58|  60|  61|  68|    |  54|  56|  55|  60|  54|  69|  61|  58|  53|  53|  61|  57|  65|  59|  59|  60|  61|  57|  66|  59| ## |  59|[62]|
 +----+----+----+----+----+----+----+----+----+----+----+----+----+----+----+----+----+----+----+----+----+----+----+----+----+----+----+----+----+----+----+----+----+----+----+----+----+----+----+----+----+----+----+----+----+----+----+----+----+----+----+----+----+----+----+----+----+----+----+----+----+----+----+----+----+----+
 |[63]|  54|  56|  58|  52|  63|  62|  57|  59|  55|  55|  61|  64|  62|  55|  62|  59|  56|  56|  59|  56|  57|  59|  60|  58|  55|  64|  64|  59|  61|  52|  61|  62|  66|  56|  58|  59|  59|  57|  55|  58|  66|  53|  56|  54|  53|  60|  50|  65|  59|  60|  57|  56|  59|  58|  62|  60|  56|  57|  57|  56|  65|  62|  60| ## |[63]|
 +----+----+----+----+----+----+----+----+----+----+----+----+----+----+----+----+----+----+----+----+----+----+----+----+----+----+----+----+----+----+----+----+----+----+----+----+----+----+----+----+----+----+----+----+----+----+----+----+----+----+----+----+----+----+----+----+----+----+----+----+----+----+----+----+----+----+
 | ## |[ 0]|[ 1]|[ 2]|[ 3]|[ 4]|[ 5]|[ 6]|[ 7]|[ 8]|[ 9]|[10]|[11]|[12]|[13]|[14]|[15]|[16]|[17]|[18]|[19]|[20]|[21]|[22]|[23]|[24]|[25]|[26]|[27]|[28]|[29]|[30]|[31]|[32]|[33]|[34]|[35]|[36]|[37]|[38]|[39]|[40]|[41]|[42]|[43]|[44]|[45]|[46]|[47]|[48]|[49]|[50]|[51]|[52]|[53]|[54]|[55]|[56]|[57]|[58]|[59]|[60]|[61]|[62]|[63]| ## |
 +----+----+----+----+----+----+----+----+----+----+----+----+----+----+----+----+----+----+----+----+----+----+----+----+----+----+----+----+----+----+----+----+----+----+----+----+----+----+----+----+----+----+----+----+----+----+----+----+----+----+----+----+----+----+----+----+----+----+----+----+----+----+----+----+----+----+
 | ## |[55]|[61]|[63]|[53]|[63]|[63]|[63]|[63]|[63]|[63]|[63]|[63]|[63]|[63]|[63]|[63]|[63]|[63]|[63]|[63]|[63]|[63]|[63]|[63]|[63]|[63]|[63]|[63]|[63]|[55]|[63]|[63]|[63]|[63]|[63]|[63]|[63]|[63]|[63]|[63]|[63]|[37]|[62]|[63]|[62]|[63]|[50]|[63]|[63]|[63]|[63]|[62]|[63]|[63]|[63]|[63]|[63]|[63]|[63]|[63]|[63]|[63]|[63]|[63]| ## |
 +----+----+----+----+----+----+----+----+----+----+----+----+----+----+----+----+----+----+----+----+----+----+----+----+----+----+----+----+----+----+----+----+----+----+----+----+----+----+----+----+----+----+----+----+----+----+----+----+----+----+----+----+----+----+----+----+----+----+----+----+----+----+----+----+----+----+






