

 Use image  :  mandrill.bmp




  Relationship between basis and replaceable basis


  Number of basis used : 0, 1 


  [basis number] : Number of substitutable basis for basis number 


 *Total on the right : Number of replacements (Be done)

  Total below : Number of replacements (To do)


  Of the amount of improvement  : 0 ~ 25.000000

----------------------------------------------------------------------------------

 +----+----+----+----+----+----+----+----+----+----+----+----+----+----+----+----+----+----+----+----+----+----+----+----+----+----+----+----+----+----+----+----+----+----+----+----+----+----+----+----+----+----+----+----+----+----+----+----+----+----+----+----+----+----+----+----+----+----+----+----+----+----+----+----+----+----+
 | ## |[ 0]|[ 1]|[ 2]|[ 3]|[ 4]|[ 5]|[ 6]|[ 7]|[ 8]|[ 9]|[10]|[11]|[12]|[13]|[14]|[15]|[16]|[17]|[18]|[19]|[20]|[21]|[22]|[23]|[24]|[25]|[26]|[27]|[28]|[29]|[30]|[31]|[32]|[33]|[34]|[35]|[36]|[37]|[38]|[39]|[40]|[41]|[42]|[43]|[44]|[45]|[46]|[47]|[48]|[49]|[50]|[51]|[52]|[53]|[54]|[55]|[56]|[57]|[58]|[59]|[60]|[61]|[62]|[63]| ## |                                                                                    
 +----+----+----+----+----+----+----+----+----+----+----+----+----+----+----+----+----+----+----+----+----+----+----+----+----+----+----+----+----+----+----+----+----+----+----+----+----+----+----+----+----+----+----+----+----+----+----+----+----+----+----+----+----+----+----+----+----+----+----+----+----+----+----+----+----+----+
 |[ 0]| ## |    |  60|    |  54|  57|  54|  53|  53|  50|  61|  59|  54|  53|  56|  57|  52|  56|  54|    |  57|  55|  60|  55|  54|  57|  65|  65|  57|    |  54|  56|  63|    |  57|  53|  50|  60|    |  57|  60|    |    |    |  54|  60|    |  55|  54|  51|  52|  54|  60|  52|  65|  57|  53|  52|  55|  55|  65|  60|  60|  56|[ 0]|
 +----+----+----+----+----+----+----+----+----+----+----+----+----+----+----+----+----+----+----+----+----+----+----+----+----+----+----+----+----+----+----+----+----+----+----+----+----+----+----+----+----+----+----+----+----+----+----+----+----+----+----+----+----+----+----+----+----+----+----+----+----+----+----+----+----+----+
 |[ 1]|  52| ## |  51|    |  65|  59|  57|  53|    |  53|  58|  57|  57|  50|  57|  60|  57|  57|  52|    |  57|    |  57|  55|  54|  57|  65|  64|  53|    |  54|  59|  64|  51|  55|  55|  58|  58|    |  56|  61|  55|    |    |  50|  62|  51|  63|  51|  53|  53|    |  59|  57|  61|  60|  57|  51|  55|  52|  58|  59|  65|  61|[ 1]|
 +----+----+----+----+----+----+----+----+----+----+----+----+----+----+----+----+----+----+----+----+----+----+----+----+----+----+----+----+----+----+----+----+----+----+----+----+----+----+----+----+----+----+----+----+----+----+----+----+----+----+----+----+----+----+----+----+----+----+----+----+----+----+----+----+----+----+
 |[ 2]|  59|    | ## |    |  60|  61|  62|  53|  56|  57|  61|  61|  59|  54|  59|  56|    |  58|  52|    |  55|  62|  59|  59|  53|  59|  67|  62|  56|    |  56|  58|  59|  51|  59|  54|  55|  59|  54|  57|  64|    |    |  54|  53|  59|    |  59|  51|  54|  54|    |  57|  54|  67|  59|  54|  59|  54|  54|  65|  62|  62|  56|[ 2]|
 +----+----+----+----+----+----+----+----+----+----+----+----+----+----+----+----+----+----+----+----+----+----+----+----+----+----+----+----+----+----+----+----+----+----+----+----+----+----+----+----+----+----+----+----+----+----+----+----+----+----+----+----+----+----+----+----+----+----+----+----+----+----+----+----+----+----+
 |[ 3]|    |    |    | ## |    |  50|    |    |  52|    |  53|  51|    |    |    |    |    |  53|  50|    |    |    |    |    |  51|    |  55|  51|    |    |    |    |  53|    |  51|    |    |  54|  50|  53|  52|    |    |    |    |    |    |    |    |    |  50|    |  51|  51|  53|  53|  51|    |    |    |  60|    |    |    |[ 3]|
 +----+----+----+----+----+----+----+----+----+----+----+----+----+----+----+----+----+----+----+----+----+----+----+----+----+----+----+----+----+----+----+----+----+----+----+----+----+----+----+----+----+----+----+----+----+----+----+----+----+----+----+----+----+----+----+----+----+----+----+----+----+----+----+----+----+----+
 |[ 4]|  53|  60|  60|  51| ## |  60|  57|    |  53|  57|  57|  61|  58|  52|  57|  56|  52|  56|  58|    |  58|  57|  56|  56|  54|  61|  67|  65|  52|    |  59|  57|  66|  52|  59|  60|  57|  55|  55|  60|  66|  51|    |    |  52|  68|  52|  64|  52|  52|  55|  55|  65|  56|  62|  57|  55|  56|  57|  50|  68|  60|  64|  58|[ 4]|
 +----+----+----+----+----+----+----+----+----+----+----+----+----+----+----+----+----+----+----+----+----+----+----+----+----+----+----+----+----+----+----+----+----+----+----+----+----+----+----+----+----+----+----+----+----+----+----+----+----+----+----+----+----+----+----+----+----+----+----+----+----+----+----+----+----+----+
 |[ 5]|    |    |  53|    |  53| ## |  51|  50|  51|    |  54|  55|  56|  51|  51|  52|    |  54|  54|    |  51|  54|    |  55|  53|  55|  63|  56|  55|    |  54|  53|  56|    |  56|  53|  51|  54|  50|  58|  60|  53|    |    |  54|  58|    |  56|    |  52|  55|    |  53|  57|  55|  57|  53|  50|  53|    |  59|  56|  51|  56|[ 5]|
 +----+----+----+----+----+----+----+----+----+----+----+----+----+----+----+----+----+----+----+----+----+----+----+----+----+----+----+----+----+----+----+----+----+----+----+----+----+----+----+----+----+----+----+----+----+----+----+----+----+----+----+----+----+----+----+----+----+----+----+----+----+----+----+----+----+----+
 |[ 6]|  53|  52|  61|    |  57|  58| ## |  52|  54|    |  60|  61|  56|  52|  65|  62|  56|  56|  56|    |  53|  53|  57|  61|  51|  61|  67|  63|  54|    |  57|  57|  57|  53|  58|  56|  61|  56|  53|  56|  64|  51|    |    |  50|  59|    |  60|  51|  57|  51|    |  55|  58|  61|  61|  57|  52|  57|  51|  66|  58|  59|  55|[ 6]|
 +----+----+----+----+----+----+----+----+----+----+----+----+----+----+----+----+----+----+----+----+----+----+----+----+----+----+----+----+----+----+----+----+----+----+----+----+----+----+----+----+----+----+----+----+----+----+----+----+----+----+----+----+----+----+----+----+----+----+----+----+----+----+----+----+----+----+
 |[ 7]|  50|    |  51|    |    |  55|  51| ## |  53|    |  55|  58|    |  51|  56|  51|    |  52|  53|    |  51|  52|  53|  55|  50|  58|  60|  59|  53|    |    |  56|  58|    |  57|  51|  57|  56|    |  53|  55|  56|    |    |  55|  56|    |  53|    |  55|  51|    |  53|  51|  54|  54|  50|  53|  55|  53|  57|  58|  56|  53|[ 7]|
 +----+----+----+----+----+----+----+----+----+----+----+----+----+----+----+----+----+----+----+----+----+----+----+----+----+----+----+----+----+----+----+----+----+----+----+----+----+----+----+----+----+----+----+----+----+----+----+----+----+----+----+----+----+----+----+----+----+----+----+----+----+----+----+----+----+----+
 |[ 8]|    |    |  50|    |    |  53|  50|  50| ## |    |  52|  57|    |    |  50|  50|    |  50|  50|    |  53|  50|  52|  50|  51|    |  58|  50|    |    |    |  50|  56|    |  52|  51|  54|  54|    |  54|  56|  51|    |    |  53|  57|    |  51|    |    |    |    |  54|  54|  52|  54|  53|  50|  54|  50|  55|  52|  52|  50|[ 8]|
 +----+----+----+----+----+----+----+----+----+----+----+----+----+----+----+----+----+----+----+----+----+----+----+----+----+----+----+----+----+----+----+----+----+----+----+----+----+----+----+----+----+----+----+----+----+----+----+----+----+----+----+----+----+----+----+----+----+----+----+----+----+----+----+----+----+----+
 |[ 9]|  54|  54|  63|    |  63|  62|  54|  54|  60| ## |  63|  60|  60|  56|  61|  56|  52|  56|  60|    |  54|  54|  61|  59|  59|  62|  66|  67|  55|  51|  57|  64|  62|  56|  59|  54|  53|  63|  56|  65|  66|  54|  52|  52|  58|  64|  52|  60|  52|  57|  58|  55|  64|  54|  61|  64|  56|  56|  59|  56|  64|  63|  60|  59|[ 9]|
 +----+----+----+----+----+----+----+----+----+----+----+----+----+----+----+----+----+----+----+----+----+----+----+----+----+----+----+----+----+----+----+----+----+----+----+----+----+----+----+----+----+----+----+----+----+----+----+----+----+----+----+----+----+----+----+----+----+----+----+----+----+----+----+----+----+----+
 |[10]|  54|    |  55|  50|  52|  56|  55|  51|  52|  51| ## |  52|  55|  57|  63|  55|  53|  53|  53|    |  53|  51|  56|  53|  57|  57|  71|  60|    |    |    |  59|  61|  51|  56|  55|  55|  57|  55|  55|  59|  55|    |  53|  53|  59|    |  53|  51|  56|  52|    |  62|  56|  58|  58|  50|    |  56|    |  64|  58|  57|  59|[10]|
 +----+----+----+----+----+----+----+----+----+----+----+----+----+----+----+----+----+----+----+----+----+----+----+----+----+----+----+----+----+----+----+----+----+----+----+----+----+----+----+----+----+----+----+----+----+----+----+----+----+----+----+----+----+----+----+----+----+----+----+----+----+----+----+----+----+----+
 |[11]|  52|    |  54|    |  55|  57|  56|  54|  56|    |  52| ## |  54|  50|  58|  56|    |  52|  54|    |  58|  50|  54|  52|  53|  54|  62|  57|  53|    |  54|  54|  60|    |  54|  51|  56|  54|  50|  55|  63|  52|    |    |  53|  60|    |  58|    |  53|  52|  50|  57|  54|  58|  56|  50|  54|  52|  55|  64|  55|  54|  58|[11]|
 +----+----+----+----+----+----+----+----+----+----+----+----+----+----+----+----+----+----+----+----+----+----+----+----+----+----+----+----+----+----+----+----+----+----+----+----+----+----+----+----+----+----+----+----+----+----+----+----+----+----+----+----+----+----+----+----+----+----+----+----+----+----+----+----+----+----+
 |[12]|  51|  50|  56|    |  56|  62|  55|    |    |  53|  58|  58| ## |    |  55|  54|  50|  54|    |    |  52|  54|  55|  53|  58|  58|  66|  61|  55|    |  53|  57|  59|    |  57|  57|    |  55|  55|  59|  60|  50|    |    |  53|  58|    |  60|    |  53|  51|  51|  59|  51|  60|  58|  55|  51|  53|  54|  63|  58|  55|  55|[12]|
 +----+----+----+----+----+----+----+----+----+----+----+----+----+----+----+----+----+----+----+----+----+----+----+----+----+----+----+----+----+----+----+----+----+----+----+----+----+----+----+----+----+----+----+----+----+----+----+----+----+----+----+----+----+----+----+----+----+----+----+----+----+----+----+----+----+----+
 |[13]|    |    |    |    |    |  54|    |    |  50|    |  58|  52|    | ## |  56|  50|    |  50|  54|    |    |  52|  50|  54|    |    |  62|  56|  50|    |    |  55|  54|    |  52|  53|  51|  51|    |  53|  56|  52|    |    |  54|  57|    |    |    |    |  54|    |  52|  53|  54|  54|  51|  51|    |  50|  58|  56|  52|  54|[13]|
 +----+----+----+----+----+----+----+----+----+----+----+----+----+----+----+----+----+----+----+----+----+----+----+----+----+----+----+----+----+----+----+----+----+----+----+----+----+----+----+----+----+----+----+----+----+----+----+----+----+----+----+----+----+----+----+----+----+----+----+----+----+----+----+----+----+----+
 |[14]|    |    |  51|    |  50|  51|  57|  51|    |    |  61|  56|  50|  52| ## |  58|    |  55|  55|    |  52|  55|  53|  56|    |  58|  63|  60|  54|    |    |  56|  60|    |  53|  51|  55|  59|  51|  55|  60|    |    |    |  54|  58|    |  55|    |  58|    |    |  58|  55|  55|  52|    |  50|  53|  52|  60|  58|  59|  57|[14]|
 +----+----+----+----+----+----+----+----+----+----+----+----+----+----+----+----+----+----+----+----+----+----+----+----+----+----+----+----+----+----+----+----+----+----+----+----+----+----+----+----+----+----+----+----+----+----+----+----+----+----+----+----+----+----+----+----+----+----+----+----+----+----+----+----+----+----+
 |[15]|    |    |    |    |    |  52|  54|    |    |    |  52|  54|    |    |  58| ## |    |    |  50|    |  50|    |  54|    |    |    |  61|  59|  50|    |    |  50|  58|    |  55|  54|    |  51|    |  54|  57|    |    |    |  50|  52|    |  57|  52|    |  50|    |  52|  56|  55|  50|  51|    |  54|    |  56|  54|    |  51|[15]|
 +----+----+----+----+----+----+----+----+----+----+----+----+----+----+----+----+----+----+----+----+----+----+----+----+----+----+----+----+----+----+----+----+----+----+----+----+----+----+----+----+----+----+----+----+----+----+----+----+----+----+----+----+----+----+----+----+----+----+----+----+----+----+----+----+----+----+
 |[16]|  50|  51|    |    |  51|  52|  55|    |    |    |  57|  50|  51|  51|  53|  51| ## |  51|    |    |    |    |  56|    |  50|  52|  59|  57|    |    |    |  53|    |    |    |    |  51|  52|    |  58|  56|    |    |    |    |  53|    |  53|    |    |    |    |  56|  50|  54|    |  51|  51|  52|    |  59|  57|  54|  56|[16]|
 +----+----+----+----+----+----+----+----+----+----+----+----+----+----+----+----+----+----+----+----+----+----+----+----+----+----+----+----+----+----+----+----+----+----+----+----+----+----+----+----+----+----+----+----+----+----+----+----+----+----+----+----+----+----+----+----+----+----+----+----+----+----+----+----+----+----+
 |[17]|  51|    |  54|  51|  52|  58|  53|  50|  51|    |  54|  54|  52|  50|  59|  52|    | ## |  54|    |  51|  53|  53|  54|  52|  58|  59|  58|  51|    |  57|  52|  56|    |  54|  52|  54|  58|    |  56|  61|    |    |    |    |  56|    |  56|    |    |  56|    |  59|  55|  61|  56|  53|  53|  52|  52|  60|  56|  54|  53|[17]|
 +----+----+----+----+----+----+----+----+----+----+----+----+----+----+----+----+----+----+----+----+----+----+----+----+----+----+----+----+----+----+----+----+----+----+----+----+----+----+----+----+----+----+----+----+----+----+----+----+----+----+----+----+----+----+----+----+----+----+----+----+----+----+----+----+----+----+
 |[18]|  51|    |  51|  51|  57|  60|  55|  54|  54|  53|  58|  58|    |  56|  62|  56|    |  56| ## |    |  54|  53|  57|  56|  52|  59|  63|  63|  53|    |  56|  58|  58|  52|  59|  54|  57|  56|    |  60|  60|  53|    |    |  53|  59|    |  55|    |  51|  58|  51|  63|  54|  57|  54|  58|    |  56|  51|  68|  60|  54|  56|[18]|
 +----+----+----+----+----+----+----+----+----+----+----+----+----+----+----+----+----+----+----+----+----+----+----+----+----+----+----+----+----+----+----+----+----+----+----+----+----+----+----+----+----+----+----+----+----+----+----+----+----+----+----+----+----+----+----+----+----+----+----+----+----+----+----+----+----+----+
 |[19]|    |    |    |    |    |  51|    |    |    |    |  51|    |    |  51|  50|  51|    |    |    | ## |    |    |    |    |    |    |  57|    |    |    |    |    |  60|    |    |    |    |    |    |    |    |    |    |    |    |  53|    |    |    |    |    |    |  51|    |  53|    |    |    |    |    |  56|    |    |    |[19]|
 +----+----+----+----+----+----+----+----+----+----+----+----+----+----+----+----+----+----+----+----+----+----+----+----+----+----+----+----+----+----+----+----+----+----+----+----+----+----+----+----+----+----+----+----+----+----+----+----+----+----+----+----+----+----+----+----+----+----+----+----+----+----+----+----+----+----+
 |[20]|  53|    |  52|    |  55|  56|  51|  51|  55|    |  56|  61|  51|  51|  57|  55|    |  52|  53|    | ## |  50|  58|  57|  55|  54|  64|  57|  55|    |  51|  55|  64|    |  54|  53|  60|  54|    |  58|  59|  53|    |    |    |  61|    |  57|  51|  53|  51|    |  57|  54|  59|  57|  52|  55|  56|  52|  62|  61|  58|  57|[20]|
 +----+----+----+----+----+----+----+----+----+----+----+----+----+----+----+----+----+----+----+----+----+----+----+----+----+----+----+----+----+----+----+----+----+----+----+----+----+----+----+----+----+----+----+----+----+----+----+----+----+----+----+----+----+----+----+----+----+----+----+----+----+----+----+----+----+----+
 |[21]|  52|    |  60|    |  55|  60|  52|  52|  53|    |  55|  54|  54|  53|  60|  55|    |  55|  53|    |  51| ## |  55|  51|  51|  55|  61|  56|  51|    |  53|  58|  60|    |  55|  53|    |  59|    |  61|  59|    |    |  50|  55|  54|    |  58|  52|  51|  56|    |  59|  51|  61|  57|  55|  53|  50|    |  66|  54|  60|  57|[21]|
 +----+----+----+----+----+----+----+----+----+----+----+----+----+----+----+----+----+----+----+----+----+----+----+----+----+----+----+----+----+----+----+----+----+----+----+----+----+----+----+----+----+----+----+----+----+----+----+----+----+----+----+----+----+----+----+----+----+----+----+----+----+----+----+----+----+----+
 |[22]|  52|    |  52|    |  50|  50|  51|    |  50|    |  55|  54|  51|    |  54|  55|  50|  50|  52|    |  54|  50| ## |  51|  55|  54|  58|  55|    |    |  52|  53|  58|    |  55|  54|    |  59|    |  58|  59|    |    |    |  50|  55|    |  52|    |    |    |    |  55|  51|  56|  51|  51|    |  54|  50|  60|  58|  54|  51|[22]|
 +----+----+----+----+----+----+----+----+----+----+----+----+----+----+----+----+----+----+----+----+----+----+----+----+----+----+----+----+----+----+----+----+----+----+----+----+----+----+----+----+----+----+----+----+----+----+----+----+----+----+----+----+----+----+----+----+----+----+----+----+----+----+----+----+----+----+
 |[23]|  55|  51|  59|  52|  57|  63|  63|  58|  55|  54|  60|  59|  55|  58|  65|  52|  50|  59|  58|    |  61|  53|  58| ## |  53|  62|  68|  63|  55|    |  54|  57|  62|  51|  60|  58|  61|  62|  52|  58|  63|  55|    |  55|  56|  66|  52|  59|  55|  56|  52|    |  58|  61|  58|  63|  57|  55|  54|  59|  62|  62|  61|  55|[23]|
 +----+----+----+----+----+----+----+----+----+----+----+----+----+----+----+----+----+----+----+----+----+----+----+----+----+----+----+----+----+----+----+----+----+----+----+----+----+----+----+----+----+----+----+----+----+----+----+----+----+----+----+----+----+----+----+----+----+----+----+----+----+----+----+----+----+----+
 |[24]|  50|    |    |    |  51|  57|    |    |  53|  50|  59|  55|  57|    |  53|  53|    |  53|  50|    |  55|  50|  58|    | ## |  57|  59|  53|  52|    |  50|  55|  59|    |  58|  53|    |  57|  55|  53|  63|  51|    |    |    |    |    |  59|    |  51|  52|    |  53|  53|  61|  55|  53|  53|  53|    |  59|  55|  55|  56|[24]|
 +----+----+----+----+----+----+----+----+----+----+----+----+----+----+----+----+----+----+----+----+----+----+----+----+----+----+----+----+----+----+----+----+----+----+----+----+----+----+----+----+----+----+----+----+----+----+----+----+----+----+----+----+----+----+----+----+----+----+----+----+----+----+----+----+----+----+
 |[25]|  54|  51|  57|    |  59|  61|  59|  58|    |  54|  61|  58|  59|  50|  65|  52|  52|  61|  59|    |  55|  55|  59|  59|  59| ## |  64|  66|  58|  50|  54|  58|  62|    |  59|  59|  58|  61|  57|  60|  64|  57|    |  53|  54|  64|  52|  60|    |  55|  52|  52|  63|  52|  57|  61|  56|  53|  55|  54|  68|  64|  64|  55|[25]|
 +----+----+----+----+----+----+----+----+----+----+----+----+----+----+----+----+----+----+----+----+----+----+----+----+----+----+----+----+----+----+----+----+----+----+----+----+----+----+----+----+----+----+----+----+----+----+----+----+----+----+----+----+----+----+----+----+----+----+----+----+----+----+----+----+----+----+
 |[26]|  53|  50|  56|    |  56|  61|  56|  52|  53|  50|  66|  58|  57|  55|  61|  58|  50|  53|  53|    |  56|  53|  54|  56|  52|  55| ## |  67|  55|    |  54|  55|  63|  50|  53|  56|  52|  58|  50|  58|  62|  55|    |    |  57|  65|    |  56|  50|  56|  50|    |  60|  60|  58|  55|  50|  56|  59|  50|  64|  60|  58|  64|[26]|
 +----+----+----+----+----+----+----+----+----+----+----+----+----+----+----+----+----+----+----+----+----+----+----+----+----+----+----+----+----+----+----+----+----+----+----+----+----+----+----+----+----+----+----+----+----+----+----+----+----+----+----+----+----+----+----+----+----+----+----+----+----+----+----+----+----+----+
 |[27]|  55|  50|  53|    |  57|  56|  55|  53|    |  52|  57|  55|  55|  52|  60|  59|  50|  54|  56|    |  52|  50|  54|  54|    |  59|  69| ## |  53|    |  52|  56|  61|    |  57|  55|  51|  59|  55|  62|  61|  50|    |    |  58|  60|    |  58|    |  55|  50|    |  61|  56|  57|  56|  55|  55|  56|    |  62|  58|  61|  52|[27]|
 +----+----+----+----+----+----+----+----+----+----+----+----+----+----+----+----+----+----+----+----+----+----+----+----+----+----+----+----+----+----+----+----+----+----+----+----+----+----+----+----+----+----+----+----+----+----+----+----+----+----+----+----+----+----+----+----+----+----+----+----+----+----+----+----+----+----+
 |[28]|  52|    |  51|    |    |  58|  50|  51|    |    |    |  54|  53|    |  57|  53|    |  50|    |    |  54|    |  51|  50|  51|  55|  60|  56| ## |    |    |  51|  55|    |  57|    |  55|  53|    |  55|  54|  55|    |    |  53|  54|    |  54|    |  54|    |    |    |  50|  56|  52|  52|  52|  51|    |  54|  56|  56|  55|[28]|
 +----+----+----+----+----+----+----+----+----+----+----+----+----+----+----+----+----+----+----+----+----+----+----+----+----+----+----+----+----+----+----+----+----+----+----+----+----+----+----+----+----+----+----+----+----+----+----+----+----+----+----+----+----+----+----+----+----+----+----+----+----+----+----+----+----+----+
 |[29]|    |    |    |    |    |    |    |    |    |    |  51|    |    |    |  56|    |    |    |    |    |    |    |    |    |    |  51|  52|    |    | ## |    |    |  56|    |    |    |    |  51|    |  52|    |    |    |    |  50|  52|    |  51|    |    |    |    |    |    |  51|    |    |    |    |    |  51|    |    |    |[29]|
 +----+----+----+----+----+----+----+----+----+----+----+----+----+----+----+----+----+----+----+----+----+----+----+----+----+----+----+----+----+----+----+----+----+----+----+----+----+----+----+----+----+----+----+----+----+----+----+----+----+----+----+----+----+----+----+----+----+----+----+----+----+----+----+----+----+----+
 |[30]|  53|  50|  56|  52|  60|  63|  58|    |  54|  52|  55|  61|  56|    |  55|  54|    |  62|  58|    |  54|  55|  60|  54|  54|  57|  66|  61|  53|    | ## |  56|  60|  52|  60|  53|  58|  59|    |  60|  61|  55|  50|    |  53|  59|    |  56|    |  58|  55|  54|  59|  55|  62|  59|  61|  53|  56|  50|  67|  60|  53|  52|[30]|
 +----+----+----+----+----+----+----+----+----+----+----+----+----+----+----+----+----+----+----+----+----+----+----+----+----+----+----+----+----+----+----+----+----+----+----+----+----+----+----+----+----+----+----+----+----+----+----+----+----+----+----+----+----+----+----+----+----+----+----+----+----+----+----+----+----+----+
 |[31]|    |    |  52|    |  51|  55|  52|  53|    |  52|  59|  55|  53|  53|  58|  53|    |  50|  53|    |  52|  55|  54|  51|  53|  54|  60|  59|  50|    |  50| ## |  53|    |    |  54|  53|  53|    |  56|  57|  51|    |    |  54|  53|    |  52|    |  52|  50|    |  57|  53|  54|  52|  52|  52|  53|    |  60|  55|  55|  54|[31]|
 +----+----+----+----+----+----+----+----+----+----+----+----+----+----+----+----+----+----+----+----+----+----+----+----+----+----+----+----+----+----+----+----+----+----+----+----+----+----+----+----+----+----+----+----+----+----+----+----+----+----+----+----+----+----+----+----+----+----+----+----+----+----+----+----+----+----+
 |[32]|  52|    |    |    |  55|  54|    |  50|  51|    |  56|  56|  51|    |  57|  56|    |  50|  50|  51|  56|  52|  55|  51|  52|  53|  63|  58|  50|    |    |    | ## |    |  52|  60|  56|  55|  55|  56|  58|  51|    |    |  51|  64|    |  56|    |  51|  51|    |  54|  55|  59|  52|  52|  53|  51|    |  58|  58|  60|  56|[32]|
 +----+----+----+----+----+----+----+----+----+----+----+----+----+----+----+----+----+----+----+----+----+----+----+----+----+----+----+----+----+----+----+----+----+----+----+----+----+----+----+----+----+----+----+----+----+----+----+----+----+----+----+----+----+----+----+----+----+----+----+----+----+----+----+----+----+----+
 |[33]|    |    |    |    |  50|  51|  52|    |    |    |  54|    |    |    |  51|  53|    |    |  52|    |    |    |  50|    |  50|    |  58|  55|    |    |    |  50|  57| ## |    |  54|    |  50|    |  52|  55|    |    |    |  50|  53|    |    |    |    |    |    |  52|    |  57|  53|  54|    |    |    |  57|  56|    |    |[33]|
 +----+----+----+----+----+----+----+----+----+----+----+----+----+----+----+----+----+----+----+----+----+----+----+----+----+----+----+----+----+----+----+----+----+----+----+----+----+----+----+----+----+----+----+----+----+----+----+----+----+----+----+----+----+----+----+----+----+----+----+----+----+----+----+----+----+----+
 |[34]|  52|    |  54|    |  54|  60|  54|  54|  53|    |  57|  56|  54|  51|  56|  58|    |  54|  56|    |  52|  53|  57|  54|  57|  56|  59|  60|  57|    |  54|    |  57|    | ## |  50|  53|  57|  50|  54|  60|    |    |    |  52|  58|    |  58|    |    |  51|    |  59|  54|  60|  56|  54|    |  56|  50|  64|  57|  55|  51|[34]|
 +----+----+----+----+----+----+----+----+----+----+----+----+----+----+----+----+----+----+----+----+----+----+----+----+----+----+----+----+----+----+----+----+----+----+----+----+----+----+----+----+----+----+----+----+----+----+----+----+----+----+----+----+----+----+----+----+----+----+----+----+----+----+----+----+----+----+
 |[35]|    |    |    |    |  51|  52|    |    |    |    |  52|    |  50|    |    |  53|    |    |    |    |    |    |  52|    |    |  51|  57|  54|    |    |    |  51|  61|    |    | ## |    |    |    |  50|  53|    |    |    |  50|  54|    |  50|    |    |    |    |  52|    |  51|    |    |    |  50|    |  54|  54|  51|    |[35]|
 +----+----+----+----+----+----+----+----+----+----+----+----+----+----+----+----+----+----+----+----+----+----+----+----+----+----+----+----+----+----+----+----+----+----+----+----+----+----+----+----+----+----+----+----+----+----+----+----+----+----+----+----+----+----+----+----+----+----+----+----+----+----+----+----+----+----+
 |[36]|    |  52|  54|    |  56|  58|  61|  58|  59|    |  60|  61|    |  54|  62|  55|  52|  57|  57|    |  62|  50|  54|  59|  52|  59|  61|  58|  59|    |  56|  58|  67|    |  57|  55| ## |  60|    |  61|  60|  54|    |    |  50|  65|    |  61|  53|  57|  52|    |  60|  62|  60|  58|  53|  54|  57|  55|  62|  59|  60|  58|[36]|
 +----+----+----+----+----+----+----+----+----+----+----+----+----+----+----+----+----+----+----+----+----+----+----+----+----+----+----+----+----+----+----+----+----+----+----+----+----+----+----+----+----+----+----+----+----+----+----+----+----+----+----+----+----+----+----+----+----+----+----+----+----+----+----+----+----+----+
 |[37]|  54|    |  54|  52|  51|  57|  53|  54|  55|  53|  58|  55|  53|  51|  63|  55|    |  58|  53|    |  53|  57|  61|  57|  56|  59|  65|  63|  53|    |  54|  55|  61|    |  57|  54|  56| ## |  50|  61|  63|  53|    |    |  56|  59|    |  59|  51|  51|    |    |  59|  54|  56|  59|  54|  58|  53|  52|  63|  63|  59|  56|[37]|
 +----+----+----+----+----+----+----+----+----+----+----+----+----+----+----+----+----+----+----+----+----+----+----+----+----+----+----+----+----+----+----+----+----+----+----+----+----+----+----+----+----+----+----+----+----+----+----+----+----+----+----+----+----+----+----+----+----+----+----+----+----+----+----+----+----+----+
 |[38]|    |    |  52|  50|  54|  56|  52|    |  51|    |  59|  54|  56|    |  57|  52|    |  50|    |    |    |    |  52|  50|  57|  57|  58|  61|    |    |    |    |  64|    |  53|  56|    |  52| ## |  54|  59|    |    |  51|  51|  57|    |  54|    |  52|    |    |  54|  54|  55|  57|  52|  53|  50|    |  57|  57|  54|  50|[38]|
 +----+----+----+----+----+----+----+----+----+----+----+----+----+----+----+----+----+----+----+----+----+----+----+----+----+----+----+----+----+----+----+----+----+----+----+----+----+----+----+----+----+----+----+----+----+----+----+----+----+----+----+----+----+----+----+----+----+----+----+----+----+----+----+----+----+----+
 |[39]|    |    |    |    |    |  53|    |    |    |    |    |    |    |    |  51|  50|    |    |    |    |    |  51|  52|    |    |  50|  56|  57|    |    |    |  50|  54|    |    |    |  50|  53|    | ## |  54|    |    |    |    |  52|    |  54|    |  52|    |    |  54|  50|  53|  52|  52|  50|    |    |  54|  50|  53|    |[39]|
 +----+----+----+----+----+----+----+----+----+----+----+----+----+----+----+----+----+----+----+----+----+----+----+----+----+----+----+----+----+----+----+----+----+----+----+----+----+----+----+----+----+----+----+----+----+----+----+----+----+----+----+----+----+----+----+----+----+----+----+----+----+----+----+----+----+----+
 |[40]|  51|    |  55|    |  58|  60|  56|  50|  53|  52|  56|  61|  55|  53|  60|  57|  50|  57|  53|    |  54|  53|  58|  55|  59|  58|  65|  61|  51|    |  52|  55|  60|    |  56|  54|  53|  59|  53|  58| ## |  53|    |    |  56|  60|    |  62|    |  53|  53|  50|  58|  60|  61|  56|  53|  58|  55|  52|  62|  62|  62|  55|[40]|
 +----+----+----+----+----+----+----+----+----+----+----+----+----+----+----+----+----+----+----+----+----+----+----+----+----+----+----+----+----+----+----+----+----+----+----+----+----+----+----+----+----+----+----+----+----+----+----+----+----+----+----+----+----+----+----+----+----+----+----+----+----+----+----+----+----+----+
 |[41]|    |    |    |    |    |  53|    |  51|    |    |  53|  51|    |    |    |    |    |    |    |    |    |    |    |    |    |  51|  58|  51|  53|    |    |  50|  54|    |    |    |    |  50|    |  53|  54| ## |    |    |    |  51|    |    |    |  54|    |    |    |    |  51|    |    |  51|    |    |  53|  52|  52|  53|[41]|
 +----+----+----+----+----+----+----+----+----+----+----+----+----+----+----+----+----+----+----+----+----+----+----+----+----+----+----+----+----+----+----+----+----+----+----+----+----+----+----+----+----+----+----+----+----+----+----+----+----+----+----+----+----+----+----+----+----+----+----+----+----+----+----+----+----+----+
 |[42]|  53|  52|  56|    |  57|  57|  56|  56|  52|  55|  61|  56|  52|  52|  57|  56|  51|  57|  54|    |  54|  52|  53|  54|  54|  59|  68|  59|  55|    |  57|  57|  60|  54|  57|  55|  55|  57|    |  57|  59|    | ## |  53|  53|  60|    |  65|  50|  52|  51|  51|  59|  51|  60|  53|  51|  53|  50|  56|  66|  60|  57|  57|[42]|
 +----+----+----+----+----+----+----+----+----+----+----+----+----+----+----+----+----+----+----+----+----+----+----+----+----+----+----+----+----+----+----+----+----+----+----+----+----+----+----+----+----+----+----+----+----+----+----+----+----+----+----+----+----+----+----+----+----+----+----+----+----+----+----+----+----+----+
 |[43]|    |    |    |    |    |  51|    |    |    |    |  54|    |    |    |  50|    |    |    |    |    |    |    |    |    |    |  50|  54|  50|    |    |    |    |  52|    |    |  50|    |    |    |    |  50|    |    | ## |    |  56|    |    |    |    |    |    |    |    |    |    |    |    |    |    |  51|  50|  52|    |[43]|
 +----+----+----+----+----+----+----+----+----+----+----+----+----+----+----+----+----+----+----+----+----+----+----+----+----+----+----+----+----+----+----+----+----+----+----+----+----+----+----+----+----+----+----+----+----+----+----+----+----+----+----+----+----+----+----+----+----+----+----+----+----+----+----+----+----+----+
 |[44]|    |    |    |    |    |  50|    |    |    |    |    |    |    |    |  50|    |    |    |    |    |    |    |    |    |    |    |  55|  54|    |    |    |    |    |    |    |    |    |    |    |    |  52|    |    |    | ## |    |    |    |    |    |    |    |    |    |  50|    |    |    |    |    |  55|    |    |    |[44]|
 +----+----+----+----+----+----+----+----+----+----+----+----+----+----+----+----+----+----+----+----+----+----+----+----+----+----+----+----+----+----+----+----+----+----+----+----+----+----+----+----+----+----+----+----+----+----+----+----+----+----+----+----+----+----+----+----+----+----+----+----+----+----+----+----+----+----+
 |[45]|  52|  51|  53|    |  61|  59|  53|  52|  56|  52|  59|  60|  53|  55|  60|  53|    |  53|  54|    |  57|  50|  55|  58|    |  59|  70|  62|  52|    |  52|  53|  68|    |  57|  57|  59|  57|  52|  58|  62|  51|    |  55|  55| ## |    |  53|  55|  59|  53|    |  61|  59|  59|  59|  56|  53|  57|  53|  63|  61|  61|  59|[45]|
 +----+----+----+----+----+----+----+----+----+----+----+----+----+----+----+----+----+----+----+----+----+----+----+----+----+----+----+----+----+----+----+----+----+----+----+----+----+----+----+----+----+----+----+----+----+----+----+----+----+----+----+----+----+----+----+----+----+----+----+----+----+----+----+----+----+----+
 |[46]|    |    |    |    |    |    |    |    |    |    |    |    |    |    |    |    |    |    |    |    |    |    |    |    |    |    |  50|    |    |    |    |    |  52|    |    |    |    |    |    |    |  50|    |    |    |  54|    | ## |    |    |    |    |    |    |  50|    |    |    |    |    |    |  52|    |    |    |[46]|
 +----+----+----+----+----+----+----+----+----+----+----+----+----+----+----+----+----+----+----+----+----+----+----+----+----+----+----+----+----+----+----+----+----+----+----+----+----+----+----+----+----+----+----+----+----+----+----+----+----+----+----+----+----+----+----+----+----+----+----+----+----+----+----+----+----+----+
 |[47]|    |  52|  53|    |  58|  59|  55|  50|  51|    |  53|  58|  57|    |  57|  60|    |  55|  51|    |  54|  55|  53|  53|  57|  56|  61|  61|  53|    |  50|  52|  61|    |  57|  53|  56|  57|  51|  61|  65|    |  51|    |  51|  54|    | ## |  50|  53|  50|    |  57|  55|  59|  55|    |  54|  51|  50|  60|  57|  61|  57|[47]|
 +----+----+----+----+----+----+----+----+----+----+----+----+----+----+----+----+----+----+----+----+----+----+----+----+----+----+----+----+----+----+----+----+----+----+----+----+----+----+----+----+----+----+----+----+----+----+----+----+----+----+----+----+----+----+----+----+----+----+----+----+----+----+----+----+----+----+
 |[48]|  57|  51|  56|    |  57|  60|  56|  53|  58|  52|  61|  54|  55|  53|  59|  65|  51|  57|  55|    |  58|  59|  57|  60|  53|  56|  65|  62|  55|    |  52|  57|  59|  53|  54|  61|  59|  60|  52|  61|  62|  51|    |  53|  51|  68|    |  61| ## |  54|    |  53|  62|  60|  61|  60|  56|  57|  55|  54|  69|  62|  61|  55|[48]|
 +----+----+----+----+----+----+----+----+----+----+----+----+----+----+----+----+----+----+----+----+----+----+----+----+----+----+----+----+----+----+----+----+----+----+----+----+----+----+----+----+----+----+----+----+----+----+----+----+----+----+----+----+----+----+----+----+----+----+----+----+----+----+----+----+----+----+
 |[49]|    |    |  51|    |    |  57|  55|  55|    |    |  59|  56|  52|    |  63|  53|    |  51|  50|    |  53|  50|  51|  53|  52|  54|  64|  60|  55|    |  54|  55|  58|    |  51|  52|  55|  52|  51|  61|  57|  58|    |    |  50|  62|    |  55|    | ## |    |    |  55|  56|  54|  57|  53|  53|    |    |  58|  57|  57|  57|[49]|
 +----+----+----+----+----+----+----+----+----+----+----+----+----+----+----+----+----+----+----+----+----+----+----+----+----+----+----+----+----+----+----+----+----+----+----+----+----+----+----+----+----+----+----+----+----+----+----+----+----+----+----+----+----+----+----+----+----+----+----+----+----+----+----+----+----+----+
 |[50]|    |    |  51|    |  52|  60|    |  50|    |  50|  55|  55|  50|  55|  52|  55|    |  57|  56|    |  51|  55|  52|    |  53|  51|  57|  55|    |    |  52|  53|  58|    |  53|    |  50|  51|    |  58|  57|    |    |    |  55|  57|    |  53|    |    | ## |    |  57|    |  55|  57|  53|  54|  52|  50|  60|  55|  51|  55|[50]|
 +----+----+----+----+----+----+----+----+----+----+----+----+----+----+----+----+----+----+----+----+----+----+----+----+----+----+----+----+----+----+----+----+----+----+----+----+----+----+----+----+----+----+----+----+----+----+----+----+----+----+----+----+----+----+----+----+----+----+----+----+----+----+----+----+----+----+
 |[51]|  59|    |  52|  51|  61|  56|  53|    |  52|  55|  56|  62|  59|  55|  54|  56|  50|  50|  58|    |  55|  55|  55|  54|  58|  60|  64|  62|  58|    |  59|  57|  58|  55|  60|  53|  53|  58|  53|  60|  64|  54|    |    |  53|  61|    |  57|  54|  52|  50| ## |  56|  52|  61|  60|  55|  50|  52|  53|  62|  60|  52|  59|[51]|
 +----+----+----+----+----+----+----+----+----+----+----+----+----+----+----+----+----+----+----+----+----+----+----+----+----+----+----+----+----+----+----+----+----+----+----+----+----+----+----+----+----+----+----+----+----+----+----+----+----+----+----+----+----+----+----+----+----+----+----+----+----+----+----+----+----+----+
 |[52]|  52|    |  50|    |  58|  54|    |    |  53|  51|  61|  56|  54|  50|  59|  53|  50|  56|  57|    |  53|  54|  55|  50|  50|  58|  64|  63|    |    |  52|  56|  58|    |  57|  54|  54|  57|  50|  60|  59|    |    |    |  53|  61|    |  56|  50|  51|  53|    | ## |  52|  58|  56|  51|  52|  54|  52|  65|  56|  56|  50|[52]|
 +----+----+----+----+----+----+----+----+----+----+----+----+----+----+----+----+----+----+----+----+----+----+----+----+----+----+----+----+----+----+----+----+----+----+----+----+----+----+----+----+----+----+----+----+----+----+----+----+----+----+----+----+----+----+----+----+----+----+----+----+----+----+----+----+----+----+
 |[53]|    |    |    |    |  50|  58|  52|    |  53|    |  55|  54|    |  50|  56|  58|    |  52|    |    |  50|    |  51|  54|  50|    |  63|  58|    |    |    |  52|  58|    |  52|  50|  56|  52|  50|  55|  61|  50|    |    |  51|  59|    |  54|    |  52|    |    |  52| ## |  54|  51|  52|  50|  50|    |  59|  51|  52|  51|[53]|
 +----+----+----+----+----+----+----+----+----+----+----+----+----+----+----+----+----+----+----+----+----+----+----+----+----+----+----+----+----+----+----+----+----+----+----+----+----+----+----+----+----+----+----+----+----+----+----+----+----+----+----+----+----+----+----+----+----+----+----+----+----+----+----+----+----+----+
 |[54]|  58|  51|  60|  50|  56|  57|  56|  51|  52|  50|  58|  58|  57|  52|  57|  58|  50|  60|  53|    |  56|  58|  58|  52|  59|  53|  64|  60|  55|    |  56|  54|  64|  54|  59|  55|  56|  55|  52|  60|  64|  52|    |    |  56|  60|    |  59|  51|  52|  52|  50|  60|  56| ## |  56|  53|  57|  54|  54|  62|  62|  59|  56|[54]|
 +----+----+----+----+----+----+----+----+----+----+----+----+----+----+----+----+----+----+----+----+----+----+----+----+----+----+----+----+----+----+----+----+----+----+----+----+----+----+----+----+----+----+----+----+----+----+----+----+----+----+----+----+----+----+----+----+----+----+----+----+----+----+----+----+----+----+
 |[55]|  53|  52|  56|  52|  54|  62|  58|  53|  56|  55|  60|  59|  56|  54|  56|  54|    |  57|  52|    |  57|  56|  54|  58|  55|  59|  63|  61|  53|    |  55|  54|  58|  52|  57|  52|  56|  60|  56|  61|  61|    |    |    |  56|  62|    |  57|  52|  57|  57|  52|  60|  54|  58| ## |  58|  55|  54|  50|  64|  58|  59|  54|[55]|
 +----+----+----+----+----+----+----+----+----+----+----+----+----+----+----+----+----+----+----+----+----+----+----+----+----+----+----+----+----+----+----+----+----+----+----+----+----+----+----+----+----+----+----+----+----+----+----+----+----+----+----+----+----+----+----+----+----+----+----+----+----+----+----+----+----+----+
 |[56]|    |    |    |    |    |  54|  51|    |  52|    |    |  50|  51|    |  50|  52|    |  50|  53|    |    |  51|  51|  50|  50|  51|  54|  56|  50|    |  53|  51|  55|    |  52|  50|    |  52|    |  57|  54|    |    |    |  54|  56|    |    |    |  50|    |    |  51|  52|  52|  55| ## |    |    |    |  58|  58|  51|    |[56]|
 +----+----+----+----+----+----+----+----+----+----+----+----+----+----+----+----+----+----+----+----+----+----+----+----+----+----+----+----+----+----+----+----+----+----+----+----+----+----+----+----+----+----+----+----+----+----+----+----+----+----+----+----+----+----+----+----+----+----+----+----+----+----+----+----+----+----+
 |[57]|    |    |    |    |    |    |    |    |    |    |    |  50|    |    |    |    |    |    |    |    |    |    |    |    |    |    |  56|  53|    |    |    |    |  53|    |    |    |    |  52|    |  52|  56|    |    |    |  50|    |    |  50|    |    |    |    |    |    |  52|    |    | ## |    |    |  52|  54|  51|    |[57]|
 +----+----+----+----+----+----+----+----+----+----+----+----+----+----+----+----+----+----+----+----+----+----+----+----+----+----+----+----+----+----+----+----+----+----+----+----+----+----+----+----+----+----+----+----+----+----+----+----+----+----+----+----+----+----+----+----+----+----+----+----+----+----+----+----+----+----+
 |[58]|    |    |    |    |  52|  55|  52|  52|  54|    |  56|  52|  50|    |  55|  56|    |  51|  52|    |  54|    |  55|    |  51|  52|  64|  59|  50|    |  50|  53|  56|    |  56|  54|  53|  52|    |  53|  58|    |    |    |    |  58|    |  51|    |    |  50|    |  56|  51|  54|  52|    |  52| ## |  50|  56|  56|  55|  50|[58]|
 +----+----+----+----+----+----+----+----+----+----+----+----+----+----+----+----+----+----+----+----+----+----+----+----+----+----+----+----+----+----+----+----+----+----+----+----+----+----+----+----+----+----+----+----+----+----+----+----+----+----+----+----+----+----+----+----+----+----+----+----+----+----+----+----+----+----+
 |[59]|  53|    |  53|    |    |  55|  51|  55|  54|  50|  52|  60|  55|  53|  59|  52|    |  55|  51|    |  54|    |  55|  57|  52|  55|  60|  56|  51|    |    |  53|  58|    |  54|  50|  55|  55|    |  57|  59|  50|    |  50|    |  59|    |  55|    |    |  52|    |  57|  51|  58|  52|  51|    |  54| ## |  58|  55|  54|  53|[59]|
 +----+----+----+----+----+----+----+----+----+----+----+----+----+----+----+----+----+----+----+----+----+----+----+----+----+----+----+----+----+----+----+----+----+----+----+----+----+----+----+----+----+----+----+----+----+----+----+----+----+----+----+----+----+----+----+----+----+----+----+----+----+----+----+----+----+----+
 |[60]|  55|    |  56|  54|  60|  59|  58|  51|  53|  50|  62|  62|  57|  54|  60|  56|  53|  56|  61|    |  57|  60|  58|  53|  55|  61|  67|  62|  51|    |  58|  58|  61|  51|  60|  55|  55|  60|  51|  59|  62|  52|    |    |  59|  62|  50|  58|  55|  53|  55|    |  63|  58|  59|  59|  56|  55|  54|  51| ## |  60|  58|  57|[60]|
 +----+----+----+----+----+----+----+----+----+----+----+----+----+----+----+----+----+----+----+----+----+----+----+----+----+----+----+----+----+----+----+----+----+----+----+----+----+----+----+----+----+----+----+----+----+----+----+----+----+----+----+----+----+----+----+----+----+----+----+----+----+----+----+----+----+----+
 |[61]|  55|  50|  57|    |  56|  59|  54|  56|  53|  53|  59|  57|  56|  56|  61|  57|  54|  56|  57|    |  59|  52|  61|  57|  54|  61|  67|  62|  57|    |  55|  57|  65|  53|  57|  59|  55|  63|  54|  57|  65|  55|    |  51|  57|  63|    |  59|  53|  56|  53|  51|  59|  53|  63|  57|  61|  60|  57|  51|  63| ## |  59|  62|[61]|
 +----+----+----+----+----+----+----+----+----+----+----+----+----+----+----+----+----+----+----+----+----+----+----+----+----+----+----+----+----+----+----+----+----+----+----+----+----+----+----+----+----+----+----+----+----+----+----+----+----+----+----+----+----+----+----+----+----+----+----+----+----+----+----+----+----+----+
 |[62]|  54|  54|  56|    |  59|  54|  55|  54|  52|  50|  58|  56|  53|  52|  62|  52|  51|  53|  51|    |  56|  57|  56|  56|  54|  60|  64|  65|  56|    |    |  56|  66|    |  55|  56|  56|  59|  52|  60|  65|  54|    |  52|  51|  62|  50|  62|  51|  56|    |    |  57|  54|  60|  57|  53|  56|  56|  50|  61|  58| ## |  57|[62]|
 +----+----+----+----+----+----+----+----+----+----+----+----+----+----+----+----+----+----+----+----+----+----+----+----+----+----+----+----+----+----+----+----+----+----+----+----+----+----+----+----+----+----+----+----+----+----+----+----+----+----+----+----+----+----+----+----+----+----+----+----+----+----+----+----+----+----+
 |[63]|    |    |    |    |  52|  58|    |    |    |    |  58|  57|  51|  52|  59|  53|  51|  51|  51|    |  54|  53|  51|    |  53|  51|  68|  53|  53|    |    |  53|  61|    |    |  52|  53|  54|    |  55|  56|  53|    |    |  51|  59|    |  57|    |  53|  52|    |  51|  51|  55|  51|    |  51|    |    |  59|  60|  55| ## |[63]|
 +----+----+----+----+----+----+----+----+----+----+----+----+----+----+----+----+----+----+----+----+----+----+----+----+----+----+----+----+----+----+----+----+----+----+----+----+----+----+----+----+----+----+----+----+----+----+----+----+----+----+----+----+----+----+----+----+----+----+----+----+----+----+----+----+----+----+
 | ## |[ 0]|[ 1]|[ 2]|[ 3]|[ 4]|[ 5]|[ 6]|[ 7]|[ 8]|[ 9]|[10]|[11]|[12]|[13]|[14]|[15]|[16]|[17]|[18]|[19]|[20]|[21]|[22]|[23]|[24]|[25]|[26]|[27]|[28]|[29]|[30]|[31]|[32]|[33]|[34]|[35]|[36]|[37]|[38]|[39]|[40]|[41]|[42]|[43]|[44]|[45]|[46]|[47]|[48]|[49]|[50]|[51]|[52]|[53]|[54]|[55]|[56]|[57]|[58]|[59]|[60]|[61]|[62]|[63]| ## |
 +----+----+----+----+----+----+----+----+----+----+----+----+----+----+----+----+----+----+----+----+----+----+----+----+----+----+----+----+----+----+----+----+----+----+----+----+----+----+----+----+----+----+----+----+----+----+----+----+----+----+----+----+----+----+----+----+----+----+----+----+----+----+----+----+----+----+
 | ## |[37]|[19]|[43]|[12]|[46]|[60]|[47]|[39]|[41]|[28]|[57]|[55]|[46]|[40]|[58]|[56]|[23]|[52]|[49]|[ 1]|[48]|[45]|[54]|[46]|[49]|[53]|[63]|[60]|[45]|[ 2]|[38]|[53]|[61]|[17]|[50]|[52]|[46]|[58]|[31]|[59]|[61]|[36]|[ 3]|[13]|[52]|[58]|[ 7]|[54]|[24]|[44]|[41]|[14]|[56]|[54]|[61]|[54]|[51]|[48]|[49]|[37]|[63]|[58]|[56]|[52]| ## |
 +----+----+----+----+----+----+----+----+----+----+----+----+----+----+----+----+----+----+----+----+----+----+----+----+----+----+----+----+----+----+----+----+----+----+----+----+----+----+----+----+----+----+----+----+----+----+----+----+----+----+----+----+----+----+----+----+----+----+----+----+----+----+----+----+----+----+






