

 [80] ******************************************************

 [99 , 99, 99]  131347.645610 vs 127223.181000 >>  4124.464610  :  0.000000  (0)

 [70] ******************************************************

 [99 , 99, 99]  109138.657973 vs 106275.413147 >>  2863.244826  :  0.000000  (0)

 [60] ******************************************************

 [29 , 44, 62]  95498.035203 vs 92942.578499 >>  2555.456704  :  84.375000  (1)
 [389]    84.375000 (3)  [29, 44, 62]

 [50] ******************************************************

 [29 , 44, 62]  84826.251863 vs 82759.152778 >>  2067.099086  :  109.359375  (1)
 [389]    109.359375 (3)  [29, 44, 62]

 [40] ******************************************************

 [29 , 44, 62]  73554.422273 vs 71858.438961 >>  1695.983312  :  158.828125  (1)
 [389]    158.828125 (3)  [29, 44, 62]

 [30] ******************************************************

 [7 , 52, 57]  62483.579989 vs 61431.244464 >>  1052.335525  :  182.656250  (1)
 [629]    182.656250 (3)  [7, 52, 57]