

 [80] ******************************************************

 [1 , 13, 30]  121891.745328 vs 117087.616529 >>  4804.128799  :  140.843750  (2)
[309]    77  [1, 30]
[397]    64  [1, 13, 30]

 [70] ******************************************************

 [12 , 29, 30]  100181.443032 vs 96915.153773 >>  3266.289259  :  475.390625  (3)
[309]    134  [30]
[428]    164  [12, 29, 30]
[788]    177  [12, 29, 30]

 [60] ******************************************************

 [12 , 13, 25]  86232.334477 vs 83824.733067 >>  2407.601409  :  821.000000  (4)
[397]    264  [12, 13, 25]
[722]    42  [12, 13, 25]
[755]    236  [12, 13, 25]
[788]    280  [12]

 [50] ******************************************************

 [12 , 13, 29]  75162.802696 vs 73564.373147 >>  1598.429549  :  1134.531250  (3)
[397]    441  [12, 13, 29]
[428]    389  [12, 13, 29]
[788]    305  [12, 29]

 [40] ******************************************************

 [12 , 24, 29]  64956.747797 vs 63779.635122 >>  1177.112675  :  1129.812500  (3)
[307]    450  [12, 24, 29]
[428]    384  [12, 24, 29]
[788]    296  [12, 24, 29]

 [30] ******************************************************

 [12 , 25, 29]  54436.507764 vs 53457.189765 >>  979.317999  :  2129.515625  (5)
[428]    677  [12, 25, 29]
[722]    252  [12, 25]
[755]    408  [12, 25]
[788]    657  [12, 29]
[821]    136  [12, 25, 29]