

 [80] ******************************************************

 [3 , 29, 32]  131347.645610 vs 126893.855566 >>  4453.790044  :  21.125000  (3)
[261]    4  [3, 29, 32]
[294]    10  [3, 29, 32]
[327]    8  [3, 29, 32]

 [70] ******************************************************

 [29 , 56, 60]  109138.657973 vs 105956.357320 >>  3182.300654  :  176.140625  (14)
[261]    16  [29, 56, 60]
[294]    18  [29, 56, 60]
[327]    1  [29, 60]
[461]    0  [29]
[1000]    18  [29, 56, 60]
[1003]    7  [29, 56, 60]
[1004]    20  [29, 56, 60]
[1005]    21  [29, 56, 60]
[1006]    13  [56, 60]
[1007]    19  [56, 60]
[1008]    13  [29, 56, 60]
[1009]    16  [56, 60]
[1011]    6  [56, 60]
[1013]    7  [29, 56, 60]

 [60] ******************************************************

 [4 , 56, 60]  95498.035203 vs 92704.860676 >>  2793.174528  :  1166.953125  (32)
[2]    21  [4, 56]
[3]    20  [4, 56, 60]
[4]    34  [4, 56, 60]
[5]    41  [4, 56, 60]
[6]    34  [4, 56]
[7]    46  [4, 56]
[8]    44  [4, 56]
[9]    36  [4, 56]
[10]    48  [4, 56]
[11]    46  [4, 56]
[19]    8  [4, 56]
[993]    41  [4, 56, 60]
[994]    42  [56, 60]
[995]    49  [56, 60]
[996]    46  [56, 60]
[997]    46  [56, 60]
[998]    55  [4, 56, 60]
[999]    39  [56, 60]
[1000]    37  [4, 56, 60]
[1001]    42  [4, 56, 60]
[1002]    36  [56, 60]
[1003]    24  [56, 60]
[1004]    34  [4, 56, 60]
[1005]    30  [56, 60]
[1006]    34  [4, 56, 60]
[1007]    27  [56, 60]
[1008]    31  [56, 60]
[1009]    43  [4, 56, 60]
[1010]    44  [56, 60]
[1011]    24  [4, 56, 60]
[1012]    39  [4, 56, 60]
[1013]    30  [56, 60]

 [50] ******************************************************

 [4 , 56, 60]  84826.251863 vs 82814.482385 >>  2011.769478  :  1479.109375  (33)
[2]    59  [4, 56]
[3]    56  [4, 56, 60]
[4]    66  [4, 56, 60]
[5]    72  [4, 56, 60]
[6]    63  [4, 56]
[7]    48  [4, 56]
[8]    47  [4, 56]
[9]    62  [4, 56]
[10]    58  [4, 56]
[11]    51  [4, 56]
[19]    3  [4, 56]
[938]    1  [56]
[993]    44  [4, 56, 60]
[994]    48  [56, 60]
[995]    55  [56, 60]
[996]    50  [56, 60]
[997]    58  [56, 60]
[998]    60  [4, 56, 60]
[999]    47  [56, 60]
[1000]    38  [4, 56, 60]
[1001]    52  [4, 56, 60]
[1002]    44  [56, 60]
[1003]    34  [56, 60]
[1004]    48  [4, 56, 60]
[1005]    31  [56, 60]
[1006]    35  [4, 56, 60]
[1007]    25  [56, 60]
[1008]    32  [56, 60]
[1009]    45  [4, 56, 60]
[1010]    48  [56, 60]
[1011]    32  [4, 56, 60]
[1012]    48  [4, 56, 60]
[1013]    27  [56, 60]

 [40] ******************************************************

 [4 , 56, 60]  73554.422273 vs 71886.420268 >>  1668.002005  :  1639.671875  (34)
[1]    1  [4, 60]
[2]    63  [4, 56]
[3]    68  [4, 56, 60]
[4]    85  [4, 56, 60]
[5]    86  [4, 56, 60]
[6]    66  [4, 56]
[7]    60  [4, 56]
[8]    49  [4, 56]
[9]    75  [4, 56]
[10]    68  [4, 56]
[11]    50  [4, 56]
[19]    10  [4, 56]
[938]    0  [56]
[993]    56  [4, 56, 60]
[994]    57  [56, 60]
[995]    64  [56, 60]
[996]    54  [56, 60]
[997]    67  [56, 60]
[998]    60  [4, 56, 60]
[999]    48  [56, 60]
[1000]    39  [4, 56, 60]
[1001]    49  [4, 56, 60]
[1002]    44  [56, 60]
[1003]    31  [56, 60]
[1004]    49  [4, 56, 60]
[1005]    39  [56, 60]
[1006]    36  [4, 56, 60]
[1007]    30  [56, 60]
[1008]    32  [56, 60]
[1009]    45  [4, 56, 60]
[1010]    49  [56, 60]
[1011]    29  [4, 56, 60]
[1012]    46  [4, 56, 60]
[1013]    39  [56, 60]
[1014]    1  [4, 60]

 [30] ******************************************************

 [4 , 56, 60]  62483.579989 vs 61736.622733 >>  746.957255  :  2055.781250  (36)
[2]    71  [4, 56]
[3]    80  [4, 56, 60]
[4]    75  [4, 56, 60]
[5]    77  [4, 56, 60]
[6]    85  [4, 56]
[7]    67  [4, 56]
[8]    45  [4, 56]
[9]    71  [4, 56]
[10]    60  [4, 56]
[11]    52  [4, 56]
[18]    19  [4, 60]
[19]    37  [4, 56]
[746]    4  [60]
[782]    8  [4]
[993]    55  [4, 56, 60]
[994]    54  [56, 60]
[995]    52  [56, 60]
[996]    58  [56, 60]
[997]    70  [56, 60]
[998]    63  [4, 56, 60]
[999]    50  [56, 60]
[1000]    81  [4, 56, 60]
[1001]    56  [4, 56, 60]
[1002]    54  [56, 60]
[1003]    72  [56, 60]
[1004]    63  [4, 56, 60]
[1005]    60  [56, 60]
[1006]    62  [4, 56, 60]
[1007]    58  [56, 60]
[1008]    58  [56, 60]
[1009]    72  [4, 56, 60]
[1010]    47  [56, 60]
[1011]    49  [4, 56, 60]
[1012]    82  [4, 56, 60]
[1013]    63  [56, 60]
[1014]    36  [4, 60]