basis_ent0 = 0.008300
 [0 , 39, 59]  0.008300 + 0.007617 <  0.016445  :  863.296875  (87)
 [24 , 39, 59]  0.008300 + 0.006000 <  0.016445  :  710.828125  (79)
 [0 , 48, 59]  0.008300 + 0.005322 <  0.016445  :  684.187500  (80)
 [39 , 42, 59]  0.008300 + 0.007696 <  0.016445  :  672.921875  (83)
 [14 , 39, 59]  0.008300 + 0.007216 <  0.016445  :  630.765625  (82)
 [39 , 52, 59]  0.008300 + 0.006528 <  0.016445  :  624.281250  (81)
 [7 , 39, 59]  0.008300 + 0.007418 <  0.016445  :  624.250000  (82)
 [39 , 48, 59]  0.008300 + 0.008557 >>  0.016445  :  623.015625  (87)
 [39 , 56, 59]  0.008300 + 0.006829 <  0.016445  :  622.296875  (81)
 [8 , 39, 59]  0.008300 + 0.006888 <  0.016445  :  620.921875  (78)

 [39 , 59, 99]  0.008300 + 0.008392 <  0.010963  :  598.281250  (80)
 [0 , 59, 99]  0.008300 + 0.004128 <  0.010963  :  373.265625  (65)
 [48 , 59, 99]  0.008300 + 0.002987 <  0.010963  :  245.687500  (67)
 [37 , 59, 99]  0.008300 + 0.002517 <  0.010963  :  229.343750  (59)
 [13 , 59, 99]  0.008300 + 0.002691 <  0.010963  :  226.578125  (60)
 [25 , 59, 99]  0.008300 + 0.002722 <  0.010963  :  226.031250  (62)
 [59 , 61, 99]  0.008300 + 0.002515 <  0.010963  :  225.109375  (59)
 [42 , 59, 99]  0.008300 + 0.003064 <  0.010963  :  225.046875  (61)
 [46 , 59, 99]  0.008300 + 0.002622 <  0.010963  :  223.937500  (61)
 [40 , 59, 99]  0.008300 + 0.002521 <  0.010963  :  221.125000  (59)

 [59 , 99, 99]  0.008300 + 0.002509 <  0.005482  :  214.265625  (58)
 [0 , 99, 99]  0.008300 + 0.000830 <  0.005482  :  67.625000  (2)
 [48 , 99, 99]  0.008300 + 0.000431 <  0.005482  :  37.187500  (15)
 [42 , 99, 99]  0.008300 + 0.000614 <  0.005482  :  8.296875  (2)
 [46 , 99, 99]  0.008300 + 0.000050 <  0.005482  :  7.343750  (2)
 [55 , 99, 99]  0.008300 + 0.000034 <  0.005482  :  6.515625  (1)
 [56 , 99, 99]  0.008300 + 0.000198 <  0.005482  :  6.171875  (3)
 [7 , 99, 99]  0.008300 + 0.000033 <  0.005482  :  5.250000  (1)
 [3 , 99, 99]  0.008300 + 0.000033 <  0.005482  :  3.859375  (1)
 [39 , 99, 99]  0.008300 + 0.000346 <  0.005482  :  2.937500  (3)
39, 48, 59