

 [80] ******************************************************

 [13 , 42, 61]  121891.745328 vs 117090.187119 >>  4801.558209  :  261.015625  (3)
 [977]    85.343750 (3)
 [1014]    85.718750 (2)
 [1018]    89.953125 (1)

 [70] ******************************************************

 [39 , 42, 58]  100181.443032 vs 97005.568855 >>  3175.874177  :  381.953125  (3)
 [983]    117.703125 (1)
 [1013]    149.406250 (1)
 [1018]    114.843750 (1)

 [60] ******************************************************

 [39 , 42, 47]  86232.334477 vs 84036.504403 >>  2195.830073  :  624.187500  (3)
 [755]    264.750000 (2)
 [1013]    171.390625 (2)
 [1018]    188.046875 (3)

 [50] ******************************************************

 [42 , 47, 61]  75162.802696 vs 73699.821126 >>  1462.981570  :  649.531250  (3)
 [755]    266.593750 (3)
 [1014]    186.500000 (3)
 [1018]    196.437500 (3)

 [40] ******************************************************

 [42 , 47, 61]  64956.747797 vs 63814.858574 >>  1141.889223  :  660.343750  (3)
 [755]    249.812500 (3)
 [1014]    196.796875 (3)
 [1018]    213.734375 (3)

 [30] ******************************************************

 [42 , 47, 61]  54436.507764 vs 53620.290651 >>  816.217113  :  907.640625  (5)
 [755]    448.812500 (3)
 [931]    5.171875 (2)
 [946]    1.953125 (1)
 [1014]    230.093750 (1)
 [1018]    226.734375 (3)