

 [80] ******************************************************

 [1 , 16, 29]  121891.745328 vs 117108.983447 >>  4782.761880  :  203.468750  (2)
 [755]    113.437500 (2)
 [978]    90.031250 (1)

 [70] ******************************************************

 [2 , 5, 16]  100181.443032 vs 97104.243696 >>  3077.199336  :  349.375000  (3)
 [978]    103.406250 (2)
 [994]    85.671875 (2)
 [1011]    162.671875 (3)

 [60] ******************************************************

 [1 , 29, 63]  86232.334477 vs 83887.639622 >>  2344.694854  :  689.671875  (3)
 [722]    124.671875 (2)
 [755]    400.140625 (2)
 [788]    164.859375 (2)

 [50] ******************************************************

 [1 , 29, 63]  75162.802696 vs 73543.710494 >>  1619.092202  :  792.328125  (4)
 [722]    208.875000 (2)
 [755]    391.546875 (2)
 [788]    181.031250 (2)
 [944]    10.875000 (2)

 [40] ******************************************************

 [1 , 29, 63]  64956.747797 vs 63742.029972 >>  1214.717825  :  841.578125  (9)
 [536]    1.671875 (1)
 [555]    0.953125 (1)
 [722]    267.156250 (2)
 [755]    374.765625 (2)
 [777]    1.281250 (1)
 [788]    158.265625 (2)
 [794]    4.875000 (1)
 [803]    1.187500 (1)
 [944]    31.421875 (2)

 [30] ******************************************************

 [1 , 23, 29]  54436.507764 vs 53648.452224 >>  788.055540  :  1629.093750  (16)
 [299]    9.625000 (1)
 [555]    1.515625 (1)
 [568]    5.578125 (1)
 [705]    1.062500 (1)
 [722]    217.484375 (2)
 [745]    5.125000 (1)
 [755]    577.921875 (3)
 [777]    0.187500 (1)
 [788]    480.031250 (2)
 [792]    0.062500 (1)
 [800]    2.500000 (1)
 [809]    0.015625 (1)
 [821]    306.265625 (3)
 [912]    55.187500 (3)
 [926]    0.375000 (2)
 [946]    2.218750 (1)