

 [80] ******************************************************

 [99 , 99, 99]  131347.645610 vs 127205.181000 >>  4142.464610  :  0.000000  (0)

 [70] ******************************************************

 [99 , 99, 99]  109138.657973 vs 106257.413147 >>  2881.244826  :  0.000000  (0)

 [60] ******************************************************

 [13 , 33, 35]  95498.035203 vs 92903.681596 >>  2594.353608  :  75.765625  (1)
 [421]    75.765625 (3)  [13, 33, 35]

 [50] ******************************************************

 [13 , 33, 35]  84826.251863 vs 82733.447873 >>  2092.803991  :  167.703125  (1)
 [421]    167.703125 (3)  [13, 33, 35]

 [40] ******************************************************

 [13 , 33, 35]  73554.422273 vs 71848.529950 >>  1705.892323  :  195.578125  (1)
 [421]    195.578125 (3)  [13, 33, 35]

 [30] ******************************************************

 [13 , 33, 35]  62483.579989 vs 61421.292876 >>  1062.287112  :  271.234375  (1)
 [421]    271.234375 (3)  [13, 33, 35]