

 [80] ******************************************************

 [99 , 99, 99]  152718.430809 vs 150061.270203 >>  2657.160606  :  0.000000  (0)

 [70] ******************************************************

 [99 , 99, 99]  131002.014504 vs 129071.073142 >>  1930.941363  :  0.000000  (0)

 [60] ******************************************************

 [99 , 99, 99]  116495.898057 vs 115065.218279 >>  1430.679778  :  0.000000  (0)

 [50] ******************************************************

 [99 , 99, 99]  102911.142500 vs 101072.418181 >>  1838.724318  :  0.000000  (0)

 [40] ******************************************************

 [2 , 19, 55]  88822.025518 vs 87107.351022 >>  1714.674496  :  159.765625  (1)
 [674]    159.765625 (2)  [19, 55]

 [30] ******************************************************

 [19 , 55, 56]  72878.288091 vs 71488.582032 >>  1389.706059  :  454.890625  (2)
 [674]    258.515625 (2)  [19, 55]
 [931]    196.375000 (2)  [19, 56]