
 now Q is 30

 now outputing  - - - -> end


basis_ent0 = 0.010908
 [5 , 22, 60]  0.010908 + 0.001467 <  0.016044  :  883.750000  (4)
 [22 , 45, 60]  0.010908 + 0.000523 <  0.016044  :  616.281250  (1)
 [22 , 54, 60]  0.010908 + 0.000975 <  0.016044  :  563.234375  (2)
 [12 , 54, 62]  0.010908 + 0.001602 <  0.016044  :  558.546875  (4)
 [3 , 22, 60]  0.010908 + 0.000771 <  0.016044  :  555.265625  (6)
 [22 , 50, 60]  0.010908 + 0.000562 <  0.016044  :  551.453125  (3)
 [22 , 30, 60]  0.010908 + 0.000506 <  0.016044  :  531.281250  (1)
 [22 , 60, 62]  0.010908 + 0.001077 <  0.016044  :  528.578125  (4)
 [17 , 22, 60]  0.010908 + 0.000627 <  0.016044  :  523.656250  (4)
 [13 , 22, 60]  0.010908 + 0.000561 <  0.016044  :  513.890625  (6)

 [22 , 60, 99]  0.010908 + 0.000600 >>  0.010696  :  485.578125  (1)
 [12 , 62, 99]  0.010908 + 0.001240 <  0.010696  :  374.796875  (3)
 [19 , 53, 99]  0.010908 + 0.000462 <  0.010696  :  173.687500  (7)
 [4 , 19, 99]  0.010908 + 0.000407 <  0.010696  :  134.359375  (7)
 [15 , 27, 99]  0.010908 + 0.001182 <  0.010696  :  115.390625  (1)
 [17 , 54, 99]  0.010908 + 0.000688 <  0.010696  :  102.328125  (4)
 [43 , 54, 99]  0.010908 + 0.000560 <  0.010696  :  101.968750  (1)
 [53 , 54, 99]  0.010908 + 0.000635 <  0.010696  :  95.171875  (6)
 [43 , 50, 99]  0.010908 + 0.000727 <  0.010696  :  94.375000  (7)
 [17 , 47, 99]  0.010908 + 0.000744 <  0.010696  :  92.375000  (4)

 [17 , 99, 99]  0.010908 + 0.000114 <  0.005348  :  37.187500  (3)
 [3 , 99, 99]  0.010908 + 0.000232 <  0.005348  :  31.062500  (5)
 [62 , 99, 99]  0.010908 + 0.000568 <  0.005348  :  30.875000  (3)
 [53 , 99, 99]  0.010908 + 0.000059 <  0.005348  :  28.187500  (5)
 [13 , 99, 99]  0.010908 + 0.000144 <  0.005348  :  20.296875  (5)
 [32 , 99, 99]  0.010908 + 0.000017 <  0.005348  :  17.593750  (2)
 [4 , 99, 99]  0.010908 + 0.000039 <  0.005348  :  17.046875  (4)
 [50 , 99, 99]  0.010908 + 0.000132 <  0.005348  :  13.890625  (6)
 [47 , 99, 99]  0.010908 + 0.000016 <  0.005348  :  12.937500  (1)
 [42 , 99, 99]  0.010908 + 0.000002 <  0.005348  :  11.046875  (3)
22, 60, 99