

 [80] ******************************************************

 [18 , 28, 61]  131347.645610 vs 126994.335446 >>  4353.310164  :  81.312500  (1)
[464]    81  [18, 28, 61]

 [70] ******************************************************

 [21 , 42, 61]  109138.657973 vs 105947.236068 >>  3191.421905  :  260.421875  (2)
[464]    122  [21, 42, 61]
[467]    139  [21, 42, 61]

 [60] ******************************************************

 [21 , 34, 61]  95498.035203 vs 92556.110259 >>  2941.924944  :  330.687500  (3)
[464]    124  [21, 34, 61]
[467]    117  [21, 61]
[609]    90  [21, 34, 61]

 [50] ******************************************************

 [14 , 21, 61]  84826.251863 vs 82490.007165 >>  2336.244698  :  541.546875  (3)
[421]    169  [14, 21]
[464]    131  [14, 21, 61]
[467]    241  [14, 21, 61]

 [40] ******************************************************

 [21 , 34, 61]  73554.422273 vs 71619.546461 >>  1934.875812  :  789.515625  (3)
[464]    286  [21, 34, 61]
[467]    288  [21, 61]
[609]    216  [21, 34, 61]

 [30] ******************************************************

 [21 , 34, 61]  62483.579989 vs 61218.291762 >>  1265.288227  :  1041.343750  (3)
[464]    336  [21, 34, 61]
[467]    281  [21, 61]
[609]    424  [21, 34, 61]