

100
0 : 58   0.234811   0.000653

90
0 : 19   2.111188   0.000372
1 : 41   1.471034   0.000147
2 : 40   0.901766   0.000047
3 : 59   0.845955   0.000016
4 : 42   0.616569   0.000086
5 : 48   0.511525   0.000012
6 : 1   0.508196   0.000042
7 : 21   0.490494   0.000034
8 : 31   0.184834   0.000053
9 : 55   0.153749   0.000152
10 : 16   0.129650   0.000054
11 : 39   0.111160   0.000186
12 : 12   0.087152   0.000087
13 : 25   0.071197   -0.000005
14 : 61   0.042788   0.000099
15 : 62   0.037930   0.000002

80
0 : 59   8.459667   0.000386
1 : 19   2.646029   0.000067
2 : 20   2.278464   -0.000017
3 : 0   1.845978   0.000060
4 : 6   1.819602   -0.000028
5 : 55   0.976918   0.000013
6 : 15   0.889411   0.000019
7 : 27   0.849290   0.000042
8 : 46   0.798657   0.000041
9 : 45   0.785568   -0.000048
10 : 1   0.766781   -0.000034
11 : 31   0.692880   -0.000020
12 : 62   0.678503   0.000031
13 : 25   0.651475   -0.000011
14 : 14   0.588055   -0.000038
15 : 48   0.556867   0.000089
16 : 39   0.250023   0.000050
17 : 12   0.228629   -0.000044
18 : 7   0.184834   -0.000035
19 : 13   0.079507   0.000039

70
0 : 59   22.947997   0.001777
1 : 40   4.597618   0.000039
2 : 62   2.507752   -0.000015
3 : 25   2.454560   -0.000041
4 : 48   1.654162   0.000072
5 : 55   1.560741   -0.000051
6 : 30   1.077271   -0.000008
7 : 31   1.051444   0.000125
8 : 36   1.042920   0.000119
9 : 3   0.960258   -0.000032
10 : 51   0.872282   -0.000021
11 : 42   0.840835   0.000032
12 : 46   0.821395   -0.000036
13 : 0   0.732677   0.000126
14 : 56   0.693105   0.000045
15 : 35   0.663321   -0.000043
16 : 27   0.567814   0.000034
17 : 20   0.512095   0.000079
18 : 19   0.434657   -0.000030
19 : 57   0.418720   -0.000009
20 : 4   0.384447   0.000066
21 : 39   0.381750   0.000012
22 : 45   0.337234   -0.000056
23 : 22   0.251555   -0.000015
24 : 7   0.232379   0.000036
25 : 61   0.078019   -0.000005

60
0 : 59   40.812605   0.002068
1 : 0   7.612946   0.000630
2 : 62   5.037999   0.000017
3 : 40   3.847378   -0.000047
4 : 56   3.115920   0.000186
5 : 25   2.726523   -0.000038
6 : 48   2.393881   0.000155
7 : 31   2.116190   0.000100
8 : 39   2.084390   0.000223
9 : 1   1.587783   -0.000050
10 : 19   1.212934   -0.000037
11 : 36   1.200364   -0.000052
12 : 2   1.003930   0.000084
13 : 51   0.999647   -0.000076
14 : 46   0.821395   -0.000035
15 : 38   0.727966   0.000031
16 : 27   0.704492   -0.000009
17 : 61   0.698453   -0.000006
18 : 7   0.411126   0.000034
19 : 53   0.337857   -0.000019
20 : 34   0.311829   -0.000042
21 : 3   0.298651   -0.000050
22 : 33   0.203237   -0.000009
23 : 24   0.150987   -0.000008
24 : 50   0.029400   -0.000008

50
0 : 59   49.697507   0.002389
1 : 0   5.766249   0.000546
2 : 40   3.936977   0.000080
3 : 56   3.933466   0.000035
4 : 62   3.801252   0.000047
5 : 25   3.245753   0.000020
6 : 48   2.746676   0.000198
7 : 31   1.330959   0.000134
8 : 36   1.213789   -0.000051
9 : 24   1.183905   -0.000007
10 : 51   1.028399   -0.000078
11 : 28   0.807290   -0.000009
12 : 2   0.764950   -0.000004
13 : 20   0.646701   -0.000009
14 : 61   0.525778   -0.000049
15 : 39   0.489023   0.000012
16 : 34   0.402983   -0.000042
17 : 53   0.375434   -0.000053
18 : 54   0.307267   -0.000052
19 : 4   0.303354   -0.000002
20 : 27   0.274921   0.000116
21 : 6   0.233967   -0.000005
22 : 46   0.223419   -0.000037
23 : 44   0.175211   -0.000006
24 : 33   0.100960   -0.000009
25 : 8   0.062191   -0.000008

40
0 : 59   79.408960   0.002192
1 : 48   7.278230   0.000326
2 : 0   5.482086   0.000832
3 : 19   2.537947   0.000007
4 : 56   2.331024   0.000146
5 : 40   2.251419   -0.000010
6 : 2   1.891703   0.000274
7 : 62   1.507846   -0.000007
8 : 8   1.138363   -0.000011
9 : 34   1.115389   -0.000087
10 : 25   1.016528   0.000083
11 : 30   0.972414   -0.000051
12 : 51   0.951261   -0.000038
13 : 61   0.917398   -0.000050
14 : 31   0.913202   0.000043
15 : 6   0.881688   -0.000008
16 : 46   0.808749   0.000049
17 : 44   0.716180   -0.000011
18 : 50   0.597309   -0.000051
19 : 55   0.586525   -0.000014
20 : 9   0.488952   -0.000014
21 : 60   0.448467   -0.000049
22 : 42   0.394237   0.000616
23 : 53   0.275480   0.000026
24 : 1   0.217060   -0.000014
25 : 16   0.203812   -0.000046
26 : 33   0.181523   -0.000052
27 : 28   0.135840   -0.000048
28 : 39   0.078074   0.000340
29 : 27   0.027640   -0.000051

30
0 : 59   61.241026   0.001732
1 : 39   9.733250   0.002270
2 : 48   7.358858   0.000112
3 : 0   5.306779   0.000694
4 : 25   3.711591   0.000005
5 : 2   3.286347   0.000137
6 : 42   2.175424   0.000142
7 : 31   1.995637   -0.000003
8 : 40   1.952260   0.000068
9 : 53   1.951606   -0.000073
10 : 62   1.416697   -0.000005
11 : 56   1.398705   -0.000008
12 : 19   1.337295   0.000127
13 : 47   1.301893   -0.000020
14 : 16   1.110318   -0.000051
15 : 46   1.101007   -0.000035
16 : 7   0.764992   -0.000017
17 : 34   0.696155   -0.000044
18 : 32   0.646563   -0.000006
19 : 15   0.507621   -0.000019
20 : 51   0.255541   0.000039
21 : 36   0.056738   -0.000012
22 : 35   0.015296   -0.000010

20
0 : 59   57.171824   0.001460
1 : 39   36.910290   0.002345
2 : 0   12.023641   0.000605
3 : 46   2.444023   0.000453
4 : 48   2.352820   -0.000001
5 : 25   2.238471   -0.000107
6 : 2   2.235456   0.000072
7 : 19   1.926613   0.000036
8 : 62   1.484676   -0.000025
9 : 51   1.354959   -0.000072
10 : 40   1.345500   -0.000011
11 : 20   1.305819   0.000391
12 : 34   0.943674   -0.000042
13 : 6   0.856671   0.000027
14 : 16   0.748243   0.000072
15 : 43   0.465876   -0.000049
16 : 37   0.407790   -0.000048
17 : 31   0.183801   -0.000003
18 : 44   0.112840   0.000102

10
0 : 46   37.364966   0.000292
1 : 59   30.226100   0.001174
2 : 0   10.402552   -0.000099
3 : 48   6.182886   0.000897
4 : 31   4.856652   0.000062
5 : 39   4.782720   -0.000001
6 : 62   3.950673   0.000055
7 : 2   2.646497   0.000019
8 : 16   2.632065   -0.000010
9 : 6   2.323716   0.000159
10 : 51   2.177634   -0.000086
11 : 55   2.096648   0.000141
12 : 20   1.905740   0.000266
13 : 19   1.693405   0.000359
14 : 34   1.396029   -0.000041
15 : 56   1.238691   0.000019
16 : 30   1.174955   -0.000074
17 : 4   1.129497   -0.000013
18 : 63   0.835500   -0.000057
19 : 24   0.752303   0.000025
20 : 27   0.591123   0.000136
21 : 9   0.417087   -0.000052
22 : 36   0.386115   -0.000010
23 : 5   0.332293   0.000305
24 : 50   0.331478   0.000059
25 : 44   0.121623   0.000308
26 : 28   0.057764   0.000146
27 : 3   0.014086   0.000153
28 : 17   0.002161   0.000101