basis_ent0 = 0.012129
 [12 , 27, 59]  0.012129 + 0.005874 >>  0.014236  :  2985.687500  (45)
 [27 , 34, 59]  0.012129 + 0.008630 <  0.014236  :  2965.156250  (50)
 [27 , 37, 59]  0.012129 + 0.006061 <  0.014236  :  2916.984375  (41)
 [27 , 38, 59]  0.012129 + 0.005818 <  0.014236  :  2867.000000  (42)
 [18 , 27, 59]  0.012129 + 0.005972 <  0.014236  :  2806.890625  (41)
 [27 , 50, 59]  0.012129 + 0.006332 <  0.014236  :  2795.578125  (43)
 [13 , 27, 59]  0.012129 + 0.006004 <  0.014236  :  2785.921875  (43)
 [7 , 27, 59]  0.012129 + 0.006057 <  0.014236  :  2785.125000  (44)
 [27 , 39, 59]  0.012129 + 0.006203 <  0.014236  :  2777.796875  (45)
 [27 , 57, 59]  0.012129 + 0.006209 <  0.014236  :  2777.718750  (42)

 [27 , 59, 99]  0.012129 + 0.006253 <  0.009490  :  2505.875000  (39)
 [12 , 27, 99]  0.012129 + 0.004040 <  0.009490  :  1692.093750  (28)
 [27 , 38, 99]  0.012129 + 0.003754 <  0.009490  :  1660.125000  (24)
 [27 , 37, 99]  0.012129 + 0.004060 <  0.009490  :  1630.000000  (24)
 [27 , 34, 99]  0.012129 + 0.006477 <  0.009490  :  1619.265625  (35)
 [27 , 50, 99]  0.012129 + 0.004315 <  0.009490  :  1617.890625  (28)
 [34 , 59, 99]  0.012129 + 0.005341 <  0.009490  :  1598.671875  (33)
 [13 , 27, 99]  0.012129 + 0.004038 <  0.009490  :  1579.187500  (26)
 [27 , 28, 99]  0.012129 + 0.004501 <  0.009490  :  1565.250000  (31)
 [27 , 39, 99]  0.012129 + 0.004252 <  0.009490  :  1554.734375  (29)

 [27 , 99, 99]  0.012129 + 0.003974 <  0.004745  :  1311.765625  (22)
 [59 , 99, 99]  0.012129 + 0.002542 <  0.004745  :  1098.343750  (18)
 [34 , 99, 99]  0.012129 + 0.002394 <  0.004745  :  287.812500  (13)
 [56 , 99, 99]  0.012129 + 0.001219 <  0.004745  :  147.109375  (15)
 [47 , 99, 99]  0.012129 + 0.001019 <  0.004745  :  125.640625  (9)
 [28 , 99, 99]  0.012129 + 0.000773 <  0.004745  :  90.093750  (10)
 [22 , 99, 99]  0.012129 + 0.000375 <  0.004745  :  83.140625  (4)
 [37 , 99, 99]  0.012129 + 0.000080 <  0.004745  :  81.328125  (1)
 [12 , 99, 99]  0.012129 + 0.000615 <  0.004745  :  80.734375  (9)
 [41 , 99, 99]  0.012129 + 0.000590 <  0.004745  :  66.531250  (7)
12, 27, 59