

 Use image  :  mandrill.bmp




  Relationship between basis and replaceable basis


  Number of basis used : 0, 1 


  [basis number] : Number of substitutable basis for basis number 


 *Total on the right : Number of replacements (Be done)

  Total below : Number of replacements (To do)


  Of the amount of improvement  : 0 ~ 10.000000

----------------------------------------------------------------------------------

 +----+----+----+----+----+----+----+----+----+----+----+----+----+----+----+----+----+----+----+----+----+----+----+----+----+----+----+----+----+----+----+----+----+----+----+----+----+----+----+----+----+----+----+----+----+----+----+----+----+----+----+----+----+----+----+----+----+----+----+----+----+----+----+----+----+----+
 | ## |[ 0]|[ 1]|[ 2]|[ 3]|[ 4]|[ 5]|[ 6]|[ 7]|[ 8]|[ 9]|[10]|[11]|[12]|[13]|[14]|[15]|[16]|[17]|[18]|[19]|[20]|[21]|[22]|[23]|[24]|[25]|[26]|[27]|[28]|[29]|[30]|[31]|[32]|[33]|[34]|[35]|[36]|[37]|[38]|[39]|[40]|[41]|[42]|[43]|[44]|[45]|[46]|[47]|[48]|[49]|[50]|[51]|[52]|[53]|[54]|[55]|[56]|[57]|[58]|[59]|[60]|[61]|[62]|[63]| ## |                                                                                    
 +----+----+----+----+----+----+----+----+----+----+----+----+----+----+----+----+----+----+----+----+----+----+----+----+----+----+----+----+----+----+----+----+----+----+----+----+----+----+----+----+----+----+----+----+----+----+----+----+----+----+----+----+----+----+----+----+----+----+----+----+----+----+----+----+----+----+
 |[ 0]| ## |    |  54|    |  52|  56|  52|    |    |    |  60|  61|    |  52|  50|    |    |  56|    |    |  52|    |    |  54|    |  54|  58|  56|    |    |    |    |  60|    |  50|  52|  50|  52|    |  52|    |    |    |    |    |  60|    |  56|  52|    |    |    |  60|  50|  50|    |    |    |    |  56|  54|    |  52|  50|[ 0]|
 +----+----+----+----+----+----+----+----+----+----+----+----+----+----+----+----+----+----+----+----+----+----+----+----+----+----+----+----+----+----+----+----+----+----+----+----+----+----+----+----+----+----+----+----+----+----+----+----+----+----+----+----+----+----+----+----+----+----+----+----+----+----+----+----+----+----+
 |[ 1]|  53| ## |  61|    |  76|  72|  68|  53|    |  55|  59|  65|    |  55|  59|  59|  57|  63|  53|  55|  59|    |  57|  61|  53|  65|  68|  61|  59|    |  57|  61|  63|    |  51|  55|  72|  63|  51|  61|  51|  53|  55|    |    |  65|    |  72|  55|  61|  53|  53|  53|  61|  59|  63|  55|  51|  51|  55|  55|  57|  68|  61|[ 1]|
 +----+----+----+----+----+----+----+----+----+----+----+----+----+----+----+----+----+----+----+----+----+----+----+----+----+----+----+----+----+----+----+----+----+----+----+----+----+----+----+----+----+----+----+----+----+----+----+----+----+----+----+----+----+----+----+----+----+----+----+----+----+----+----+----+----+----+
 |[ 2]|    |    | ## |    |  67|  60|  62|    |    |  51|  56|  64|    |  56|  54|  53|    |  56|  51|    |  51|  53|  51|  56|    |  60|  68|  57|    |    |    |    |  57|    |    |  51|    |  54|  54|  53|  56|    |    |    |    |  62|    |  60|    |  56|    |    |  56|    |  57|  53|    |    |    |    |  59|    |  57|  54|[ 2]|
 +----+----+----+----+----+----+----+----+----+----+----+----+----+----+----+----+----+----+----+----+----+----+----+----+----+----+----+----+----+----+----+----+----+----+----+----+----+----+----+----+----+----+----+----+----+----+----+----+----+----+----+----+----+----+----+----+----+----+----+----+----+----+----+----+----+----+
 |[ 3]|    |    |    | ## |    |    |    |    |    |    |    |    |    |    |    |    |    |    |    |    |    |    |    |    |    |    |  52|    |    |    |    |    |    |    |    |    |    |    |    |    |    |    |    |    |    |    |    |    |    |    |    |    |    |  50|    |    |    |    |    |    |  52|    |    |    |[ 3]|
 +----+----+----+----+----+----+----+----+----+----+----+----+----+----+----+----+----+----+----+----+----+----+----+----+----+----+----+----+----+----+----+----+----+----+----+----+----+----+----+----+----+----+----+----+----+----+----+----+----+----+----+----+----+----+----+----+----+----+----+----+----+----+----+----+----+----+
 |[ 4]|    |  58|  69|    | ## |  64|  59|    |    |  56|  61|  62|    |  54|  59|  53|  53|  56|  51|    |  59|  58|    |  58|  51|  67|  64|  64|    |  51|    |  56|  67|    |    |  59|  61|  58|  56|  59|  59|    |    |    |    |  69|    |  69|    |  54|  58|  51|  59|  54|  54|  54|  51|  58|    |    |  62|  54|  69|  56|[ 4]|
 +----+----+----+----+----+----+----+----+----+----+----+----+----+----+----+----+----+----+----+----+----+----+----+----+----+----+----+----+----+----+----+----+----+----+----+----+----+----+----+----+----+----+----+----+----+----+----+----+----+----+----+----+----+----+----+----+----+----+----+----+----+----+----+----+----+----+
 |[ 5]|    |    |    |    |  51| ## |  51|    |    |    |    |  53|    |    |    |    |    |    |    |    |    |    |    |    |  52|    |  62|    |    |    |    |    |  56|    |    |    |    |    |    |    |    |    |    |    |    |  51|    |  57|    |    |    |    |    |  51|    |    |    |    |    |    |  56|    |    |  56|[ 5]|
 +----+----+----+----+----+----+----+----+----+----+----+----+----+----+----+----+----+----+----+----+----+----+----+----+----+----+----+----+----+----+----+----+----+----+----+----+----+----+----+----+----+----+----+----+----+----+----+----+----+----+----+----+----+----+----+----+----+----+----+----+----+----+----+----+----+----+
 |[ 6]|    |  53|  66|    |  61|  66| ## |    |    |    |  63|  65|  53|  55|  58|  58|    |  58|  53|  51|    |    |  53|  61|    |  65|  66|  55|    |    |  56|  53|  60|  53|    |  51|  61|    |  56|  56|  53|    |    |    |    |  58|    |  61|  51|  60|    |    |  60|  58|    |  58|  53|    |    |    |  63|    |    |  56|[ 6]|
 +----+----+----+----+----+----+----+----+----+----+----+----+----+----+----+----+----+----+----+----+----+----+----+----+----+----+----+----+----+----+----+----+----+----+----+----+----+----+----+----+----+----+----+----+----+----+----+----+----+----+----+----+----+----+----+----+----+----+----+----+----+----+----+----+----+----+
 |[ 7]|    |    |    |    |    |  59|    | ## |    |    |  51|  55|    |    |  51|    |    |    |  53|    |    |    |    |  55|    |  53|  55|  51|    |    |    |  51|  55|    |  53|    |  55|  51|    |    |    |    |  53|    |  53|  53|    |  57|    |    |    |    |  51|    |    |    |    |  51|    |    |  53|  51|    |    |[ 7]|
 +----+----+----+----+----+----+----+----+----+----+----+----+----+----+----+----+----+----+----+----+----+----+----+----+----+----+----+----+----+----+----+----+----+----+----+----+----+----+----+----+----+----+----+----+----+----+----+----+----+----+----+----+----+----+----+----+----+----+----+----+----+----+----+----+----+----+
 |[ 8]|    |    |    |    |    |  55|  51|    | ## |    |  51|  58|    |    |    |    |    |    |    |    |    |    |    |    |    |    |  55|    |    |    |    |    |  55|    |    |    |    |    |    |    |    |    |    |    |  51|  58|    |  53|    |    |  55|    |  55|    |    |    |    |    |    |    |    |    |    |    |[ 8]|
 +----+----+----+----+----+----+----+----+----+----+----+----+----+----+----+----+----+----+----+----+----+----+----+----+----+----+----+----+----+----+----+----+----+----+----+----+----+----+----+----+----+----+----+----+----+----+----+----+----+----+----+----+----+----+----+----+----+----+----+----+----+----+----+----+----+----+
 |[ 9]|    |  50|  64|    |  68|  58|  50|    |    | ## |  62|  60|  54|  68|  60|    |    |  54|  58|    |  56|    |  52|  58|  50|  60|  60|  60|    |    |  50|  54|  56|  52|    |    |    |  64|    |  56|    |  52|    |  50|    |  70|    |  60|  50|  52|  56|  52|  60|    |  50|  54|  50|  52|    |  56|  58|  52|  58|    |[ 9]|
 +----+----+----+----+----+----+----+----+----+----+----+----+----+----+----+----+----+----+----+----+----+----+----+----+----+----+----+----+----+----+----+----+----+----+----+----+----+----+----+----+----+----+----+----+----+----+----+----+----+----+----+----+----+----+----+----+----+----+----+----+----+----+----+----+----+----+
 |[10]|    |    |  51|    |  54|  54|  54|    |    |    | ## |  58|    |  52|  57|    |    |  52|    |    |    |    |    |    |    |  57|  62|  58|    |    |    |  52|  60|    |    |    |  54|  52|    |    |    |    |    |    |    |  60|    |  52|    |  58|    |    |  57|    |    |  52|    |    |    |    |  55|    |  52|    |[10]|
 +----+----+----+----+----+----+----+----+----+----+----+----+----+----+----+----+----+----+----+----+----+----+----+----+----+----+----+----+----+----+----+----+----+----+----+----+----+----+----+----+----+----+----+----+----+----+----+----+----+----+----+----+----+----+----+----+----+----+----+----+----+----+----+----+----+----+
 |[11]|    |    |  56|    |  54|  58|  54|    |    |    |  56| ## |    |    |  51|  51|    |  51|    |    |    |    |    |    |    |  51|  65|    |    |    |    |    |  55|    |    |    |    |    |    |    |  51|    |    |    |  51|  54|    |  62|    |    |  52|    |  52|  55|    |  54|    |  51|    |    |  58|    |  52|    |[11]|
 +----+----+----+----+----+----+----+----+----+----+----+----+----+----+----+----+----+----+----+----+----+----+----+----+----+----+----+----+----+----+----+----+----+----+----+----+----+----+----+----+----+----+----+----+----+----+----+----+----+----+----+----+----+----+----+----+----+----+----+----+----+----+----+----+----+----+
 |[12]|    |    |  56|    |  54|  67|  60|    |    |  52|  58|  58| ## |    |  52|    |    |  54|    |    |    |    |    |  54|  64|  64|  64|  54|    |    |    |  52|  60|    |    |  50|    |    |    |    |    |    |    |    |    |  52|    |  58|    |  54|    |    |  58|    |    |  56|  56|    |    |    |  62|    |    |  56|[12]|
 +----+----+----+----+----+----+----+----+----+----+----+----+----+----+----+----+----+----+----+----+----+----+----+----+----+----+----+----+----+----+----+----+----+----+----+----+----+----+----+----+----+----+----+----+----+----+----+----+----+----+----+----+----+----+----+----+----+----+----+----+----+----+----+----+----+----+
 |[13]|    |    |  52|    |    |  51|    |    |    |  51|  54|  52|    | ## |    |    |    |    |    |    |    |    |    |  51|    |    |  60|    |    |    |    |    |    |    |    |    |    |    |    |    |    |    |    |    |    |  58|    |    |    |    |    |    |  52|    |    |    |    |    |    |    |    |    |    |    |[13]|
 +----+----+----+----+----+----+----+----+----+----+----+----+----+----+----+----+----+----+----+----+----+----+----+----+----+----+----+----+----+----+----+----+----+----+----+----+----+----+----+----+----+----+----+----+----+----+----+----+----+----+----+----+----+----+----+----+----+----+----+----+----+----+----+----+----+----+
 |[14]|    |    |    |    |  52|    |    |    |    |    |  57|  52|    |    | ## |    |    |  52|  52|    |    |    |    |    |    |  54|  60|    |    |    |    |    |  55|    |    |    |    |    |    |    |    |    |    |    |    |  57|    |    |    |    |    |    |  60|    |    |    |    |    |    |    |  51|    |  55|    |[14]|
 +----+----+----+----+----+----+----+----+----+----+----+----+----+----+----+----+----+----+----+----+----+----+----+----+----+----+----+----+----+----+----+----+----+----+----+----+----+----+----+----+----+----+----+----+----+----+----+----+----+----+----+----+----+----+----+----+----+----+----+----+----+----+----+----+----+----+
 |[15]|    |    |    |    |    |  51|    |    |    |    |    |  52|    |    |    | ## |    |    |    |    |    |    |    |    |    |    |  54|    |    |    |    |    |  52|    |    |    |    |    |    |    |    |    |    |    |    |    |    |  55|    |    |    |    |    |    |    |    |    |    |    |    |    |    |    |    |[15]|
 +----+----+----+----+----+----+----+----+----+----+----+----+----+----+----+----+----+----+----+----+----+----+----+----+----+----+----+----+----+----+----+----+----+----+----+----+----+----+----+----+----+----+----+----+----+----+----+----+----+----+----+----+----+----+----+----+----+----+----+----+----+----+----+----+----+----+
 |[16]|    |    |    |    |  52|    |    |    |    |    |    |    |    |    |  50|    | ## |  50|    |    |    |    |    |    |    |  50|  58|    |    |    |    |  50|    |    |    |    |  58|    |    |  55|    |    |    |    |    |  50|    |  52|    |    |    |    |  55|    |    |    |    |    |    |    |    |  50|  50|  50|[16]|
 +----+----+----+----+----+----+----+----+----+----+----+----+----+----+----+----+----+----+----+----+----+----+----+----+----+----+----+----+----+----+----+----+----+----+----+----+----+----+----+----+----+----+----+----+----+----+----+----+----+----+----+----+----+----+----+----+----+----+----+----+----+----+----+----+----+----+
 |[17]|    |    |  52|    |  51|  54|  51|    |    |    |  54|  54|    |    |  54|    |    | ## |    |    |    |    |    |    |    |  55|  51|    |    |    |    |    |  55|    |    |  51|    |  51|    |  54|    |    |    |    |    |  54|    |  58|    |    |  55|    |  55|    |    |  55|    |    |    |    |  54|    |    |    |[17]|
 +----+----+----+----+----+----+----+----+----+----+----+----+----+----+----+----+----+----+----+----+----+----+----+----+----+----+----+----+----+----+----+----+----+----+----+----+----+----+----+----+----+----+----+----+----+----+----+----+----+----+----+----+----+----+----+----+----+----+----+----+----+----+----+----+----+----+
 |[18]|    |    |  55|    |  53|  63|  53|    |    |    |  55|  55|    |  51|  61|    |    |  51| ## |    |    |    |  51|  53|    |  58|  60|  58|    |    |    |  58|  55|  55|  51|  55|  58|  55|    |  60|    |    |    |    |  51|  58|    |  53|  51|    |  53|    |  61|  53|    |  53|  51|    |    |    |  60|  58|  53|    |[18]|
 +----+----+----+----+----+----+----+----+----+----+----+----+----+----+----+----+----+----+----+----+----+----+----+----+----+----+----+----+----+----+----+----+----+----+----+----+----+----+----+----+----+----+----+----+----+----+----+----+----+----+----+----+----+----+----+----+----+----+----+----+----+----+----+----+----+----+
 |[19]|    |    |    |    |    |  51|    |    |    |    |    |    |    |    |    |    |    |    |    | ## |    |    |    |    |    |    |  54|    |    |    |    |    |  59|    |    |    |    |    |    |    |    |    |    |    |    |  51|    |    |    |    |    |    |    |    |    |    |    |    |    |    |    |    |    |    |[19]|
 +----+----+----+----+----+----+----+----+----+----+----+----+----+----+----+----+----+----+----+----+----+----+----+----+----+----+----+----+----+----+----+----+----+----+----+----+----+----+----+----+----+----+----+----+----+----+----+----+----+----+----+----+----+----+----+----+----+----+----+----+----+----+----+----+----+----+
 |[20]|    |    |  50|    |  56|  50|    |    |    |    |  52|  53|    |    |    |    |    |    |    |    | ## |    |    |    |    |  50|  52|    |    |    |    |    |  53|    |    |    |  53|    |    |    |    |    |    |    |    |  53|    |  53|    |    |    |    |    |    |    |  53|    |    |    |  52|  53|    |  53|  50|[20]|
 +----+----+----+----+----+----+----+----+----+----+----+----+----+----+----+----+----+----+----+----+----+----+----+----+----+----+----+----+----+----+----+----+----+----+----+----+----+----+----+----+----+----+----+----+----+----+----+----+----+----+----+----+----+----+----+----+----+----+----+----+----+----+----+----+----+----+
 |[21]|    |    |  59|    |  63|  59|  50|    |    |    |  52|  56|    |  52|  61|  52|    |  56|  50|    |    | ## |  54|  56|  50|  56|  61|  54|    |    |    |  57|  61|    |  54|  54|  52|  54|    |  52|  52|    |    |  50|    |  61|    |  64|  50|  54|  54|    |  59|  56|  54|  54|    |  50|    |  50|  61|    |  61|  52|[21]|
 +----+----+----+----+----+----+----+----+----+----+----+----+----+----+----+----+----+----+----+----+----+----+----+----+----+----+----+----+----+----+----+----+----+----+----+----+----+----+----+----+----+----+----+----+----+----+----+----+----+----+----+----+----+----+----+----+----+----+----+----+----+----+----+----+----+----+
 |[22]|    |    |  55|    |  51|  55|  53|    |    |    |  56|  60|    |    |    |  56|    |    |  51|    |    |  51| ## |    |    |  56|  58|    |    |    |    |    |  58|    |    |    |  55|  53|    |  53|    |    |    |    |    |  58|    |  55|    |    |  51|    |  53|  58|    |  55|    |    |    |    |  55|    |  53|    |[22]|
 +----+----+----+----+----+----+----+----+----+----+----+----+----+----+----+----+----+----+----+----+----+----+----+----+----+----+----+----+----+----+----+----+----+----+----+----+----+----+----+----+----+----+----+----+----+----+----+----+----+----+----+----+----+----+----+----+----+----+----+----+----+----+----+----+----+----+
 |[23]|  52|  50|  63|    |  63|  68|  64|  52|    |  52|  57|  61|  50|  61|  59|  54|  50|  59|  56|    |  54|  56|  52| ## |    |  68|  66|  57|    |    |    |  50|  57|  52|    |  56|  57|  54|  52|  57|  52|    |    |  54|  54|  68|  52|  64|  57|  54|  56|    |  56|  61|    |  59|    |    |    |  54|  59|  54|  54|  56|[23]|
 +----+----+----+----+----+----+----+----+----+----+----+----+----+----+----+----+----+----+----+----+----+----+----+----+----+----+----+----+----+----+----+----+----+----+----+----+----+----+----+----+----+----+----+----+----+----+----+----+----+----+----+----+----+----+----+----+----+----+----+----+----+----+----+----+----+----+
 |[24]|    |    |    |    |    |  62|    |    |    |    |    |  51|  51|    |    |    |    |    |    |    |    |    |    |    | ## |  53|  54|    |    |    |    |    |    |    |    |    |    |    |    |    |    |    |    |    |    |    |    |    |    |    |    |    |    |    |    |    |    |    |    |    |    |    |    |    |[24]|
 +----+----+----+----+----+----+----+----+----+----+----+----+----+----+----+----+----+----+----+----+----+----+----+----+----+----+----+----+----+----+----+----+----+----+----+----+----+----+----+----+----+----+----+----+----+----+----+----+----+----+----+----+----+----+----+----+----+----+----+----+----+----+----+----+----+----+
 |[25]|    |    |  61|    |  66|  61|  61|    |    |    |  63|  58|  53|    |  60|  55|  50|  60|  55|    |  52|  50|  53|  61|  55| ## |  61|  60|    |    |    |  60|  60|    |  50|  58|  55|  58|  58|  58|  52|    |    |  53|    |  65|    |  60|    |  55|  55|  53|  61|  52|    |  61|    |  50|    |  53|  58|  53|  58|  53|[25]|
 +----+----+----+----+----+----+----+----+----+----+----+----+----+----+----+----+----+----+----+----+----+----+----+----+----+----+----+----+----+----+----+----+----+----+----+----+----+----+----+----+----+----+----+----+----+----+----+----+----+----+----+----+----+----+----+----+----+----+----+----+----+----+----+----+----+----+
 |[26]|    |    |  60|    |  54|  67|  54|    |    |    |  60|  64|    |  56|  57|  52|  50|    |    |    |    |    |    |  52|    |  53| ## |  53|    |    |    |  53|  58|    |    |  50|  50|  53|    |    |    |    |    |    |    |  58|    |  58|    |    |  50|    |  54|  58|  50|  50|    |  50|    |    |  60|    |  52|  56|[26]|
 +----+----+----+----+----+----+----+----+----+----+----+----+----+----+----+----+----+----+----+----+----+----+----+----+----+----+----+----+----+----+----+----+----+----+----+----+----+----+----+----+----+----+----+----+----+----+----+----+----+----+----+----+----+----+----+----+----+----+----+----+----+----+----+----+----+----+
 |[27]|  52|    |  62|    |  67|  59|  55|    |    |  52|  69|  59|    |  52|  55|  55|  50|  55|  59|  50|  50|  52|    |  55|    |  64|  66| ## |    |    |    |  57|  57|    |  64|  61|  61|  64|  52|  66|  52|    |    |    |  50|  66|    |  62|    |  55|  52|    |  69|  59|  50|  55|    |  54|  55|  54|  64|  54|  62|    |[27]|
 +----+----+----+----+----+----+----+----+----+----+----+----+----+----+----+----+----+----+----+----+----+----+----+----+----+----+----+----+----+----+----+----+----+----+----+----+----+----+----+----+----+----+----+----+----+----+----+----+----+----+----+----+----+----+----+----+----+----+----+----+----+----+----+----+----+----+
 |[28]|    |    |  52|    |  50|  57|    |    |    |    |    |  54|    |    |    |    |    |    |    |    |    |    |    |    |    |    |  55|    | ## |    |    |    |  50|    |    |    |  50|    |    |    |    |    |    |    |    |  50|    |  52|    |    |    |    |    |    |    |    |    |    |    |    |    |    |    |    |[28]|
 +----+----+----+----+----+----+----+----+----+----+----+----+----+----+----+----+----+----+----+----+----+----+----+----+----+----+----+----+----+----+----+----+----+----+----+----+----+----+----+----+----+----+----+----+----+----+----+----+----+----+----+----+----+----+----+----+----+----+----+----+----+----+----+----+----+----+
 |[29]|    |    |    |    |  56|    |    |    |    |    |  52|    |    |    |  50|    |    |    |    |    |    |    |    |    |    |    |  54|    |    | ## |    |    |  61|    |    |    |    |    |    |    |    |    |    |    |    |  56|    |  54|    |    |    |    |    |    |    |    |    |    |    |    |    |    |    |    |[29]|
 +----+----+----+----+----+----+----+----+----+----+----+----+----+----+----+----+----+----+----+----+----+----+----+----+----+----+----+----+----+----+----+----+----+----+----+----+----+----+----+----+----+----+----+----+----+----+----+----+----+----+----+----+----+----+----+----+----+----+----+----+----+----+----+----+----+----+
 |[30]|    |  50|  56|    |  58|  67|  64|    |    |    |  62|  58|    |  56|  52|    |    |  58|  56|    |    |  52|  52|  52|    |  52|  66|  54|    |    | ## |  52|  58|  54|    |  54|  58|  54|    |    |    |  52|  50|    |    |  62|    |    |    |  58|  60|    |  58|  50|    |  56|  52|  50|  50|    |  64|    |  50|    |[30]|
 +----+----+----+----+----+----+----+----+----+----+----+----+----+----+----+----+----+----+----+----+----+----+----+----+----+----+----+----+----+----+----+----+----+----+----+----+----+----+----+----+----+----+----+----+----+----+----+----+----+----+----+----+----+----+----+----+----+----+----+----+----+----+----+----+----+----+
 |[31]|    |    |    |    |  55|  52|  50|    |    |    |  58|  57|    |  52|  55|    |  50|  50|  55|    |    |  52|    |    |    |  60|  61|  53|    |    |    | ## |    |    |    |  53|  55|  53|    |  57|  52|    |    |    |    |  53|    |  52|    |    |  50|    |  58|  50|    |    |    |    |    |  50|  60|    |  53|    |[31]|
 +----+----+----+----+----+----+----+----+----+----+----+----+----+----+----+----+----+----+----+----+----+----+----+----+----+----+----+----+----+----+----+----+----+----+----+----+----+----+----+----+----+----+----+----+----+----+----+----+----+----+----+----+----+----+----+----+----+----+----+----+----+----+----+----+----+----+
 |[32]|    |    |  50|    |  57|  60|    |    |    |    |  57|  54|    |    |  53|  50|    |  52|    |  50|    |    |    |    |    |  52|  58|    |    |    |    |    | ## |    |    |    |  54|    |    |    |    |    |    |    |    |  58|  50|  60|    |    |  50|    |    |    |    |    |    |    |    |    |  53|    |  54|  53|[32]|
 +----+----+----+----+----+----+----+----+----+----+----+----+----+----+----+----+----+----+----+----+----+----+----+----+----+----+----+----+----+----+----+----+----+----+----+----+----+----+----+----+----+----+----+----+----+----+----+----+----+----+----+----+----+----+----+----+----+----+----+----+----+----+----+----+----+----+
 |[33]|    |    |    |    |    |    |    |    |    |    |    |    |    |    |    |    |    |    |    |    |    |    |    |    |    |    |    |    |    |    |    |    |    | ## |    |    |    |    |    |    |    |    |    |    |    |    |    |    |    |    |    |    |    |    |    |    |    |    |    |    |    |    |    |    |[33]|
 +----+----+----+----+----+----+----+----+----+----+----+----+----+----+----+----+----+----+----+----+----+----+----+----+----+----+----+----+----+----+----+----+----+----+----+----+----+----+----+----+----+----+----+----+----+----+----+----+----+----+----+----+----+----+----+----+----+----+----+----+----+----+----+----+----+----+
 |[34]|    |    |    |    |    |  51|    |    |    |    |  54|    |    |    |    |    |    |    |    |    |    |    |    |    |    |  51|  53|  61|    |    |    |    |    |    | ## |    |  53|  53|    |  51|    |    |    |    |    |  59|    |  53|    |    |  51|    |  56|    |    |    |    |    |    |    |  61|    |    |    |[34]|
 +----+----+----+----+----+----+----+----+----+----+----+----+----+----+----+----+----+----+----+----+----+----+----+----+----+----+----+----+----+----+----+----+----+----+----+----+----+----+----+----+----+----+----+----+----+----+----+----+----+----+----+----+----+----+----+----+----+----+----+----+----+----+----+----+----+----+
 |[35]|    |    |    |    |  56|  59|    |    |    |    |  53|    |    |    |    |    |    |  53|    |    |    |    |    |    |    |  56|  56|  54|    |    |    |  51|  54|    |    | ## |    |    |    |    |    |    |    |    |    |  53|    |  56|    |    |    |    |  57|    |    |    |    |    |    |    |  56|    |    |    |[35]|
 +----+----+----+----+----+----+----+----+----+----+----+----+----+----+----+----+----+----+----+----+----+----+----+----+----+----+----+----+----+----+----+----+----+----+----+----+----+----+----+----+----+----+----+----+----+----+----+----+----+----+----+----+----+----+----+----+----+----+----+----+----+----+----+----+----+----+
 |[36]|    |  58|  53|    |  65|  63|  63|  51|    |    |  65|  62|    |  56|  60|  51|  63|  55|  60|  51|  60|  51|  56|  56|    |  60|  63|  62|  51|    |  53|  60|  68|    |  56|  53| ## |  60|  53|  63|  53|    |    |    |    |  67|    |  62|  51|  60|  56|  51|  58|  63|  58|  62|    |    |    |    |  63|  56|  63|  56|[36]|
 +----+----+----+----+----+----+----+----+----+----+----+----+----+----+----+----+----+----+----+----+----+----+----+----+----+----+----+----+----+----+----+----+----+----+----+----+----+----+----+----+----+----+----+----+----+----+----+----+----+----+----+----+----+----+----+----+----+----+----+----+----+----+----+----+----+----+
 |[37]|    |    |  55|    |  57|  57|    |    |    |  52|  58|  55|    |    |  55|    |    |  55|  52|    |  50|    |  50|    |  50|  58|  61|  60|    |    |    |  53|  57|    |  52|    |  55| ## |  53|  52|  53|    |    |    |  50|  60|    |  57|    |    |  53|  50|  57|  50|    |  50|    |  57|    |    |  60|  53|  57|    |[37]|
 +----+----+----+----+----+----+----+----+----+----+----+----+----+----+----+----+----+----+----+----+----+----+----+----+----+----+----+----+----+----+----+----+----+----+----+----+----+----+----+----+----+----+----+----+----+----+----+----+----+----+----+----+----+----+----+----+----+----+----+----+----+----+----+----+----+----+
 |[38]|    |    |  62|    |  62|  57|  60|    |    |    |  60|  58|    |    |  55|    |    |  51|    |    |    |    |    |  53|  51|  66|  62|  55|    |    |    |    |  62|    |    |  55|  55|  60| ## |  51|  51|    |    |  51|    |  60|    |  62|    |  53|  57|    |  53|  55|    |  55|    |    |    |    |  55|  51|  51|  53|[38]|
 +----+----+----+----+----+----+----+----+----+----+----+----+----+----+----+----+----+----+----+----+----+----+----+----+----+----+----+----+----+----+----+----+----+----+----+----+----+----+----+----+----+----+----+----+----+----+----+----+----+----+----+----+----+----+----+----+----+----+----+----+----+----+----+----+----+----+
 |[39]|    |    |    |    |  50|    |    |    |    |    |    |    |    |    |    |    |    |  50|    |    |    |    |    |    |    |  50|    |  53|    |    |    |    |    |    |    |    |  50|    |    | ## |    |    |    |    |    |  50|    |    |    |    |    |    |  50|  50|    |  50|    |    |    |    |  53|    |    |    |[39]|
 +----+----+----+----+----+----+----+----+----+----+----+----+----+----+----+----+----+----+----+----+----+----+----+----+----+----+----+----+----+----+----+----+----+----+----+----+----+----+----+----+----+----+----+----+----+----+----+----+----+----+----+----+----+----+----+----+----+----+----+----+----+----+----+----+----+----+
 |[40]|    |    |  63|    |  64|  57|  56|    |    |    |  59|  64|    |  52|  57|    |    |  56|    |    |    |  52|    |  52|  56|  57|  59|  54|    |    |    |  57|  52|    |    |    |  54|  59|  50|  56| ## |    |    |    |  50|  63|  52|  57|  50|  50|  56|  52|  54|  54|    |  52|    |  50|    |    |  63|  50|  57|  50|[40]|
 +----+----+----+----+----+----+----+----+----+----+----+----+----+----+----+----+----+----+----+----+----+----+----+----+----+----+----+----+----+----+----+----+----+----+----+----+----+----+----+----+----+----+----+----+----+----+----+----+----+----+----+----+----+----+----+----+----+----+----+----+----+----+----+----+----+----+
 |[41]|    |    |    |    |    |  51|    |    |    |    |    |    |    |    |    |    |    |    |    |    |    |    |    |    |    |    |    |    |    |    |    |    |    |    |    |    |    |    |    |    |    | ## |    |    |    |    |    |    |    |    |    |    |    |    |    |    |    |    |    |    |    |    |    |    |[41]|
 +----+----+----+----+----+----+----+----+----+----+----+----+----+----+----+----+----+----+----+----+----+----+----+----+----+----+----+----+----+----+----+----+----+----+----+----+----+----+----+----+----+----+----+----+----+----+----+----+----+----+----+----+----+----+----+----+----+----+----+----+----+----+----+----+----+----+
 |[42]|  50|    |  56|    |  56|  60|  56|  54|    |    |  52|  60|    |  54|  56|    |    |  52|    |    |    |    |    |  52|    |  56|  64|    |    |    |  50|  50|  58|  50|    |  50|  54|  52|    |    |    |    | ## |  52|  52|  58|    |  64|    |  50|    |    |  56|  50|    |  50|    |    |    |    |  60|    |  52|  50|[42]|
 +----+----+----+----+----+----+----+----+----+----+----+----+----+----+----+----+----+----+----+----+----+----+----+----+----+----+----+----+----+----+----+----+----+----+----+----+----+----+----+----+----+----+----+----+----+----+----+----+----+----+----+----+----+----+----+----+----+----+----+----+----+----+----+----+----+----+
 |[43]|    |    |    |    |    |    |    |    |    |    |    |    |    |    |    |    |    |    |    |    |    |    |    |    |    |  50|    |    |    |    |    |    |    |    |    |    |    |    |    |    |    |    |    | ## |    |  55|    |  50|    |    |    |    |    |    |    |    |    |    |    |    |    |    |    |    |[43]|
 +----+----+----+----+----+----+----+----+----+----+----+----+----+----+----+----+----+----+----+----+----+----+----+----+----+----+----+----+----+----+----+----+----+----+----+----+----+----+----+----+----+----+----+----+----+----+----+----+----+----+----+----+----+----+----+----+----+----+----+----+----+----+----+----+----+----+
 |[44]|    |    |    |    |    |    |    |    |    |    |    |    |    |    |    |    |    |    |    |    |    |    |    |    |    |    |    |    |    |    |    |    |    |    |    |    |    |    |    |    |    |    |    |    | ## |    |    |    |    |    |    |    |    |    |    |    |    |    |    |    |    |    |    |    |[44]|
 +----+----+----+----+----+----+----+----+----+----+----+----+----+----+----+----+----+----+----+----+----+----+----+----+----+----+----+----+----+----+----+----+----+----+----+----+----+----+----+----+----+----+----+----+----+----+----+----+----+----+----+----+----+----+----+----+----+----+----+----+----+----+----+----+----+----+
 |[45]|    |    |  59|    |  64|  59|  52|    |    |  53|  62|  58|    |  59|  59|    |    |  55|  52|    |  52|  52|  52|  58|    |  61|  64|  58|    |    |    |  50|  64|    |  55|  52|  58|  56|  50|  55|  53|    |    |  55|    | ## |    |  58|    |  56|  59|  50|  53|  56|    |  55|  52|    |    |  53|  56|  50|  58|  53|[45]|
 +----+----+----+----+----+----+----+----+----+----+----+----+----+----+----+----+----+----+----+----+----+----+----+----+----+----+----+----+----+----+----+----+----+----+----+----+----+----+----+----+----+----+----+----+----+----+----+----+----+----+----+----+----+----+----+----+----+----+----+----+----+----+----+----+----+----+
 |[46]|    |    |    |    |    |    |    |    |    |    |    |    |    |    |    |    |    |    |    |    |    |    |    |    |    |    |    |    |    |    |    |    |    |    |    |    |    |    |    |    |    |    |    |    |    |    | ## |    |    |    |    |    |    |    |    |    |    |    |    |    |    |    |    |    |[46]|
 +----+----+----+----+----+----+----+----+----+----+----+----+----+----+----+----+----+----+----+----+----+----+----+----+----+----+----+----+----+----+----+----+----+----+----+----+----+----+----+----+----+----+----+----+----+----+----+----+----+----+----+----+----+----+----+----+----+----+----+----+----+----+----+----+----+----+
 |[47]|    |    |  52|    |  58|  60|    |    |    |    |    |  60|    |    |    |  52|    |  54|    |    |    |    |    |    |    |  51|  58|    |    |    |    |    |  59|    |    |    |    |    |    |    |    |    |    |    |    |  52|    | ## |    |    |    |    |  51|    |    |    |    |    |    |    |  51|    |  52|  56|[47]|
 +----+----+----+----+----+----+----+----+----+----+----+----+----+----+----+----+----+----+----+----+----+----+----+----+----+----+----+----+----+----+----+----+----+----+----+----+----+----+----+----+----+----+----+----+----+----+----+----+----+----+----+----+----+----+----+----+----+----+----+----+----+----+----+----+----+----+
 |[48]|  57|  52|  62|    |  62|  66|  62|    |  52|  52|  56|  62|    |  54|    |  52|    |  56|  62|    |  54|  57|  57|  66|  52|  56|  57|  57|    |    |    |  56|  57|  52|  52|  60|  60|  52|    |  52|  57|    |    |  52|  54|  62|    |  70| ## |  57|  52|  52|  62|  54|  56|  56|  52|    |    |    |  68|  54|  56|  57|[48]|
 +----+----+----+----+----+----+----+----+----+----+----+----+----+----+----+----+----+----+----+----+----+----+----+----+----+----+----+----+----+----+----+----+----+----+----+----+----+----+----+----+----+----+----+----+----+----+----+----+----+----+----+----+----+----+----+----+----+----+----+----+----+----+----+----+----+----+
 |[49]|    |    |  53|    |  50|  50|  53|    |    |    |  61|  50|    |    |    |    |    |    |    |    |    |    |    |    |    |  52|  52|    |    |    |    |    |    |    |    |    |  52|    |    |    |    |    |    |    |    |  56|    |  55|    | ## |    |    |    |    |    |  50|    |    |    |    |    |    |    |    |[49]|
 +----+----+----+----+----+----+----+----+----+----+----+----+----+----+----+----+----+----+----+----+----+----+----+----+----+----+----+----+----+----+----+----+----+----+----+----+----+----+----+----+----+----+----+----+----+----+----+----+----+----+----+----+----+----+----+----+----+----+----+----+----+----+----+----+----+----+
 |[50]|    |    |    |    |  56|  60|    |    |    |    |  54|  59|    |  53|    |    |    |  59|    |    |    |    |    |    |    |  54|  57|    |    |    |    |    |  57|    |    |    |  51|  53|    |  56|    |    |    |    |  54|  62|    |  57|    |    | ## |    |  56|  51|    |  57|    |    |    |    |  56|    |    |    |[50]|
 +----+----+----+----+----+----+----+----+----+----+----+----+----+----+----+----+----+----+----+----+----+----+----+----+----+----+----+----+----+----+----+----+----+----+----+----+----+----+----+----+----+----+----+----+----+----+----+----+----+----+----+----+----+----+----+----+----+----+----+----+----+----+----+----+----+----+
 |[51]|    |    |  52|    |  62|  52|  52|    |    |  52|  54|  64|    |  56|  54|    |    |  54|  54|    |  50|  52|  52|  54|  52|  66|  58|  52|  50|    |    |  58|  54|  50|    |    |  58|  62|  54|  58|  58|  50|    |    |    |  66|    |  50|  50|    |  50| ## |  50|  54|  52|  58|    |  52|    |    |  56|    |  62|  58|[51]|
 +----+----+----+----+----+----+----+----+----+----+----+----+----+----+----+----+----+----+----+----+----+----+----+----+----+----+----+----+----+----+----+----+----+----+----+----+----+----+----+----+----+----+----+----+----+----+----+----+----+----+----+----+----+----+----+----+----+----+----+----+----+----+----+----+----+----+
 |[52]|    |    |  51|    |  52|  52|  51|    |    |    |  57|  54|    |  51|  60|    |    |  54|  52|    |    |    |    |    |    |  55|  57|  58|    |    |    |  52|    |    |    |  54|    |  51|    |  52|    |    |    |    |    |  51|    |  54|    |    |  51|    | ## |    |    |  52|    |    |    |    |  58|    |  57|    |[52]|
 +----+----+----+----+----+----+----+----+----+----+----+----+----+----+----+----+----+----+----+----+----+----+----+----+----+----+----+----+----+----+----+----+----+----+----+----+----+----+----+----+----+----+----+----+----+----+----+----+----+----+----+----+----+----+----+----+----+----+----+----+----+----+----+----+----+----+
 |[53]|    |    |    |  53|  54|  64|  56|    |    |    |  51|  64|    |  53|  53|  56|    |  51|  51|    |    |  51|  56|  56|  51|  53|  69|  56|    |    |    |  51|  56|    |    |  53|  59|  51|    |  59|    |    |    |    |    |  61|  53|  58|    |    |  53|    |  51| ## |    |    |    |    |    |    |  61|    |    |  53|[53]|
 +----+----+----+----+----+----+----+----+----+----+----+----+----+----+----+----+----+----+----+----+----+----+----+----+----+----+----+----+----+----+----+----+----+----+----+----+----+----+----+----+----+----+----+----+----+----+----+----+----+----+----+----+----+----+----+----+----+----+----+----+----+----+----+----+----+----+
 |[54]|  53|  53|  71|    |  65|  61|  57|    |    |    |  57|  69|    |  57|  57|  57|  51|  65|  55|    |  57|  59|  57|  53|  63|  57|  71|  57|  53|    |    |  55|  65|    |  55|  53|  65|  55|  53|  53|  53|    |    |    |    |  59|    |  63|  53|    |  57|  51|  59|  59| ## |  59|    |  57|    |  53|  59|  53|  63|  59|[54]|
 +----+----+----+----+----+----+----+----+----+----+----+----+----+----+----+----+----+----+----+----+----+----+----+----+----+----+----+----+----+----+----+----+----+----+----+----+----+----+----+----+----+----+----+----+----+----+----+----+----+----+----+----+----+----+----+----+----+----+----+----+----+----+----+----+----+----+
 |[55]|    |    |  54|    |  54|  61|  56|    |    |    |  59|  62|    |  53|  53|  51|    |  61|  51|    |  56|    |  53|  54|  53|  62|  59|  53|    |    |    |    |  58|    |    |    |  58|  51|    |  59|    |    |    |    |    |  59|    |  54|    |  54|  59|    |  59|    |    | ## |    |  53|    |  51|  61|    |  53|    |[55]|
 +----+----+----+----+----+----+----+----+----+----+----+----+----+----+----+----+----+----+----+----+----+----+----+----+----+----+----+----+----+----+----+----+----+----+----+----+----+----+----+----+----+----+----+----+----+----+----+----+----+----+----+----+----+----+----+----+----+----+----+----+----+----+----+----+----+----+
 |[56]|    |    |    |    |  54|  61|  54|    |    |    |  50|    |  50|    |    |    |    |  54|  52|    |    |    |    |    |    |    |  52|    |    |    |    |    |    |    |    |    |    |    |    |    |    |    |    |    |    |  59|    |  57|    |  52|  52|    |    |    |    |    | ## |    |    |  50|  52|    |    |    |[56]|
 +----+----+----+----+----+----+----+----+----+----+----+----+----+----+----+----+----+----+----+----+----+----+----+----+----+----+----+----+----+----+----+----+----+----+----+----+----+----+----+----+----+----+----+----+----+----+----+----+----+----+----+----+----+----+----+----+----+----+----+----+----+----+----+----+----+----+
 |[57]|    |    |    |    |    |    |    |    |    |    |    |    |    |    |    |    |    |    |    |    |    |    |    |    |    |    |    |    |    |    |    |    |    |    |    |    |    |    |    |    |    |    |    |    |    |    |    |    |    |    |    |    |    |    |    |    |    | ## |    |    |    |    |    |    |[57]|
 +----+----+----+----+----+----+----+----+----+----+----+----+----+----+----+----+----+----+----+----+----+----+----+----+----+----+----+----+----+----+----+----+----+----+----+----+----+----+----+----+----+----+----+----+----+----+----+----+----+----+----+----+----+----+----+----+----+----+----+----+----+----+----+----+----+----+
 |[58]|    |    |    |    |    |  57|    |    |    |    |  50|  50|    |    |    |    |    |    |    |    |    |    |    |    |    |    |  57|  52|    |    |    |    |    |    |    |    |    |    |    |    |    |    |    |    |    |    |    |    |    |    |    |    |  50|    |    |    |    |    | ## |    |    |    |    |    |[58]|
 +----+----+----+----+----+----+----+----+----+----+----+----+----+----+----+----+----+----+----+----+----+----+----+----+----+----+----+----+----+----+----+----+----+----+----+----+----+----+----+----+----+----+----+----+----+----+----+----+----+----+----+----+----+----+----+----+----+----+----+----+----+----+----+----+----+----+
 |[59]|    |    |    |    |    |    |    |    |    |    |    |    |    |    |    |    |    |    |    |    |    |    |    |    |    |    |  50|    |    |    |    |    |    |    |    |    |    |    |    |    |    |    |    |    |    |  52|    |    |    |    |    |    |    |    |    |    |    |    |    | ## |    |    |  50|    |[59]|
 +----+----+----+----+----+----+----+----+----+----+----+----+----+----+----+----+----+----+----+----+----+----+----+----+----+----+----+----+----+----+----+----+----+----+----+----+----+----+----+----+----+----+----+----+----+----+----+----+----+----+----+----+----+----+----+----+----+----+----+----+----+----+----+----+----+----+
 |[60]|    |    |  55|    |  57|  64|  55|    |    |    |  57|  61|    |    |  52|    |    |  54|  52|    |  51|  51|    |    |    |  54|  64|  55|    |    |    |  55|  57|    |  55|  54|  54|  55|    |  57|  52|    |    |    |    |  55|    |  55|    |    |  52|    |  60|  55|    |  55|    |  51|    |    | ## |    |  51|  52|[60]|
 +----+----+----+----+----+----+----+----+----+----+----+----+----+----+----+----+----+----+----+----+----+----+----+----+----+----+----+----+----+----+----+----+----+----+----+----+----+----+----+----+----+----+----+----+----+----+----+----+----+----+----+----+----+----+----+----+----+----+----+----+----+----+----+----+----+----+
 |[61]|    |    |  57|    |  60|  69|    |    |    |    |  62|  51|    |  55|  57|  51|  57|  57|  62|    |    |    |  53|  55|  51|  60|  58|  57|    |    |    |  53|  58|    |  53|  53|  58|  60|  51|  57|  51|    |    |    |    |  60|    |  57|    |  53|  55|    |  58|    |    |  53|  51|    |    |    |  58| ## |  58|  53|[61]|
 +----+----+----+----+----+----+----+----+----+----+----+----+----+----+----+----+----+----+----+----+----+----+----+----+----+----+----+----+----+----+----+----+----+----+----+----+----+----+----+----+----+----+----+----+----+----+----+----+----+----+----+----+----+----+----+----+----+----+----+----+----+----+----+----+----+----+
 |[62]|    |    |  53|    |  62|  50|    |    |    |    |  53|  55|    |    |  56|    |    |    |    |    |  50|  50|    |    |    |  53|  55|  53|    |    |    |    |  57|    |    |    |  53|  52|    |  50|    |    |    |    |    |  56|    |  56|    |    |    |    |  57|    |    |    |    |    |    |  50|  50|    | ## |  50|[62]|
 +----+----+----+----+----+----+----+----+----+----+----+----+----+----+----+----+----+----+----+----+----+----+----+----+----+----+----+----+----+----+----+----+----+----+----+----+----+----+----+----+----+----+----+----+----+----+----+----+----+----+----+----+----+----+----+----+----+----+----+----+----+----+----+----+----+----+
 |[63]|    |    |    |    |    |  62|    |    |    |    |    |  51|    |    |    |    |    |    |    |    |    |    |    |    |    |    |  58|    |    |    |    |    |  55|    |    |    |    |    |    |    |    |    |    |    |    |  51|    |  60|    |    |    |    |    |    |    |    |    |    |    |    |  51|    |    | ## |[63]|
 +----+----+----+----+----+----+----+----+----+----+----+----+----+----+----+----+----+----+----+----+----+----+----+----+----+----+----+----+----+----+----+----+----+----+----+----+----+----+----+----+----+----+----+----+----+----+----+----+----+----+----+----+----+----+----+----+----+----+----+----+----+----+----+----+----+----+
 | ## |[ 0]|[ 1]|[ 2]|[ 3]|[ 4]|[ 5]|[ 6]|[ 7]|[ 8]|[ 9]|[10]|[11]|[12]|[13]|[14]|[15]|[16]|[17]|[18]|[19]|[20]|[21]|[22]|[23]|[24]|[25]|[26]|[27]|[28]|[29]|[30]|[31]|[32]|[33]|[34]|[35]|[36]|[37]|[38]|[39]|[40]|[41]|[42]|[43]|[44]|[45]|[46]|[47]|[48]|[49]|[50]|[51]|[52]|[53]|[54]|[55]|[56]|[57]|[58]|[59]|[60]|[61]|[62]|[63]| ## |
 +----+----+----+----+----+----+----+----+----+----+----+----+----+----+----+----+----+----+----+----+----+----+----+----+----+----+----+----+----+----+----+----+----+----+----+----+----+----+----+----+----+----+----+----+----+----+----+----+----+----+----+----+----+----+----+----+----+----+----+----+----+----+----+----+----+----+
 | ## |[ 6]|[ 8]|[37]|[ 1]|[46]|[52]|[34]|[ 4]|[ 1]|[11]|[46]|[48]|[ 6]|[26]|[36]|[19]|[10]|[38]|[26]|[ 5]|[17]|[17]|[18]|[26]|[16]|[46]|[56]|[34]|[ 4]|[ 1]|[ 5]|[28]|[45]|[ 8]|[14]|[25]|[36]|[33]|[14]|[31]|[19]|[ 4]|[ 3]|[ 8]|[11]|[54]|[ 4]|[49]|[11]|[21]|[31]|[10]|[44]|[28]|[11]|[33]|[10]|[16]|[ 3]|[14]|[46]|[16]|[35]|[27]| ## |
 +----+----+----+----+----+----+----+----+----+----+----+----+----+----+----+----+----+----+----+----+----+----+----+----+----+----+----+----+----+----+----+----+----+----+----+----+----+----+----+----+----+----+----+----+----+----+----+----+----+----+----+----+----+----+----+----+----+----+----+----+----+----+----+----+----+----+






