

 Use image  :  mandrill.bmp




  Relationship between basis and replaceable basis


  Number of basis used : 0, 1 


  [basis number] : Number of substitutable basis for basis number 


 *Total on the right : Number of replacements (Be done)

  Total below : Number of replacements (To do)


  Of the amount of improvement  : 0 ~ 50.000000

----------------------------------------------------------------------------------

 +----+----+----+----+----+----+----+----+----+----+----+----+----+----+----+----+----+----+----+----+----+----+----+----+----+----+----+----+----+----+----+----+----+----+----+----+----+----+----+----+----+----+----+----+----+----+----+----+----+----+----+----+----+----+----+----+----+----+----+----+----+----+----+----+----+----+
 | ## |[ 0]|[ 1]|[ 2]|[ 3]|[ 4]|[ 5]|[ 6]|[ 7]|[ 8]|[ 9]|[10]|[11]|[12]|[13]|[14]|[15]|[16]|[17]|[18]|[19]|[20]|[21]|[22]|[23]|[24]|[25]|[26]|[27]|[28]|[29]|[30]|[31]|[32]|[33]|[34]|[35]|[36]|[37]|[38]|[39]|[40]|[41]|[42]|[43]|[44]|[45]|[46]|[47]|[48]|[49]|[50]|[51]|[52]|[53]|[54]|[55]|[56]|[57]|[58]|[59]|[60]|[61]|[62]|[63]| ## |                                                                                    
 +----+----+----+----+----+----+----+----+----+----+----+----+----+----+----+----+----+----+----+----+----+----+----+----+----+----+----+----+----+----+----+----+----+----+----+----+----+----+----+----+----+----+----+----+----+----+----+----+----+----+----+----+----+----+----+----+----+----+----+----+----+----+----+----+----+----+
 |[ 0]| ## |  50|  60|    |  56|  59|  56|  57|  57|  53|  60|  60|  57|  55|  57|  54|  56|  58|  56|  51|  56|  58|  59|  54|  55|  61|  61|  61|  52|  51|  60|  59|  61|    |  52|  61|  55|  55|  53|  55|  63|    |  53|  54|  53|  60|    |  59|  55|  55|  51|  57|  62|  55|  62|  55|  56|  54|  53|  55|  64|  59|  58|  58|[ 0]|
 +----+----+----+----+----+----+----+----+----+----+----+----+----+----+----+----+----+----+----+----+----+----+----+----+----+----+----+----+----+----+----+----+----+----+----+----+----+----+----+----+----+----+----+----+----+----+----+----+----+----+----+----+----+----+----+----+----+----+----+----+----+----+----+----+----+----+
 |[ 1]|  54| ## |    |    |  60|  59|  56|  55|    |  53|  57|  56|  57|  52|  57|  60|  58|  56|    |    |  56|  54|  60|  54|  52|  61|  61|  61|  50|    |  56|  57|  62|  53|  54|  61|  56|  56|  51|  57|  62|  52|  53|    |  53|  58|    |  64|  55|  57|    |  52|  60|  60|  59|  58|  59|  53|  55|  50|  59|  56|  60|  62|[ 1]|
 +----+----+----+----+----+----+----+----+----+----+----+----+----+----+----+----+----+----+----+----+----+----+----+----+----+----+----+----+----+----+----+----+----+----+----+----+----+----+----+----+----+----+----+----+----+----+----+----+----+----+----+----+----+----+----+----+----+----+----+----+----+----+----+----+----+----+
 |[ 2]|  60|    | ## |    |  60|  60|  59|  59|  59|  54|  64|  62|  60|  54|  61|  58|  55|  56|  52|  53|  55|  61|  61|  56|  56|  62|  63|  58|  54|  54|  59|  58|  60|  58|  55|  61|  57|  57|  53|  56|  67|  52|  51|  56|  57|  56|    |  64|  56|  55|  55|  51|  56|  57|  64|  58|  57|  57|  56|  56|  64|  62|  62|  56|[ 2]|
 +----+----+----+----+----+----+----+----+----+----+----+----+----+----+----+----+----+----+----+----+----+----+----+----+----+----+----+----+----+----+----+----+----+----+----+----+----+----+----+----+----+----+----+----+----+----+----+----+----+----+----+----+----+----+----+----+----+----+----+----+----+----+----+----+----+----+
 |[ 3]|    |    |    | ## |  53|  58|  53|  55|  54|    |  55|  55|  54|  52|  53|  55|  50|  56|  54|    |  53|  50|  54|  54|  53|  56|  60|  54|    |  50|  56|  54|  55|  52|  53|  61|  53|  54|  51|  55|  59|    |    |  53|  52|  50|  52|  56|    |  51|    |  50|  54|  55|  57|  54|  54|  54|  53|  54|  60|  53|  55|  54|[ 3]|
 +----+----+----+----+----+----+----+----+----+----+----+----+----+----+----+----+----+----+----+----+----+----+----+----+----+----+----+----+----+----+----+----+----+----+----+----+----+----+----+----+----+----+----+----+----+----+----+----+----+----+----+----+----+----+----+----+----+----+----+----+----+----+----+----+----+----+
 |[ 4]|  53|  53|  56|  50| ## |  61|  54|  55|  56|  57|  58|  60|  61|  54|  61|  58|  55|  56|  55|  51|  56|  58|  58|  56|  57|  61|  61|  61|  53|  51|  60|  58|  64|  54|  54|  62|  58|  56|  53|  56|  67|    |  53|  54|  53|  64|  52|  63|  55|  52|  54|  56|  65|  56|  64|  56|  56|  54|  56|  51|  63|  61|  61|  57|[ 4]|
 +----+----+----+----+----+----+----+----+----+----+----+----+----+----+----+----+----+----+----+----+----+----+----+----+----+----+----+----+----+----+----+----+----+----+----+----+----+----+----+----+----+----+----+----+----+----+----+----+----+----+----+----+----+----+----+----+----+----+----+----+----+----+----+----+----+----+
 |[ 5]|  51|    |  52|    |  55| ## |  52|  55|  53|  52|  57|  54|  58|  53|  55|  56|  52|  54|  50|  53|  53|  55|  55|  53|  55|  58|  63|  57|  53|    |  57|  58|  57|  50|  52|  59|  52|  52|    |  54|  61|  51|    |  55|  57|  55|    |  60|  51|  53|  53|  52|  58|  57|  58|  57|  57|  52|  57|  50|  60|  56|  54|  56|[ 5]|
 +----+----+----+----+----+----+----+----+----+----+----+----+----+----+----+----+----+----+----+----+----+----+----+----+----+----+----+----+----+----+----+----+----+----+----+----+----+----+----+----+----+----+----+----+----+----+----+----+----+----+----+----+----+----+----+----+----+----+----+----+----+----+----+----+----+----+
 |[ 6]|  55|  50|  57|  51|  56|  59| ## |  56|  56|  50|  58|  60|  60|  57|  62|  64|  59|  58|  56|  52|  57|  53|  61|  59|  53|  60|  64|  59|  53|  51|  59|  59|  56|  55|  56|  60|  58|  56|  50|  56|  65|  50|  53|  56|  51|  55|    |  62|  53|  56|  50|  54|  57|  60|  60|  60|  59|  51|  56|  52|  64|  56|  59|  56|[ 6]|
 +----+----+----+----+----+----+----+----+----+----+----+----+----+----+----+----+----+----+----+----+----+----+----+----+----+----+----+----+----+----+----+----+----+----+----+----+----+----+----+----+----+----+----+----+----+----+----+----+----+----+----+----+----+----+----+----+----+----+----+----+----+----+----+----+----+----+
 |[ 7]|  51|    |  52|    |  52|  58|  52| ## |  51|  50|  58|  56|  54|  54|  55|  54|  52|  52|  52|  51|  52|  54|  54|  54|  54|  57|  59|  54|  53|    |  50|  57|  56|  50|  52|  57|  54|  53|    |  53|  63|  51|  50|  50|  54|  52|    |  58|  51|  52|  50|    |  54|  54|  57|  55|  52|  52|  55|  52|  59|  54|  57|  52|[ 7]|
 +----+----+----+----+----+----+----+----+----+----+----+----+----+----+----+----+----+----+----+----+----+----+----+----+----+----+----+----+----+----+----+----+----+----+----+----+----+----+----+----+----+----+----+----+----+----+----+----+----+----+----+----+----+----+----+----+----+----+----+----+----+----+----+----+----+----+
 |[ 8]|  54|    |  57|  51|  57|  59|  55|  55| ## |  50|  57|  58|  56|  55|  57|  55|  55|  53|  51|    |  56|  57|  56|  54|  55|  54|  61|  53|  52|  50|  57|  56|  55|  51|  56|  63|  59|  57|  52|  54|  64|  51|    |  54|  58|  57|    |  59|  54|  51|  52|  53|  61|  58|  59|  58|  58|  54|  57|    |  59|  55|  58|  53|[ 8]|
 +----+----+----+----+----+----+----+----+----+----+----+----+----+----+----+----+----+----+----+----+----+----+----+----+----+----+----+----+----+----+----+----+----+----+----+----+----+----+----+----+----+----+----+----+----+----+----+----+----+----+----+----+----+----+----+----+----+----+----+----+----+----+----+----+----+----+
 |[ 9]|  55|  52|  56|    |  63|  63|  54|  59|  55| ## |  61|  60|  60|  58|  60|  55|  56|  54|  55|  51|  53|  54|  61|  56|  60|  58|  63|  61|  53|  54|  57|  61|  60|  56|  54|  59|  53|  57|  53|  60|  64|    |  56|  57|  56|  60|  50|  61|  53|  55|  55|  55|  63|  55|  60|  59|  58|  54|  56|  56|  62|  59|  59|  56|[ 9]|
 +----+----+----+----+----+----+----+----+----+----+----+----+----+----+----+----+----+----+----+----+----+----+----+----+----+----+----+----+----+----+----+----+----+----+----+----+----+----+----+----+----+----+----+----+----+----+----+----+----+----+----+----+----+----+----+----+----+----+----+----+----+----+----+----+----+----+
 |[10]|  55|    |  58|  50|  56|  61|  55|  59|  55|  54| ## |  56|  55|  57|  63|  57|  58|  53|  56|  53|  52|  55|  56|  57|  57|  60|  65|  60|  51|  54|  55|  62|  58|  54|  54|  61|  55|  54|  54|  54|  63|  50|  51|  56|  55|  55|    |  61|  54|  58|  52|    |  60|  59|  60|  58|  53|  53|  54|  51|  62|  60|  58|  56|[10]|
 +----+----+----+----+----+----+----+----+----+----+----+----+----+----+----+----+----+----+----+----+----+----+----+----+----+----+----+----+----+----+----+----+----+----+----+----+----+----+----+----+----+----+----+----+----+----+----+----+----+----+----+----+----+----+----+----+----+----+----+----+----+----+----+----+----+----+
 |[11]|  54|    |  55|    |  57|  57|  56|  57|  54|  51|  54| ## |  56|  53|  59|  57|  51|  50|  54|  50|  52|  52|  57|  53|  55|  54|  59|  57|  53|    |  55|  57|  58|    |  51|  58|  56|  54|  50|  52|  64|  51|    |  51|  55|  54|    |  59|    |  53|  52|  52|  56|  53|  60|  57|  54|  53|  52|  54|  60|  56|  56|  60|[11]|
 +----+----+----+----+----+----+----+----+----+----+----+----+----+----+----+----+----+----+----+----+----+----+----+----+----+----+----+----+----+----+----+----+----+----+----+----+----+----+----+----+----+----+----+----+----+----+----+----+----+----+----+----+----+----+----+----+----+----+----+----+----+----+----+----+----+----+
 |[12]|  52|    |  55|    |  60|  62|  57|  55|  54|  52|  55|  57| ## |  50|  58|  57|  51|  57|  51|    |  51|  53|  58|  54|  60|  61|  64|  58|  55|    |  57|  58|  58|  52|  54|  64|  52|  55|  53|  54|  63|    |    |  53|  55|  57|    |  62|  55|  55|  52|  55|  59|  54|  60|  58|  58|  50|  57|  53|  62|  58|  59|  57|[12]|
 +----+----+----+----+----+----+----+----+----+----+----+----+----+----+----+----+----+----+----+----+----+----+----+----+----+----+----+----+----+----+----+----+----+----+----+----+----+----+----+----+----+----+----+----+----+----+----+----+----+----+----+----+----+----+----+----+----+----+----+----+----+----+----+----+----+----+
 |[13]|  52|    |  50|    |  54|  58|  55|  56|  53|  52|  58|  56|  51| ## |  58|  56|  55|  51|  53|  56|  53|  53|  58|  57|  51|  53|  58|  53|  51|  50|  52|  58|  59|  51|  52|  59|  54|  53|    |  52|  63|    |  50|  57|  53|  56|    |  52|  51|  51|  51|  51|  56|  53|  60|  58|  55|  54|  53|  54|  61|  56|  56|  55|[13]|
 +----+----+----+----+----+----+----+----+----+----+----+----+----+----+----+----+----+----+----+----+----+----+----+----+----+----+----+----+----+----+----+----+----+----+----+----+----+----+----+----+----+----+----+----+----+----+----+----+----+----+----+----+----+----+----+----+----+----+----+----+----+----+----+----+----+----+
 |[14]|  50|    |  53|    |  57|  56|  56|  54|  52|  50|  61|  57|  55|  54| ## |  61|  53|  56|  55|  51|  52|  56|  57|  55|  52|  63|  61|  59|  53|  52|  54|  58|  59|  51|  56|  60|  56|  59|  52|  55|  63|    |    |  54|  57|  57|    |  60|  51|  55|    |  50|  58|  57|  60|  54|  57|  55|  55|  54|  59|  58|  63|  58|[14]|
 +----+----+----+----+----+----+----+----+----+----+----+----+----+----+----+----+----+----+----+----+----+----+----+----+----+----+----+----+----+----+----+----+----+----+----+----+----+----+----+----+----+----+----+----+----+----+----+----+----+----+----+----+----+----+----+----+----+----+----+----+----+----+----+----+----+----+
 |[15]|    |    |    |    |  51|  54|  54|  50|    |    |  52|  53|  51|  50|  57| ## |  52|  50|  51|  50|  50|  53|  54|    |    |  51|  56|  56|    |    |  53|  51|  55|  50|  51|  57|    |  52|    |  52|  59|    |    |    |    |  50|    |  57|  51|    |    |    |  51|  57|  57|  50|  51|    |  53|    |  57|  52|  52|  53|[15]|
 +----+----+----+----+----+----+----+----+----+----+----+----+----+----+----+----+----+----+----+----+----+----+----+----+----+----+----+----+----+----+----+----+----+----+----+----+----+----+----+----+----+----+----+----+----+----+----+----+----+----+----+----+----+----+----+----+----+----+----+----+----+----+----+----+----+----+
 |[16]|  51|    |    |    |  53|  55|  55|  53|  52|    |  58|  51|  50|  53|  55|  57| ## |  52|    |  52|  51|  53|  56|    |  52|  54|  55|  58|    |  50|  52|  56|  50|  51|    |  62|  52|  52|    |  57|  59|    |    |  53|    |  51|    |  60|    |  53|    |  52|  57|  52|  54|  50|  56|  52|  55|    |  57|  55|  55|  54|[16]|
 +----+----+----+----+----+----+----+----+----+----+----+----+----+----+----+----+----+----+----+----+----+----+----+----+----+----+----+----+----+----+----+----+----+----+----+----+----+----+----+----+----+----+----+----+----+----+----+----+----+----+----+----+----+----+----+----+----+----+----+----+----+----+----+----+----+----+
 |[17]|  56|    |  53|  53|  56|  61|  57|  56|  52|    |  55|  53|  59|  52|  61|  57|  55| ## |  51|    |  53|  57|  58|  54|  54|  61|  60|  58|  52|    |  58|  58|  57|  53|  53|  59|  57|  58|    |  56|  67|    |  50|  52|  52|  54|    |  61|  55|  55|  55|    |  57|  57|  61|  57|  58|  53|  57|  52|  63|  56|  58|  55|[17]|
 +----+----+----+----+----+----+----+----+----+----+----+----+----+----+----+----+----+----+----+----+----+----+----+----+----+----+----+----+----+----+----+----+----+----+----+----+----+----+----+----+----+----+----+----+----+----+----+----+----+----+----+----+----+----+----+----+----+----+----+----+----+----+----+----+----+----+
 |[18]|  54|    |  50|  52|  56|  57|  55|  57|  52|  51|  59|  58|  54|  55|  61|  59|  53|  52| ## |    |  54|  57|  58|  57|  55|  57|  58|  57|  53|    |  56|  57|  59|  54|  53|  61|  56|  53|  52|  59|  62|    |    |  51|  53|  56|    |  55|  54|  53|  52|  52|  60|  57|  58|  52|  58|    |  53|  51|  65|  60|  57|  53|[18]|
 +----+----+----+----+----+----+----+----+----+----+----+----+----+----+----+----+----+----+----+----+----+----+----+----+----+----+----+----+----+----+----+----+----+----+----+----+----+----+----+----+----+----+----+----+----+----+----+----+----+----+----+----+----+----+----+----+----+----+----+----+----+----+----+----+----+----+
 |[19]|    |    |    |    |    |  56|    |  52|    |    |  52|  50|    |  54|  53|  54|  52|    |    | ## |  51|  50|    |    |    |    |  56|  50|    |    |  52|  50|  58|    |    |  54|  50|    |    |  50|  54|    |    |  53|    |    |    |  55|    |    |    |    |  52|    |  57|    |  54|    |    |    |  58|    |  51|    |[19]|
 +----+----+----+----+----+----+----+----+----+----+----+----+----+----+----+----+----+----+----+----+----+----+----+----+----+----+----+----+----+----+----+----+----+----+----+----+----+----+----+----+----+----+----+----+----+----+----+----+----+----+----+----+----+----+----+----+----+----+----+----+----+----+----+----+----+----+
 |[20]|  52|    |  51|    |  56|  58|  55|  55|  55|    |  53|  55|  52|  53|  56|  57|  53|  52|  52|  53| ## |  53|  58|  56|  55|  56|  58|  54|  55|    |  52|  57|  62|    |  54|  57|  61|  55|    |  55|  60|    |  50|  51|    |  56|    |  60|  53|  54|    |  52|  57|  55|  60|  54|  55|  54|  56|  53|  63|  54|  58|  54|[20]|
 +----+----+----+----+----+----+----+----+----+----+----+----+----+----+----+----+----+----+----+----+----+----+----+----+----+----+----+----+----+----+----+----+----+----+----+----+----+----+----+----+----+----+----+----+----+----+----+----+----+----+----+----+----+----+----+----+----+----+----+----+----+----+----+----+----+----+
 |[21]|  54|    |  57|    |  58|  60|  51|  57|  55|    |  56|  54|  54|  53|  59|  59|  54|  56|  55|  52|  53| ## |  59|  51|  57|  61|  59|  56|  54|    |  54|  59|  62|  50|  53|  61|  54|  59|  50|  57|  66|    |  50|  54|  56|  55|    |  60|  54|  52|  54|  52|  59|  54|  59|  56|  57|  53|  54|    |  64|  53|  60|  57|[21]|
 +----+----+----+----+----+----+----+----+----+----+----+----+----+----+----+----+----+----+----+----+----+----+----+----+----+----+----+----+----+----+----+----+----+----+----+----+----+----+----+----+----+----+----+----+----+----+----+----+----+----+----+----+----+----+----+----+----+----+----+----+----+----+----+----+----+----+
 |[22]|  52|  50|  54|    |  54|  58|  56|  54|  52|  52|  55|  57|  56|  55|  58|  58|  55|  54|  54|    |  55|  56| ## |  55|  56|  58|  58|  58|  52|    |  56|  57|  61|  54|  54|  64|  54|  59|    |  60|  66|  51|    |  54|  53|  55|    |  59|  50|  51|  50|  50|  58|  56|  60|  54|  59|  54|  58|  52|  63|  59|  58|  54|[22]|
 +----+----+----+----+----+----+----+----+----+----+----+----+----+----+----+----+----+----+----+----+----+----+----+----+----+----+----+----+----+----+----+----+----+----+----+----+----+----+----+----+----+----+----+----+----+----+----+----+----+----+----+----+----+----+----+----+----+----+----+----+----+----+----+----+----+----+
 |[23]|  53|    |  54|  52|  58|  60|  60|  60|  55|  52|  61|  58|  58|  60|  62|  58|  53|  56|  58|  50|  59|  54|  60| ## |  56|  61|  63|  57|  56|    |  55|  60|  60|  54|  53|  64|  57|  59|    |  59|  64|  54|  53|  56|  57|  57|  52|  57|  57|  56|    |  53|  60|  60|  63|  60|  60|  54|  56|  58|  66|  63|  60|  56|[23]|
 +----+----+----+----+----+----+----+----+----+----+----+----+----+----+----+----+----+----+----+----+----+----+----+----+----+----+----+----+----+----+----+----+----+----+----+----+----+----+----+----+----+----+----+----+----+----+----+----+----+----+----+----+----+----+----+----+----+----+----+----+----+----+----+----+----+----+
 |[24]|  51|    |  51|    |  55|  59|  50|  55|  52|  52|  57|  56|  60|  50|  54|  53|  52|  52|  52|    |  54|  56|  57|  52| ## |  58|  58|  52|  54|    |  51|  57|  59|    |  50|  57|  52|  52|  52|  50|  67|    |    |  52|  53|  50|    |  60|    |  53|  51|  52|  57|  54|  60|  53|  54|  55|  53|  50|  59|  54|  56|  52|[24]|
 +----+----+----+----+----+----+----+----+----+----+----+----+----+----+----+----+----+----+----+----+----+----+----+----+----+----+----+----+----+----+----+----+----+----+----+----+----+----+----+----+----+----+----+----+----+----+----+----+----+----+----+----+----+----+----+----+----+----+----+----+----+----+----+----+----+----+
 |[25]|  57|  54|  58|  53|  61|  65|  58|  61|  54|  52|  62|  57|  63|  53|  68|  58|  57|  60|  56|  52|  57|  62|  61|  59|  60| ## |  62|  63|  57|  52|  59|  61|  63|  52|  57|  64|  57|  61|  56|  59|  69|  55|  55|  55|  57|  62|    |  65|  55|  58|  52|  57|  64|  59|  62|  60|  58|  56|  58|  54|  68|  64|  62|  60|[25]|
 +----+----+----+----+----+----+----+----+----+----+----+----+----+----+----+----+----+----+----+----+----+----+----+----+----+----+----+----+----+----+----+----+----+----+----+----+----+----+----+----+----+----+----+----+----+----+----+----+----+----+----+----+----+----+----+----+----+----+----+----+----+----+----+----+----+----+
 |[26]|  52|    |  53|  50|  55|  63|  56|  56|  54|  51|  60|  56|  59|  52|  60|  57|  52|  53|  51|  52|  53|  54|  55|  55|  53|  55| ## |  62|  50|  51|  58|  59|  58|  52|  54|  60|  50|  56|  50|  55|  61|  50|  50|  54|  56|  58|    |  60|  52|  56|  50|  52|  58|  55|  59|  55|  54|  56|  56|  53|  61|  55|  59|  60|[26]|
 +----+----+----+----+----+----+----+----+----+----+----+----+----+----+----+----+----+----+----+----+----+----+----+----+----+----+----+----+----+----+----+----+----+----+----+----+----+----+----+----+----+----+----+----+----+----+----+----+----+----+----+----+----+----+----+----+----+----+----+----+----+----+----+----+----+----+
 |[27]|  55|  52|  52|    |  59|  60|  55|  55|  50|  53|  60|  57|  57|  52|  60|  61|  57|  55|  54|  50|  52|  54|  58|  52|  51|  60|  66| ## |  54|    |  56|  59|  58|  53|  55|  60|  51|  57|  53|  60|  64|    |    |    |  56|  58|    |  63|  54|  55|  52|  53|  61|  56|  60|  57|  56|  53|  56|    |  60|  58|  60|  55|[27]|
 +----+----+----+----+----+----+----+----+----+----+----+----+----+----+----+----+----+----+----+----+----+----+----+----+----+----+----+----+----+----+----+----+----+----+----+----+----+----+----+----+----+----+----+----+----+----+----+----+----+----+----+----+----+----+----+----+----+----+----+----+----+----+----+----+----+----+
 |[28]|  50|    |  52|    |  54|  60|  53|  57|  52|    |  53|  57|  58|  53|  58|  56|    |  52|  52|    |  56|  55|  56|  55|  56|  58|  57|  58| ## |    |  55|  53|  56|  51|  54|  57|  57|  57|    |  56|  61|  54|    |  50|  53|  56|    |  58|  52|  54|  51|  53|  56|  53|  61|  55|  56|  52|  58|  51|  58|  58|  59|  57|[28]|
 +----+----+----+----+----+----+----+----+----+----+----+----+----+----+----+----+----+----+----+----+----+----+----+----+----+----+----+----+----+----+----+----+----+----+----+----+----+----+----+----+----+----+----+----+----+----+----+----+----+----+----+----+----+----+----+----+----+----+----+----+----+----+----+----+----+----+
 |[29]|  50|    |  53|    |  53|  56|  52|  52|  51|  51|  58|  54|    |  53|  59|  52|  54|    |    |    |  50|  51|  53|    |  52|  53|  59|  52|    | ## |  52|  58|  57|  52|    |  56|  51|    |    |  51|  55|    |    |    |  53|  52|    |  59|    |  52|    |    |  53|  51|  59|  51|  50|  54|  50|  50|  54|  51|  53|  53|[29]|
 +----+----+----+----+----+----+----+----+----+----+----+----+----+----+----+----+----+----+----+----+----+----+----+----+----+----+----+----+----+----+----+----+----+----+----+----+----+----+----+----+----+----+----+----+----+----+----+----+----+----+----+----+----+----+----+----+----+----+----+----+----+----+----+----+----+----+
 |[30]|  56|    |  55|  52|  59|  62|  57|  53|  56|  51|  56|  57|  58|  52|  58|  59|  54|  57|  54|  54|  52|  55|  59|  52|  52|  58|  63|  58|  54|    | ## |  56|  59|  56|  54|  58|  55|  58|  51|  58|  63|  52|  53|  53|  55|  58|    |  63|  52|  55|  54|  54|  60|  56|  63|  58|  59|  55|  57|  51|  63|  58|  56|  58|[30]|
 +----+----+----+----+----+----+----+----+----+----+----+----+----+----+----+----+----+----+----+----+----+----+----+----+----+----+----+----+----+----+----+----+----+----+----+----+----+----+----+----+----+----+----+----+----+----+----+----+----+----+----+----+----+----+----+----+----+----+----+----+----+----+----+----+----+----+
 |[31]|  51|    |  50|    |  54|  59|  53|  55|  51|  50|  59|  55|  55|  54|  58|  53|  54|  53|  52|    |  52|  55|  56|  53|  54|  56|  61|  57|    |  51|  52| ## |  54|  50|  52|  58|  54|  55|    |  54|  61|  50|  52|  51|  56|  50|  50|  59|  51|  53|    |    |  57|  55|  57|  53|  57|  52|  53|    |  57|  54|  55|  54|[31]|
 +----+----+----+----+----+----+----+----+----+----+----+----+----+----+----+----+----+----+----+----+----+----+----+----+----+----+----+----+----+----+----+----+----+----+----+----+----+----+----+----+----+----+----+----+----+----+----+----+----+----+----+----+----+----+----+----+----+----+----+----+----+----+----+----+----+----+
 |[32]|  52|    |  51|    |  57|  56|    |  54|    |    |  54|  56|  54|  54|  58|  56|    |  51|  52|  55|  56|  57|  58|  53|  55|  56|  58|  55|    |  50|  54|  53| ## |  53|  53|  61|  58|  56|  54|  54|  62|    |    |  54|  53|  59|  50|  59|  51|  55|  50|    |  54|  53|  58|  54|  56|  56|  53|  52|  61|  59|  58|  59|[32]|
 +----+----+----+----+----+----+----+----+----+----+----+----+----+----+----+----+----+----+----+----+----+----+----+----+----+----+----+----+----+----+----+----+----+----+----+----+----+----+----+----+----+----+----+----+----+----+----+----+----+----+----+----+----+----+----+----+----+----+----+----+----+----+----+----+----+----+
 |[33]|    |    |  54|    |  53|  54|  53|  52|    |  50|  55|  51|  53|  51|  54|  56|  53|  52|  52|  51|    |  51|  56|  51|  51|  51|  57|  55|  50|    |  56|  53|  58| ## |    |  58|  51|  53|    |  51|  57|    |    |  53|  53|  53|    |  56|  52|  51|    |  51|  54|  54|  57|  53|  56|    |    |    |  59|  54|  56|  53|[33]|
 +----+----+----+----+----+----+----+----+----+----+----+----+----+----+----+----+----+----+----+----+----+----+----+----+----+----+----+----+----+----+----+----+----+----+----+----+----+----+----+----+----+----+----+----+----+----+----+----+----+----+----+----+----+----+----+----+----+----+----+----+----+----+----+----+----+----+
 |[34]|    |    |  50|    |  53|  55|  53|  54|  53|    |  54|  52|  53|  51|  59|  56|  50|  51|  50|    |  52|  52|  56|    |  50|  55|  58|  55|  51|    |  53|  54|  56|    | ## |  59|  50|  52|    |  53|  57|    |    |    |  51|  54|    |  60|    |  51|    |    |  56|  53|  59|  54|  56|  50|  55|    |  60|  55|  55|  53|[34]|
 +----+----+----+----+----+----+----+----+----+----+----+----+----+----+----+----+----+----+----+----+----+----+----+----+----+----+----+----+----+----+----+----+----+----+----+----+----+----+----+----+----+----+----+----+----+----+----+----+----+----+----+----+----+----+----+----+----+----+----+----+----+----+----+----+----+----+
 |[35]|    |    |    |    |  52|  55|    |  51|  52|    |  53|  51|  55|  51|  55|  55|  55|    |  50|    |    |  52|  57|  52|    |  54|  56|  53|    |    |  50|  53|  57|    |  51| ## |  54|  52|    |  50|  58|    |    |  52|  52|  51|    |  57|  50|    |    |    |  56|  52|  54|    |  55|  53|  52|  50|  58|  55|  54|  51|[35]|
 +----+----+----+----+----+----+----+----+----+----+----+----+----+----+----+----+----+----+----+----+----+----+----+----+----+----+----+----+----+----+----+----+----+----+----+----+----+----+----+----+----+----+----+----+----+----+----+----+----+----+----+----+----+----+----+----+----+----+----+----+----+----+----+----+----+----+
 |[36]|  54|  51|  56|  51|  60|  60|  58|  60|  60|    |  59|  62|  56|  57|  62|  56|  56|  59|  56|  54|  63|  57|  60|  57|  56|  60|  58|  56|  58|  51|  58|  61|  66|  53|  53|  66| ## |  56|  52|  56|  64|  53|    |  56|  53|  61|  51|  64|  58|  62|  52|  53|  60|  62|  62|  59|  58|  54|  60|  58|  63|  59|  60|  59|[36]|
 +----+----+----+----+----+----+----+----+----+----+----+----+----+----+----+----+----+----+----+----+----+----+----+----+----+----+----+----+----+----+----+----+----+----+----+----+----+----+----+----+----+----+----+----+----+----+----+----+----+----+----+----+----+----+----+----+----+----+----+----+----+----+----+----+----+----+
 |[37]|  52|    |  53|    |  55|  57|  54|  56|  55|  51|  55|  56|  55|  53|  63|  58|  53|  57|  51|  51|  54|  59|  62|  56|  53|  60|  61|  59|  55|    |  57|  59|  61|  52|  53|  60|  53| ## |    |  61|  67|  51|  51|  51|  54|  57|    |  62|  54|  52|    |  52|  59|  55|  57|  56|  59|  57|  55|  54|  63|  58|  61|  57|[37]|
 +----+----+----+----+----+----+----+----+----+----+----+----+----+----+----+----+----+----+----+----+----+----+----+----+----+----+----+----+----+----+----+----+----+----+----+----+----+----+----+----+----+----+----+----+----+----+----+----+----+----+----+----+----+----+----+----+----+----+----+----+----+----+----+----+----+----+
 |[38]|  52|    |  52|  50|  55|  56|  51|  51|  53|    |  58|  55|  56|    |  58|  55|    |    |  53|  51|  51|  53|  54|    |  55|  58|  58|  58|    |    |  54|  50|  63|    |  51|  60|  52|  51| ## |  51|  62|    |    |  55|  54|  55|    |  55|  51|  52|    |  51|  56|  53|  57|  53|  54|  51|  55|    |  57|  56|  57|  52|[38]|
 +----+----+----+----+----+----+----+----+----+----+----+----+----+----+----+----+----+----+----+----+----+----+----+----+----+----+----+----+----+----+----+----+----+----+----+----+----+----+----+----+----+----+----+----+----+----+----+----+----+----+----+----+----+----+----+----+----+----+----+----+----+----+----+----+----+----+
 |[39]|    |    |    |    |  53|  56|  51|  53|  50|  50|  52|  52|  52|    |  56|  55|  56|  52|  54|    |  52|  55|  60|  53|    |  55|  58|  60|  52|    |  56|  56|  56|    |  51|  56|  51|  58|    | ## |  60|    |    |    |  53|  55|    |  60|  52|  54|  50|  50|  59|  57|  57|  55|  58|  54|  52|  50|  59|  53|  59|  54|[39]|
 +----+----+----+----+----+----+----+----+----+----+----+----+----+----+----+----+----+----+----+----+----+----+----+----+----+----+----+----+----+----+----+----+----+----+----+----+----+----+----+----+----+----+----+----+----+----+----+----+----+----+----+----+----+----+----+----+----+----+----+----+----+----+----+----+----+----+
 |[40]|  53|    |  56|  50|  60|  61|  56|  59|  56|  52|  58|  60|  58|  56|  61|  60|  55|  59|  54|  50|  54|  60|  62|  55|  61|  61|  61|  60|  53|    |  56|  59|  61|  52|  53|  62|  55|  61|  53|  57| ## |  51|    |  52|  58|  59|    |  65|  55|  55|  53|  54|  58|  59|  63|  55|  56|  57|  57|  52|  64|  58|  62|  58|[40]|
 +----+----+----+----+----+----+----+----+----+----+----+----+----+----+----+----+----+----+----+----+----+----+----+----+----+----+----+----+----+----+----+----+----+----+----+----+----+----+----+----+----+----+----+----+----+----+----+----+----+----+----+----+----+----+----+----+----+----+----+----+----+----+----+----+----+----+
 |[41]|    |    |  50|    |  51|  57|  50|  55|  51|    |  53|  55|  51|  51|  52|    |  51|    |    |  50|  51|    |  55|  53|  51|  56|  57|  50|  54|    |  54|  56|  54|    |    |  56|  52|  53|    |  52|  58| ## |    |    |  51|  50|    |  57|    |  54|    |    |  53|  52|  53|    |  56|  50|    |    |  57|  54|  51|  55|[41]|
 +----+----+----+----+----+----+----+----+----+----+----+----+----+----+----+----+----+----+----+----+----+----+----+----+----+----+----+----+----+----+----+----+----+----+----+----+----+----+----+----+----+----+----+----+----+----+----+----+----+----+----+----+----+----+----+----+----+----+----+----+----+----+----+----+----+----+
 |[42]|  54|  50|  51|    |  58|  56|  55|  58|  50|  54|  56|  53|  54|  54|  56|  54|  54|  54|  52|  52|  54|  54|  56|  55|  54|  59|  60|  56|  52|  51|  58|  60|  58|  51|  54|  59|  51|  56|    |  54|  59|    | ## |  54|  52|  54|    |  62|  53|  50|    |  52|  59|  53|  59|  52|  53|  50|  53|  53|  61|  56|  55|  53|[42]|
 +----+----+----+----+----+----+----+----+----+----+----+----+----+----+----+----+----+----+----+----+----+----+----+----+----+----+----+----+----+----+----+----+----+----+----+----+----+----+----+----+----+----+----+----+----+----+----+----+----+----+----+----+----+----+----+----+----+----+----+----+----+----+----+----+----+----+
 |[43]|    |    |  50|    |  52|  58|  52|  50|  50|    |  55|  51|  51|  55|  55|  52|  52|    |    |  52|    |  52|  55|  52|  51|  52|  57|    |    |    |  51|  52|  57|  51|    |  59|  51|    |  50|    |  55|    |    | ## |  52|  54|    |  53|  50|  51|    |    |  55|  50|  54|  50|  52|  52|    |  52|  54|  52|  56|  51|[43]|
 +----+----+----+----+----+----+----+----+----+----+----+----+----+----+----+----+----+----+----+----+----+----+----+----+----+----+----+----+----+----+----+----+----+----+----+----+----+----+----+----+----+----+----+----+----+----+----+----+----+----+----+----+----+----+----+----+----+----+----+----+----+----+----+----+----+----+
 |[44]|    |    |    |    |    |  57|    |  52|  52|    |  51|  53|  51|    |  56|  50|    |    |    |    |    |  51|  51|  50|    |  51|  56|  54|    |    |  50|  56|  53|    |    |  56|    |    |    |  51|  59|    |    |    | ## |  51|  50|  53|    |    |    |    |  57|    |  54|  53|  56|  52|  50|    |  57|  52|  50|    |[44]|
 +----+----+----+----+----+----+----+----+----+----+----+----+----+----+----+----+----+----+----+----+----+----+----+----+----+----+----+----+----+----+----+----+----+----+----+----+----+----+----+----+----+----+----+----+----+----+----+----+----+----+----+----+----+----+----+----+----+----+----+----+----+----+----+----+----+----+
 |[45]|  57|  52|  53|    |  64|  61|  54|  56|  57|  54|  58|  58|  60|  57|  63|  58|  53|  54|  55|  52|  57|  56|  59|  56|  52|  62|  65|  62|  55|  51|  59|  55|  66|  54|  57|  61|  60|  58|  53|  59|  67|    |  51|  57|  57| ## |    |  60|  56|  58|  55|  54|  61|  60|  63|  60|  59|  52|  59|  53|  63|  61|  59|  60|[45]|
 +----+----+----+----+----+----+----+----+----+----+----+----+----+----+----+----+----+----+----+----+----+----+----+----+----+----+----+----+----+----+----+----+----+----+----+----+----+----+----+----+----+----+----+----+----+----+----+----+----+----+----+----+----+----+----+----+----+----+----+----+----+----+----+----+----+----+
 |[46]|    |    |    |    |  50|  52|    |    |    |    |    |    |    |    |    |    |    |    |    |    |    |    |    |    |    |    |    |    |    |    |    |  52|  53|    |    |  54|    |    |    |    |  53|    |    |    |  53|    | ## |    |    |    |    |    |  51|  50|  52|    |  50|  50|    |    |  53|    |  52|    |[46]|
 +----+----+----+----+----+----+----+----+----+----+----+----+----+----+----+----+----+----+----+----+----+----+----+----+----+----+----+----+----+----+----+----+----+----+----+----+----+----+----+----+----+----+----+----+----+----+----+----+----+----+----+----+----+----+----+----+----+----+----+----+----+----+----+----+----+----+
 |[47]|  50|  51|  54|    |  56|  60|  55|  55|  52|    |  56|  56|  57|    |  58|  59|  56|  55|    |  52|  54|  55|  56|  50|  55|  58|  60|  60|  51|  51|  57|  58|  59|  50|  56|  61|  55|  57|    |  57|  66|  50|  52|  50|  52|  53|    | ## |  52|  55|    |    |  57|  55|  59|  55|  53|  54|  54|  51|  60|  55|  60|  56|[47]|
 +----+----+----+----+----+----+----+----+----+----+----+----+----+----+----+----+----+----+----+----+----+----+----+----+----+----+----+----+----+----+----+----+----+----+----+----+----+----+----+----+----+----+----+----+----+----+----+----+----+----+----+----+----+----+----+----+----+----+----+----+----+----+----+----+----+----+
 |[48]|  54|  51|  55|    |  58|  59|  54|  57|  56|  50|  58|  54|  59|  54|  58|  60|  53|  57|  56|    |  56|  58|  56|  58|  50|  57|  60|  59|  53|    |  55|  58|  60|  55|  53|  62|  59|  57|  51|  57|  64|    |  51|  56|  50|  58|    |  60| ## |  56|    |  53|  57|  57|  61|  56|  58|  54|  56|  53|  61|  57|  59|  57|[48]|
 +----+----+----+----+----+----+----+----+----+----+----+----+----+----+----+----+----+----+----+----+----+----+----+----+----+----+----+----+----+----+----+----+----+----+----+----+----+----+----+----+----+----+----+----+----+----+----+----+----+----+----+----+----+----+----+----+----+----+----+----+----+----+----+----+----+----+
 |[49]|  51|    |  51|    |  51|  58|  53|  54|    |    |  59|  54|  55|  51|  58|  54|  54|  54|  51|  50|  53|  52|  53|  52|  54|  56|  61|  56|  52|    |  54|  56|  60|  50|  51|  57|  58|  52|    |  56|  60|  52|    |  53|  52|  56|    |  60|  52| ## |    |    |  56|  56|  56|  54|  56|  52|  51|    |  61|  55|  56|  58|[49]|
 +----+----+----+----+----+----+----+----+----+----+----+----+----+----+----+----+----+----+----+----+----+----+----+----+----+----+----+----+----+----+----+----+----+----+----+----+----+----+----+----+----+----+----+----+----+----+----+----+----+----+----+----+----+----+----+----+----+----+----+----+----+----+----+----+----+----+
 |[50]|  51|    |  54|    |  57|  61|  51|  56|  53|  52|  56|  58|  56|  54|  55|  58|  52|  57|  53|  53|  50|  58|  56|    |  55|  54|  59|  57|  53|    |  57|  55|  58|    |  50|  56|  52|  50|    |  56|  63|    |    |    |  55|  57|    |  57|    |    | ## |  50|  59|  52|  56|  59|  55|  53|  56|    |  58|  58|  54|  59|[50]|
 +----+----+----+----+----+----+----+----+----+----+----+----+----+----+----+----+----+----+----+----+----+----+----+----+----+----+----+----+----+----+----+----+----+----+----+----+----+----+----+----+----+----+----+----+----+----+----+----+----+----+----+----+----+----+----+----+----+----+----+----+----+----+----+----+----+----+
 |[51]|  57|    |  50|  50|  60|  61|  55|  51|  55|  53|  53|  58|  59|  55|  57|  57|  57|    |  54|    |  55|  55|  57|  54|  56|  60|  61|  59|  55|    |  58|  57|  55|  55|  53|  58|  53|  56|  51|  56|  64|  50|  51|    |  55|  56|    |  57|  54|  51|  50| ## |  55|  52|  61|  59|  56|  52|  52|  50|  65|  57|  53|  57|[51]|
 +----+----+----+----+----+----+----+----+----+----+----+----+----+----+----+----+----+----+----+----+----+----+----+----+----+----+----+----+----+----+----+----+----+----+----+----+----+----+----+----+----+----+----+----+----+----+----+----+----+----+----+----+----+----+----+----+----+----+----+----+----+----+----+----+----+----+
 |[52]|  55|    |    |    |  60|  60|  51|  54|  56|  53|  58|  55|  57|  53|  58|  54|  55|  53|  55|  51|  54|  56|  57|  54|  55|  60|  60|  60|  51|    |  57|  58|  55|  51|  54|  62|  54|  55|  50|  58|  60|    |  51|  54|  58|  56|    |  59|  50|  53|  53|    | ## |  54|  59|  54|  56|  53|  55|  51|  60|  57|  57|  53|[52]|
 +----+----+----+----+----+----+----+----+----+----+----+----+----+----+----+----+----+----+----+----+----+----+----+----+----+----+----+----+----+----+----+----+----+----+----+----+----+----+----+----+----+----+----+----+----+----+----+----+----+----+----+----+----+----+----+----+----+----+----+----+----+----+----+----+----+----+
 |[53]|  51|  52|  53|  51|  55|  62|  57|  56|  56|    |  60|  55|  54|  53|  61|  63|  53|  55|  55|    |  55|  54|  58|  57|  54|  58|  60|  57|  51|    |  55|  58|  58|  54|  53|  60|  58|  55|  50|  60|  65|  50|    |  51|  53|  58|  51|  60|  53|  56|    |    |  57| ## |  61|  51|  58|  58|  54|  51|  60|  57|  56|  58|[53]|
 +----+----+----+----+----+----+----+----+----+----+----+----+----+----+----+----+----+----+----+----+----+----+----+----+----+----+----+----+----+----+----+----+----+----+----+----+----+----+----+----+----+----+----+----+----+----+----+----+----+----+----+----+----+----+----+----+----+----+----+----+----+----+----+----+----+----+
 |[54]|  56|    |  57|  50|  60|  61|  55|  57|  55|  51|  59|  60|  58|  58|  62|  62|  54|  58|  54|  56|  57|  56|  60|  58|  59|  58|  62|  60|  56|  54|  60|  58|  61|  55|  58|  61|  56|  55|  52|  57|  67|    |  52|  54|  57|  59|  51|  62|  55|  54|  51|  54|  60|  59| ## |  57|  56|  58|  57|  57|  62|  60|  59|  57|[54]|
 +----+----+----+----+----+----+----+----+----+----+----+----+----+----+----+----+----+----+----+----+----+----+----+----+----+----+----+----+----+----+----+----+----+----+----+----+----+----+----+----+----+----+----+----+----+----+----+----+----+----+----+----+----+----+----+----+----+----+----+----+----+----+----+----+----+----+
 |[55]|  51|    |  53|    |  55|  61|  57|  57|  55|  52|  59|  59|  58|  57|  57|  56|  51|  55|    |    |  53|  55|  56|  56|  53|  59|  59|  58|  52|    |  57|  56|  59|  53|  54|  55|  55|  55|  50|  57|  60|    |    |  52|  56|  58|    |  60|  52|  54|  55|  54|  57|  51|  58| ## |  54|  54|  56|    |  62|  56|  55|  54|[55]|
 +----+----+----+----+----+----+----+----+----+----+----+----+----+----+----+----+----+----+----+----+----+----+----+----+----+----+----+----+----+----+----+----+----+----+----+----+----+----+----+----+----+----+----+----+----+----+----+----+----+----+----+----+----+----+----+----+----+----+----+----+----+----+----+----+----+----+
 |[56]|    |    |    |    |  52|  58|  53|  51|  53|    |  50|  52|  55|  51|  57|  54|  54|  53|  52|  52|  51|  53|  57|  53|  51|  53|  55|  54|  51|    |  55|  57|  57|  52|  54|  60|  52|  55|    |  56|  58|  50|    |  50|  57|  54|    |  54|  51|  53|    |    |  55|  55|  55|  51| ## |  52|  52|    |  58|  58|  55|  52|[56]|
 +----+----+----+----+----+----+----+----+----+----+----+----+----+----+----+----+----+----+----+----+----+----+----+----+----+----+----+----+----+----+----+----+----+----+----+----+----+----+----+----+----+----+----+----+----+----+----+----+----+----+----+----+----+----+----+----+----+----+----+----+----+----+----+----+----+----+
 |[57]|    |    |  52|    |  52|  56|    |  53|  51|    |  53|  54|  50|  53|  58|  52|  52|  51|    |    |  52|  52|  55|  51|  55|  54|  61|  54|  50|  50|  54|  55|  60|    |  50|  61|  51|  56|    |  56|  62|    |    |  53|  55|  50|  50|  58|  50|  51|    |    |  55|  57|  60|  54|  55| ## |  52|    |  56|  55|  58|  53|[57]|
 +----+----+----+----+----+----+----+----+----+----+----+----+----+----+----+----+----+----+----+----+----+----+----+----+----+----+----+----+----+----+----+----+----+----+----+----+----+----+----+----+----+----+----+----+----+----+----+----+----+----+----+----+----+----+----+----+----+----+----+----+----+----+----+----+----+----+
 |[58]|    |    |  50|    |  53|  59|  52|  55|  53|    |  53|  51|  55|  51|  56|  57|  55|  53|    |    |  53|  52|  58|  51|  51|  55|  59|  56|  53|    |  55|  55|  56|    |  53|  58|  55|  53|    |  52|  61|    |    |    |  52|  55|    |  57|  51|    |  50|    |  56|  52|  57|  54|  54|  50| ## |    |  58|  54|  56|    |[58]|
 +----+----+----+----+----+----+----+----+----+----+----+----+----+----+----+----+----+----+----+----+----+----+----+----+----+----+----+----+----+----+----+----+----+----+----+----+----+----+----+----+----+----+----+----+----+----+----+----+----+----+----+----+----+----+----+----+----+----+----+----+----+----+----+----+----+----+
 |[59]|  53|    |  53|  52|  52|  56|  51|  56|    |  51|  53|  58|  55|  55|  59|  55|  52|  52|  50|  52|  54|    |  57|  57|  53|  55|  60|  53|  51|    |  52|  54|  59|  51|  52|  61|  57|  55|    |  55|  59|    |  50|  55|  52|  54|    |  58|  52|  51|    |    |  56|  52|  61|  50|  54|  51|  53| ## |  59|  55|  55|  52|[59]|
 +----+----+----+----+----+----+----+----+----+----+----+----+----+----+----+----+----+----+----+----+----+----+----+----+----+----+----+----+----+----+----+----+----+----+----+----+----+----+----+----+----+----+----+----+----+----+----+----+----+----+----+----+----+----+----+----+----+----+----+----+----+----+----+----+----+----+
 |[60]|  54|    |  54|  51|  56|  59|  56|  56|  52|  50|  57|  56|  57|  55|  57|  59|  54|  56|  57|  54|  57|  58|  60|  57|  55|  61|  61|  57|  51|    |  57|  55|  61|  53|  56|  62|  54|  57|    |  56|  64|  50|  51|  51|  56|  56|    |  60|  53|  56|  50|  55|  58|  55|  58|  57|  57|  51|  55|  52| ## |  58|  56|  53|[60]|
 +----+----+----+----+----+----+----+----+----+----+----+----+----+----+----+----+----+----+----+----+----+----+----+----+----+----+----+----+----+----+----+----+----+----+----+----+----+----+----+----+----+----+----+----+----+----+----+----+----+----+----+----+----+----+----+----+----+----+----+----+----+----+----+----+----+----+
 |[61]|  57|  50|  60|  50|  62|  63|  56|  58|  55|  54|  62|  60|  60|  57|  63|  60|  59|  56|  60|  53|  55|  54|  64|  62|  57|  65|  62|  62|  57|  50|  60|  59|  67|  56|  58|  66|  58|  60|  54|  57|  66|  54|  53|  56|  58|  62|    |  62|  55|  57|  57|  54|  62|  59|  64|  59|  64|  58|  58|  55|  66| ## |  58|  63|[61]|
 +----+----+----+----+----+----+----+----+----+----+----+----+----+----+----+----+----+----+----+----+----+----+----+----+----+----+----+----+----+----+----+----+----+----+----+----+----+----+----+----+----+----+----+----+----+----+----+----+----+----+----+----+----+----+----+----+----+----+----+----+----+----+----+----+----+----+
 |[62]|  52|  50|  56|    |  59|  57|  55|  57|  54|  51|  57|  56|  57|  54|  64|  56|  55|  54|  53|  51|  56|  58|  59|  55|  55|  59|  62|  60|  55|    |  54|  57|  62|  54|  54|  61|  56|  59|  52|  60|  67|    |    |  56|  53|  56|  51|  64|  54|  55|    |    |  59|  54|  59|  54|  57|  57|  56|  52|  60|  55| ## |  56|[62]|
 +----+----+----+----+----+----+----+----+----+----+----+----+----+----+----+----+----+----+----+----+----+----+----+----+----+----+----+----+----+----+----+----+----+----+----+----+----+----+----+----+----+----+----+----+----+----+----+----+----+----+----+----+----+----+----+----+----+----+----+----+----+----+----+----+----+----+
 |[63]|  52|  52|  50|    |  54|  58|  52|  53|  50|    |  55|  60|  56|  53|  59|  58|  53|  51|    |    |  52|  55|  54|  51|  51|  56|  63|  54|  53|    |  56|  56|  62|  50|  52|  57|  54|  54|    |  54|  61|  51|    |  51|  50|  56|    |  59|  52|  56|  53|  51|  54|  56|  57|  52|  54|  52|  50|    |  56|  59|  56| ## |[63]|
 +----+----+----+----+----+----+----+----+----+----+----+----+----+----+----+----+----+----+----+----+----+----+----+----+----+----+----+----+----+----+----+----+----+----+----+----+----+----+----+----+----+----+----+----+----+----+----+----+----+----+----+----+----+----+----+----+----+----+----+----+----+----+----+----+----+----+
 | ## |[ 0]|[ 1]|[ 2]|[ 3]|[ 4]|[ 5]|[ 6]|[ 7]|[ 8]|[ 9]|[10]|[11]|[12]|[13]|[14]|[15]|[16]|[17]|[18]|[19]|[20]|[21]|[22]|[23]|[24]|[25]|[26]|[27]|[28]|[29]|[30]|[31]|[32]|[33]|[34]|[35]|[36]|[37]|[38]|[39]|[40]|[41]|[42]|[43]|[44]|[45]|[46]|[47]|[48]|[49]|[50]|[51]|[52]|[53]|[54]|[55]|[56]|[57]|[58]|[59]|[60]|[61]|[62]|[63]| ## |
 +----+----+----+----+----+----+----+----+----+----+----+----+----+----+----+----+----+----+----+----+----+----+----+----+----+----+----+----+----+----+----+----+----+----+----+----+----+----+----+----+----+----+----+----+----+----+----+----+----+----+----+----+----+----+----+----+----+----+----+----+----+----+----+----+----+----+
 | ## |[49]|[16]|[52]|[19]|[61]|[63]|[57]|[62]|[55]|[39]|[62]|[62]|[60]|[58]|[62]|[61]|[58]|[54]|[50]|[40]|[58]|[60]|[61]|[55]|[57]|[61]|[62]|[61]|[51]|[22]|[62]|[63]|[63]|[48]|[55]|[63]|[60]|[58]|[32]|[61]|[63]|[26]|[27]|[51]|[59]|[61]|[12]|[62]|[52]|[56]|[35]|[40]|[63]|[61]|[63]|[59]|[63]|[59]|[58]|[43]|[63]|[61]|[63]|[59]| ## |
 +----+----+----+----+----+----+----+----+----+----+----+----+----+----+----+----+----+----+----+----+----+----+----+----+----+----+----+----+----+----+----+----+----+----+----+----+----+----+----+----+----+----+----+----+----+----+----+----+----+----+----+----+----+----+----+----+----+----+----+----+----+----+----+----+----+----+






