

 [80] ******************************************************

 [25 , 43, 55]  192129.397680 vs 188312.677906 >>  3816.719774  :  331.718750  (3)
[71]    128  [25, 43]
[135]    85  [25]
[200]    119  [25, 43, 55]
[71]    128  [43, 55]
[103]    84  [40]
[200]    115  [43, 55]
[71]    128  [20, 43, 55]
[104]    83  [20, 55]
[200]    115  [43, 55]
[21]    58  [0, 50]
[71]    128  [43, 50]
[161]    133  [0, 43, 50]
[71]    128  [43, 55]
[200]    115  [43, 55]
[283]    65  [43, 56]

 [70] ******************************************************

 [13 , 40, 44]  159044.609240 vs 155975.108198 >>  3069.501042  :  638.734375  (3)
[103]    178  [13, 40]
[128]    226  [40, 44]
[152]    234  [13, 40]
[21]    120  [0, 16]
[152]    242  [0, 13, 16]
[184]    244  [0, 13, 16]
[128]    230  [13, 25, 44]
[135]    140  [13, 25]
[152]    235  [13, 25]
[103]    178  [13, 40]
[152]    234  [13, 40]
[184]    167  [13, 16, 40]
[103]    179  [13, 25, 40]
[135]    145  [13, 25, 40]
[152]    244  [13, 25, 40]

 [60] ******************************************************

 [0 , 44, 50]  136158.699355 vs 133574.124826 >>  2584.574530  :  996.500000  (3)
[21]    204  [0, 50]
[128]    444  [0, 44, 50]
[161]    349  [0, 50]
[21]    206  [0, 16]
[128]    423  [0, 44]
[184]    353  [0, 16]
[21]    215  [0, 16, 50]
[161]    349  [0, 50]
[184]    393  [0, 16, 50]
[21]    197  [0]
[128]    451  [0, 10, 44]
[842]    293  [0, 10]
[103]    201  [40, 50]
[128]    473  [40, 44, 50]
[161]    257  [40, 50]

 [50] ******************************************************

 [10 , 44, 50]  118403.661005 vs 115768.494766 >>  2635.166239  :  1288.390625  (4)
[128]    580  [10, 44, 50]
[161]    312  [10, 50]
[639]    6  [44, 50]
[842]    395  [10, 50]
[21]    231  [0]
[128]    580  [0, 10, 44]
[842]    475  [0, 10]
[103]    259  [40, 44]
[128]    600  [10, 40, 44]
[842]    387  [10, 40]
[21]    240  [0, 16]
[128]    551  [0, 44]
[184]    455  [0, 16]
[21]    238  [0, 50]
[128]    572  [0, 44, 50]
[161]    412  [0, 50]
[639]    6  [44, 50]

 [40] ******************************************************

 [0 , 10, 44]  100180.338028 vs 97694.410787 >>  2485.927242  :  1436.812500  (3)
[21]    288  [0]
[128]    638  [0, 10, 44]
[842]    511  [0, 10]
[128]    638  [10, 44, 50]
[161]    306  [10, 50]
[639]    3  [44, 50]
[842]    431  [10, 50]
[21]    296  [0, 16]
[128]    609  [0, 44]
[184]    448  [0, 16]
[103]    264  [40, 44]
[128]    659  [10, 40, 44]
[842]    423  [10, 40]
[21]    295  [0, 50]
[128]    630  [0, 44, 50]
[161]    406  [0, 50]
[639]    3  [44, 50]

 [30] ******************************************************

 [0 , 10, 44]  80083.370882 vs 77909.800186 >>  2173.570695  :  1698.468750  (3)
[21]    283  [0]
[128]    873  [0, 10, 44]
[842]    542  [0, 10]
[128]    874  [10, 44, 50]
[161]    333  [10, 50]
[639]    1  [50]
[842]    462  [10, 50]
[21]    292  [0, 16]
[128]    845  [0, 44]
[184]    504  [0, 16]
[103]    293  [40, 44]
[128]    894  [10, 40, 44]
[842]    453  [10, 40]
[19]    370  [1, 44]
[128]    837  [1, 44]
[199]    427  [1, 54]