

 [80] ******************************************************

 [23 , 39, 45]  152718.430809 vs 150115.735046 >>  2602.695763  :  6.875000  (11)
[32]    1  [45]
[160]    1  [45]
[192]    0  [23]
[305]    0  [23]
[306]    1  [39]
[384]    0  [23, 45]
[385]    1  [23]
[401]    0  [45]
[402]    0  [45]
[416]    0  [45]
[577]    1  [39, 45]
[32]    1  [45]
[160]    1  [45]
[192]    0  [34]
[306]    1  [39]
[385]    1  [45]
[401]    0  [34, 39]
[402]    0  [45]
[416]    0  [45]
[577]    1  [39, 45]
[32]    1  [45]
[160]    1  [45]
[192]    0  [56]
[288]    0  [31]
[306]    0  [31]
[353]    0  [56]
[385]    1  [45]
[401]    0  [45]
[402]    0  [31]
[416]    1  [56]
[480]    0  [56]
[489]    0  [31, 56]
[577]    1  [31, 45]
[32]    1  [45]
[160]    1  [45]
[306]    0  [25]
[332]    1  [0, 25]
[385]    1  [45]
[401]    1  [0, 25]
[402]    0  [0]
[416]    0  [45]
[489]    1  [25, 45]
[577]    1  [0, 45]
[32]    1  [45]
[160]    1  [45]
[306]    1  [17]
[385]    1  [45]
[401]    0  [45]
[402]    0  [45]
[416]    0  [45]
[480]    1  [40]
[577]    1  [17, 40]

 [70] ******************************************************

 [24 , 37, 45]  131002.014504 vs 129051.436297 >>  1950.578208  :  11.640625  (9)
[274]    0  [24, 45]
[332]    0  [24]
[352]    0  [24]
[353]    0  [45]
[384]    1  [24]
[449]    3  [24]
[512]    2  [45]
[577]    1  [24]
[581]    4  [24, 37, 45]
[332]    0  [24]
[352]    0  [24]
[353]    0  [37]
[384]    1  [24]
[449]    3  [24]
[512]    2  [24]
[577]    1  [24]
[581]    4  [24, 28, 37]
[305]    0  [23]
[332]    0  [23]
[353]    1  [23]
[384]    1  [23]
[449]    2  [23]
[456]    2  [11, 23]
[512]    3  [22]
[577]    1  [11]
[274]    1  [20, 24]
[332]    0  [20]
[352]    0  [20]
[353]    1  [20]
[384]    1  [24]
[449]    3  [24]
[512]    2  [24]
[513]    1  [20, 56]
[577]    1  [24]
[274]    0  [18, 24]
[332]    0  [0]
[352]    0  [24]
[353]    1  [18]
[384]    1  [24]
[449]    3  [24]
[512]    2  [0]
[576]    2  [18, 24]
[577]    1  [0]

 [60] ******************************************************

 [1 , 11, 24]  116495.898057 vs 114973.620608 >>  1522.277449  :  26.062500  (9)
[267]    4  [24]
[274]    2  [24]
[357]    10  [1, 11]
[384]    2  [24]
[434]    1  [24]
[512]    1  [1]
[691]    3  [11]
[784]    0  [24]
[985]    3  [1, 11]
[267]    3  [46]
[274]    0  [40]
[384]    0  [46]
[434]    1  [40, 46]
[675]    10  [28, 40, 46]
[691]    2  [28]
[768]    8  [28, 46]
[784]    0  [46]
[985]    0  [46]
[188]    13  [34, 40, 45]
[267]    6  [34]
[274]    0  [34]
[384]    1  [45]
[434]    2  [40, 45]
[512]    2  [45]
[985]    0  [45]
[267]    3  [40]
[274]    0  [40]
[434]    0  [40]
[512]    2  [22]
[691]    2  [22]
[784]    0  [17]
[972]    19  [17, 22, 40]
[188]    8  [11, 40, 45]
[267]    3  [11]
[274]    0  [40]
[357]    4  [11]
[384]    1  [45]
[434]    2  [40, 45]
[512]    2  [45]
[691]    3  [11]
[985]    1  [11]

 [50] ******************************************************

 [7 , 32, 41]  102911.142500 vs 100883.826947 >>  2027.315552  :  45.812500  (3)
[274]    1  [32]
[289]    0  [41]
[837]    45  [7, 32, 41]
[274]    1  [12]
[736]    6  [15]
[737]    36  [12, 15, 30]
[274]    1  [40]
[331]    1  [17, 22]
[417]    2  [22]
[512]    0  [22]
[972]    34  [17, 22, 40]
[274]    1  [7]
[289]    0  [41]
[784]    0  [55]
[837]    34  [7, 41, 55]
[274]    1  [12]
[289]    0  [11]
[357]    11  [11, 30]
[389]    1  [11, 30]
[737]    22  [11, 12, 30]

 [40] ******************************************************

 [2 , 28, 41]  88822.025518 vs 86964.636535 >>  1857.388982  :  275.828125  (8)
[311]    50  [2, 28, 41]
[389]    3  [28, 41]
[514]    0  [28]
[581]    2  [28]
[690]    3  [28]
[707]    74  [2, 28, 41]
[736]    1  [41]
[740]    143  [2, 28, 41]
[796]    1  [28]
[276]    174  [41, 43, 55]
[359]    26  [41, 43, 55]
[389]    2  [41]
[519]    12  [43, 55]
[690]    3  [43]
[736]    8  [43]
[796]    0  [41]
[800]    5  [43, 55]
[837]    30  [41, 43, 55]
[276]    101  [14, 43, 55]
[359]    5  [43]
[389]    3  [14]
[519]    12  [43, 55]
[690]    3  [43]
[736]    8  [43]
[769]    40  [14, 43, 55]
[796]    1  [14]
[800]    31  [14, 43, 55]
[834]    30  [14, 43, 55]
[276]    176  [17, 43, 55]
[331]    1  [17]
[359]    19  [17, 43]
[514]    0  [17]
[519]    12  [43, 55]
[592]    2  [17]
[624]    1  [17]
[690]    3  [43]
[736]    8  [43]
[796]    0  [55]
[800]    5  [43, 55]
[389]    2  [41]
[471]    2  [57]
[514]    1  [50]
[690]    4  [50]
[736]    5  [57]
[771]    194  [41, 50, 57]
[796]    1  [57]
[837]    5  [41, 57]

 [30] ******************************************************

 [2 , 28, 41]  72878.288091 vs 71378.055218 >>  1500.232873  :  1319.578125  (26)
[93]    21  [2, 28]
[295]    18  [2, 28, 41]
[301]    5  [28]
[311]    9  [2, 28, 41]
[395]    9  [41]
[411]    3  [2]
[433]    2  [2]
[436]    12  [2, 28]
[456]    3  [41]
[588]    8  [41]
[613]    2  [28]
[640]    8  [41]
[673]    18  [2, 41]
[678]    104  [2, 41]
[707]    173  [2, 28, 41]
[710]    101  [2, 28, 41]
[740]    404  [2, 28, 41]
[753]    3  [41]
[764]    2  [41]
[771]    238  [2, 28, 41]
[796]    2  [28]
[800]    4  [28]
[805]    61  [2, 41]
[837]    103  [28, 41]
[932]    15  [2, 28]
[983]    2  [41]
[143]    1  [43]
[295]    18  [28, 41, 43]
[301]    5  [28]
[343]    5  [41, 43]
[359]    37  [28, 41, 43]
[391]    4  [28, 41, 43]
[395]    9  [41]
[411]    3  [41]
[421]    2  [43]
[433]    2  [41]
[436]    78  [28, 43]
[455]    60  [28, 43]
[456]    3  [41]
[475]    0  [43]
[487]    73  [28, 43]
[519]    15  [43]
[588]    8  [41]
[613]    2  [28]
[640]    8  [41]
[678]    24  [28, 41]
[710]    84  [28, 41]
[740]    289  [28, 41]
[753]    3  [41]
[764]    2  [41]
[770]    118  [43]
[771]    184  [28, 41, 43]
[796]    2  [28]
[800]    9  [43]
[801]    23  [28, 43]
[832]    25  [43]
[834]    33  [28, 43]
[835]    2  [43]
[837]    115  [28, 41, 43]
[864]    35  [28, 43]
[983]    2  [43]
[93]    19  [2, 43]
[143]    1  [43]
[246]    3  [2, 41, 43]
[295]    1  [2, 41, 43]
[301]    4  [41]
[343]    20  [2, 41, 43]
[359]    57  [2, 41, 43]
[391]    24  [2, 41, 43]
[395]    9  [41]
[411]    3  [2]
[421]    2  [43]
[433]    2  [2]
[456]    3  [41]
[475]    0  [43]
[487]    64  [2, 43]
[519]    26  [2, 43]
[588]    8  [41]
[640]    8  [41]
[673]    19  [2, 41, 43]
[678]    118  [2, 41, 43]
[710]    78  [41]
[740]    110  [2, 41]
[753]    3  [41]
[764]    2  [41]
[770]    120  [2, 43]
[771]    240  [2, 41, 43]
[796]    1  [41]
[800]    9  [43]
[801]    12  [43]
[805]    99  [2, 41, 43]
[832]    25  [43]
[834]    25  [43]
[835]    2  [43]
[837]    111  [41, 43]
[864]    33  [43]
[931]    0  [2, 41, 43]
[983]    2  [43]
[93]    12  [2]
[143]    1  [12]
[246]    3  [2, 12, 41]
[301]    4  [12]
[348]    0  [2, 12]
[395]    9  [41]
[411]    3  [2]
[421]    0  [12]
[433]    2  [2]
[456]    3  [12]
[475]    0  [12]
[588]    8  [41]
[640]    8  [41]
[673]    124  [2, 12, 41]
[674]    39  [2, 12, 41]
[678]    104  [2, 41]
[710]    81  [12, 41]
[740]    125  [2, 12, 41]
[753]    3  [41]
[764]    2  [41]
[771]    220  [2, 12, 41]
[772]    19  [2, 12, 41]
[773]    28  [2, 12, 41]
[796]    1  [41]
[805]    66  [2, 12, 41]
[837]    96  [41]
[931]    234  [2, 12, 41]
[983]    2  [12]
[143]    1  [12]
[295]    16  [28, 41]
[301]    5  [28]
[395]    9  [41]
[411]    3  [41]
[421]    0  [12]
[433]    2  [41]
[436]    39  [12, 28]
[456]    3  [12]
[475]    0  [12]
[588]    8  [41]
[613]    2  [28]
[640]    8  [41]
[673]    60  [12, 41]
[674]    34  [12, 28, 41]
[678]    24  [28, 41]
[710]    87  [12, 28, 41]
[740]    316  [12, 28, 41]
[753]    3  [41]
[764]    2  [41]
[771]    187  [12, 28, 41]
[773]    75  [12, 28, 41]
[796]    2  [28]
[800]    4  [28]
[837]    103  [28, 41]
[931]    181  [12, 41]
[932]    2  [12, 28]
[983]    2  [12]