

 [80] ******************************************************

 [99 , 99, 99]  152718.430809 vs 149461.962712 >>  3256.468097  :  0.000000  (0)

 [70] ******************************************************

 [7 , 17, 63]  131002.014504 vs 128761.099840 >>  2240.914664  :  13.609375  (1)
[581]    14  [7, 17, 63]

 [60] ******************************************************

 [5 , 12, 35]  116495.898057 vs 114794.598972 >>  1701.299085  :  45.390625  (2)
[972]    15  [5, 35]
[1001]    30  [5, 12, 35]

 [50] ******************************************************

 [8 , 35, 62]  102911.142500 vs 100722.925396 >>  2188.217104  :  171.468750  (4)
[942]    48  [8, 35, 62]
[944]    66  [8, 35, 62]
[972]    6  [35]
[978]    52  [35, 62]

 [40] ******************************************************

 [10 , 20, 62]  88822.025518 vs 86676.901302 >>  2145.124216  :  635.625000  (10)
[311]    64  [10, 20, 62]
[581]    1  [10]
[674]    28  [20]
[675]    3  [10, 62]
[707]    164  [10, 20, 62]
[737]    56  [20, 62]
[740]    202  [10, 20, 62]
[768]    0  [10]
[773]    23  [10, 20, 62]
[931]    93  [10, 20, 62]

 [30] ******************************************************

 [10 , 44, 62]  72878.288091 vs 71063.545153 >>  1814.742937  :  2152.078125  (23)
[93]    0  [10, 44]
[295]    19  [10, 44, 62]
[311]    22  [10, 44, 62]
[343]    176  [10, 44, 62]
[359]    71  [10, 44]
[455]    103  [10, 44, 62]
[487]    98  [10, 44, 62]
[673]    78  [10]
[675]    3  [10]
[678]    137  [10, 44]
[707]    193  [10, 44, 62]
[740]    441  [10, 62]
[770]    192  [44]
[773]    62  [10, 44]
[800]    19  [44]
[801]    73  [44, 62]
[805]    165  [10, 44, 62]
[832]    34  [10, 44]
[834]    26  [10, 44, 62]
[835]    64  [10, 44]
[864]    41  [44]
[897]    20  [44]
[899]    16  [10, 44]
[931]    119  [10]