 now Q is 10

basis_ent0 = 0.015039
 [19 , 32, 61]  0.015039 + 0.001850 >>  0.015792  :  6016.453125  (50)
 [19 , 29, 61]  0.015039 + 0.000942 <  0.015792  :  5740.062500  (46)
 [19 , 53, 61]  0.015039 + 0.001003 <  0.015792  :  5567.328125  (43)
 [19 , 39, 61]  0.015039 + 0.001374 <  0.015792  :  5414.062500  (43)
 [2 , 19, 61]  0.015039 + 0.001609 <  0.015792  :  5408.328125  (41)
 [19 , 61, 63]  0.015039 + 0.001056 <  0.015792  :  5406.234375  (40)
 [19 , 35, 61]  0.015039 + 0.002309 <  0.015792  :  5355.515625  (43)
 [19 , 55, 61]  0.015039 + 0.001440 <  0.015792  :  5331.406250  (43)
 [19 , 54, 61]  0.015039 + 0.001600 <  0.015792  :  5322.625000  (39)
 [8 , 19, 61]  0.015039 + 0.000929 <  0.015792  :  5320.890625  (38)

 [19 , 61, 99]  0.015039 + 0.002002 <  0.010528  :  4937.625000  (37)
 [19 , 32, 99]  0.015039 + 0.002412 <  0.010528  :  3575.625000  (35)
 [19 , 29, 99]  0.015039 + 0.001955 <  0.010528  :  3262.093750  (36)
 [19 , 53, 99]  0.015039 + 0.001549 <  0.010528  :  3181.343750  (28)
 [19 , 63, 99]  0.015039 + 0.001093 <  0.010528  :  3146.953125  (26)
 [2 , 19, 99]  0.015039 + 0.001580 <  0.010528  :  3119.921875  (25)
 [19 , 39, 99]  0.015039 + 0.001283 <  0.010528  :  3097.765625  (28)
 [19 , 55, 99]  0.015039 + 0.001214 <  0.010528  :  3077.296875  (30)
 [32 , 61, 99]  0.015039 + 0.001471 <  0.010528  :  3076.625000  (28)
 [19 , 35, 99]  0.015039 + 0.002338 <  0.010528  :  3030.531250  (28)

 [19 , 99, 99]  0.015039 + 0.001873 <  0.005264  :  2645.234375  (22)
 [61 , 99, 99]  0.015039 + 0.000901 <  0.005264  :  2187.468750  (15)
 [32 , 99, 99]  0.015039 + 0.001115 <  0.005264  :  695.000000  (13)
 [54 , 99, 99]  0.015039 + 0.000363 <  0.005264  :  335.703125  (3)
 [35 , 99, 99]  0.015039 + 0.000694 <  0.005264  :  326.437500  (6)
 [29 , 99, 99]  0.015039 + 0.000956 <  0.005264  :  313.140625  (13)
 [28 , 99, 99]  0.015039 + 0.000152 <  0.005264  :  251.390625  (2)
 [55 , 99, 99]  0.015039 + 0.000231 <  0.005264  :  217.906250  (7)
 [53 , 99, 99]  0.015039 + 0.000449 <  0.005264  :  193.062500  (6)
 [18 , 99, 99]  0.015039 + 0.000265 <  0.005264  :  165.171875  (3)
19, 32, 61