 [ 1 ] 0
 [ 1 ] 3
 [ 1 ] 6
 [ 1 ] 7
 [ 1 ] 8
 [ 1 ] 9
 [ 1 ] 10
 [ 1 ] 11
 [ 1 ] 12
 [ 1 ] 13
 [ 1 ] 14
 [ 1 ] 15
 [ 1 ] 17
 [ 1 ] 18
 [ 1 ] 19
 [ 3 ] 29
 [ 1 ] 32
 [ 1 ] 60
 [ 1 ] 66
 [ 2 ] 69
 [ 1 ] 95
 [ 1 ] 96
 [ 2 ] 97
 [ 3 ] 106
 [ 1 ] 128
 [ 1 ] 131
 [ 1 ] 160
 [ 1 ] 192
 [ 1 ] 224
 [ 1 ] 256
 [ 2 ] 257
 [ 3 ] 258
 [ 2 ] 260
 [ 1 ] 288
 [ 2 ] 293
 [ 1 ] 320
 [ 2 ] 326
 [ 1 ] 352
 [ 1 ] 356
 [ 2 ] 357
 [ 2 ] 384
 [ 2 ] 388
 [ 3 ] 389
 [ 2 ] 390
 [ 3 ] 391
 [ 6 ] 393
 [ 1 ] 406
 [ 3 ] 407
 [ 2 ] 421
 [ 2 ] 422
 [ 4 ] 423
 [ 4 ] 429
 [ 3 ] 435
 [ 2 ] 437
 [ 5 ] 438
 [ 3 ] 440
 [ 1 ] 445
 [ 3 ] 449
 [ 5 ] 450
 [ 4 ] 451
 [ 2 ] 456
 [ 3 ] 457
 [ 1 ] 458
 [ 1 ] 462
 [ 1 ] 463
 [ 2 ] 464
 [ 3 ] 465
 [ 1 ] 466
 [ 2 ] 467
 [ 3 ] 468
 [ 3 ] 469
 [ 5 ] 470
 [ 3 ] 473
 [ 4 ] 474
 [ 2 ] 476
 [ 5 ] 480
 [ 2 ] 484
 [ 4 ] 485
 [ 3 ] 487
 [ 4 ] 488
 [ 5 ] 489
 [ 2 ] 499
 [ 2 ] 500
 [ 1 ] 503
 [ 2 ] 504
 [ 1 ] 511
 [ 3 ] 513
 [ 2 ] 514
 [ 2 ] 518
 [ 2 ] 520
 [ 2 ] 524
 [ 2 ] 525
 [ 1 ] 526
 [ 1 ] 533
 [ 4 ] 544
 [ 3 ] 547
 [ 4 ] 549
 [ 2 ] 550
 [ 2 ] 551
 [ 3 ] 554
 [ 3 ] 555
 [ 4 ] 565
 [ 3 ] 576
 [ 2 ] 577
 [ 1 ] 578
 [ 3 ] 579
 [ 2 ] 582
 [ 4 ] 584
 [ 2 ] 587
 [ 2 ] 588
 [ 1 ] 589
 [ 2 ] 590
 [ 4 ] 591
 [ 4 ] 592
 [ 1 ] 597
 [ 5 ] 608
 [ 2 ] 609
 [ 2 ] 616
 [ 3 ] 617
 [ 2 ] 618
 [ 3 ] 622
 [ 4 ] 623
 [ 3 ] 625
 [ 3 ] 627
 [ 3 ] 628
 [ 2 ] 629
 [ 5 ] 630
 [ 1 ] 633
 [ 2 ] 640
 [ 1 ] 644
 [ 1 ] 645
 [ 2 ] 647
 [ 2 ] 648
 [ 2 ] 650
 [ 1 ] 656
 [ 3 ] 657
 [ 2 ] 658
 [ 2 ] 661
 [ 2 ] 662
 [ 1 ] 670
 [ 1 ] 672
 [ 1 ] 676
 [ 1 ] 677
 [ 3 ] 678
 [ 4 ] 683
 [ 3 ] 685
 [ 2 ] 688
 [ 3 ] 689
 [ 6 ] 690
 [ 3 ] 692
 [ 1 ] 693
 [ 1 ] 694
 [ 3 ] 695
 [ 1 ] 704
 [ 4 ] 709
 [ 1 ] 710
 [ 3 ] 711
 [ 2 ] 713
 [ 4 ] 714
 [ 1 ] 716
 [ 4 ] 719
 [ 5 ] 722
 [ 1 ] 736
 [ 4 ] 740
 [ 2 ] 741
 [ 2 ] 742
 [ 2 ] 745
 [ 5 ] 758
 [ 2 ] 760
 [ 1 ] 768
 [ 1 ] 779
 [ 1 ] 784
 [ 1 ] 785
 [ 2 ] 786
 [ 2 ] 787
 [ 3 ] 790
 [ 2 ] 791
 [ 3 ] 792
 [ 1 ] 794
 [ 1 ] 795
 [ 1 ] 800
 [ 2 ] 811
 [ 2 ] 818
 [ 4 ] 823
 [ 1 ] 828
 [ 1 ] 832
 [ 2 ] 843
 [ 4 ] 852
 [ 1 ] 864
 [ 1 ] 878
 [ 1 ] 879
 [ 4 ] 881
 [ 4 ] 885
 [ 2 ] 888
 [ 1 ] 891
 [ 1 ] 896
 [ 1 ] 909
 [ 2 ] 910
 [ 1 ] 911
 [ 1 ] 913
 [ 2 ] 917
 [ 1 ] 928
 [ 1 ] 944
 [ 1 ] 947
 [ 2 ] 957
 [ 1 ] 960
 [ 2 ] 982
 [ 1 ] 988
 [ 6 ] 989
 [ 1 ] 992
 [ 1 ] 1015
 [ 1 ] 1016
 [ 2 ] 1017
 [ 1 ] 1019
 [ 1 ] 1020