

 Use image  :  cameraman.bmp




  Relationship between basis and replaceable basis


  Number of basis used : 0, 1 


  [basis number] : Number of substitutable basis for basis number 


 *Total on the right : Number of replacements (Be done)

  Total below : Number of replacements (To do)


  Of the amount of improvement  : 0 ~ 10.000000

----------------------------------------------------------------------------------

 +----+----+----+----+----+----+----+----+----+----+----+----+----+----+----+----+----+----+----+----+----+----+----+----+----+----+----+----+----+----+----+----+----+----+----+----+----+----+----+----+----+----+----+----+----+----+----+----+----+----+----+----+----+----+----+----+----+----+----+----+----+----+----+----+----+----+----+----+
 | ## |[ 0]|[ 1]|[ 2]|[ 3]|[ 4]|[ 5]|[ 6]|[ 7]|[ 8]|[ 9]|[10]|[11]|[12]|[13]|[14]|[15]|[16]|[17]|[18]|[19]|[20]|[21]|[22]|[23]|[24]|[25]|[26]|[27]|[28]|[29]|[30]|[31]|[32]|[33]|[34]|[35]|[36]|[37]|[38]|[39]|[40]|[41]|[42]|[43]|[44]|[45]|[46]|[47]|[48]|[49]|[50]|[51]|[52]|[53]|[54]|[55]|[56]|[57]|[58]|[59]|[60]|[61]|[62]|[63]| ## | TTL| ## |                                                                                    
 +----+----+----+----+----+----+----+----+----+----+----+----+----+----+----+----+----+----+----+----+----+----+----+----+----+----+----+----+----+----+----+----+----+----+----+----+----+----+----+----+----+----+----+----+----+----+----+----+----+----+----+----+----+----+----+----+----+----+----+----+----+----+----+----+----+----+----+----+
 |[ 0]| ## |   7|   7|   4|   6|   5|  10|   5|   4|   7|   6|   3|   7|   5|   6|   8|   8|   6|   2|   7|   4|   5|   5|   8|   7|   3|   5|   5|   8|   2|   6|   5|   2|   5|   7|   5|   7|   1|   3|   5|   7|  10|   6|   6|   6|   5|   5|   7|   5|   5|   8|   8|   5|   5|   4|   5|   6|   7|   3|   8|   9|   6|   6|   7|[ 0]| 360|  21|
 +----+----+----+----+----+----+----+----+----+----+----+----+----+----+----+----+----+----+----+----+----+----+----+----+----+----+----+----+----+----+----+----+----+----+----+----+----+----+----+----+----+----+----+----+----+----+----+----+----+----+----+----+----+----+----+----+----+----+----+----+----+----+----+----+----+----+----+----+
 |[ 1]|   2| ## |   3|   3|   3|   2|   2|   2|    |   5|   1|   4|   4|   2|    |   4|   2|   1|   4|   4|   5|   1|   3|   3|   3|   4|   3|   4|   4|   1|   5|   2|   1|   4|   1|   3|   1|   2|   1|   3|   1|   3|   3|   1|   2|   3|   4|   2|   2|   4|   5|   4|   2|   2|   5|   3|   3|   1|   2|   5|   2|   2|   2|   4|[ 1]| 169|   9|
 +----+----+----+----+----+----+----+----+----+----+----+----+----+----+----+----+----+----+----+----+----+----+----+----+----+----+----+----+----+----+----+----+----+----+----+----+----+----+----+----+----+----+----+----+----+----+----+----+----+----+----+----+----+----+----+----+----+----+----+----+----+----+----+----+----+----+----+----+
 |[ 2]|   9|   9| ## |   4|   3|  10|  10|   7|  10|   8|   7|   5|   8|   4|   9|   4|   4|   5|   6|   9|  11|   7|   8|   9|  10|   5|   8|   4|   9|   8|   8|   8|   5|   8|   7|   8|   8|   9|   5|   8|   6|   7|   6|   5|   9|   7|   7|  10|   6|   9|   9|   5|   6|   6|   4|   8|   9|   9|   3|   6|   8|   6|   7|   9|[ 2]| 451|  18|
 +----+----+----+----+----+----+----+----+----+----+----+----+----+----+----+----+----+----+----+----+----+----+----+----+----+----+----+----+----+----+----+----+----+----+----+----+----+----+----+----+----+----+----+----+----+----+----+----+----+----+----+----+----+----+----+----+----+----+----+----+----+----+----+----+----+----+----+----+
 |[ 3]|   2|   2|    | ## |   2|   2|   1|    |   2|   1|   1|   2|    |   1|   1|   2|   3|   3|   2|   1|   1|   2|   2|   3|   1|    |    |   1|   1|   1|   3|   2|    |    |   1|   2|   2|   2|   1|   2|    |   2|   1|   1|   2|   3|   1|   3|   1|   1|   1|   3|   2|   2|   1|    |   3|   3|    |   2|   1|   2|   1|   1|[ 3]|  92|   4|
 +----+----+----+----+----+----+----+----+----+----+----+----+----+----+----+----+----+----+----+----+----+----+----+----+----+----+----+----+----+----+----+----+----+----+----+----+----+----+----+----+----+----+----+----+----+----+----+----+----+----+----+----+----+----+----+----+----+----+----+----+----+----+----+----+----+----+----+----+
 |[ 4]|   1|    |   1|   1| ## |    |    |   1|    |   1|   1|   2|   1|    |    |   1|   1|   1|   1|   1|   1|   1|   1|    |    |   1|    |    |   1|    |   2|    |   1|   1|    |    |   1|   1|   1|   1|   1|   1|   1|   1|    |    |    |   1|   1|    |    |    |   1|    |    |   1|   1|    |    |    |   1|    |    |   1|[ 4]|  38|   5|
 +----+----+----+----+----+----+----+----+----+----+----+----+----+----+----+----+----+----+----+----+----+----+----+----+----+----+----+----+----+----+----+----+----+----+----+----+----+----+----+----+----+----+----+----+----+----+----+----+----+----+----+----+----+----+----+----+----+----+----+----+----+----+----+----+----+----+----+----+
 |[ 5]|   1|   1|   2|   3|   2| ## |    |   2|   2|   1|   1|   2|   1|    |   1|   2|   1|    |   2|    |   2|    |    |    |   2|   1|   1|    |   1|   1|   1|   2|   1|   1|   1|   1|   2|   1|   1|   1|    |   1|   2|   1|   1|   2|   3|    |   2|   1|   1|   1|   3|   1|   1|   3|   2|   2|    |   2|   1|   3|   1|   2|[ 5]|  80|   9|
 +----+----+----+----+----+----+----+----+----+----+----+----+----+----+----+----+----+----+----+----+----+----+----+----+----+----+----+----+----+----+----+----+----+----+----+----+----+----+----+----+----+----+----+----+----+----+----+----+----+----+----+----+----+----+----+----+----+----+----+----+----+----+----+----+----+----+----+----+
 |[ 6]|  13|   8|   7|   9|  13|   9| ## |  13|  10|   8|  11|  11|  12|   9|  14|  11|  11|  11|   9|  10|  11|  10|  10|  10|   9|   8|   8|   9|  11|   9|  15|   9|   8|  10|   8|  11|   8|   5|  13|  11|   9|  15|  11|  10|   9|   7|  11|   6|  10|   9|   8|  10|   9|   5|   9|  11|  10|   6|   8|  14|  11|  11|  11|   9|[ 6]| 621|  33|
 +----+----+----+----+----+----+----+----+----+----+----+----+----+----+----+----+----+----+----+----+----+----+----+----+----+----+----+----+----+----+----+----+----+----+----+----+----+----+----+----+----+----+----+----+----+----+----+----+----+----+----+----+----+----+----+----+----+----+----+----+----+----+----+----+----+----+----+----+
 |[ 7]|   9|   7|   8|   5|   5|   5|   7| ## |   5|   7|   6|   7|   5|   5|   7|   8|   7|   4|   3|   6|   4|   5|   2|   6|   4|   7|   4|   7|   9|   5|   7|   6|   6|   5|   4|   7|   2|   7|   6|   9|   4|   6|  10|   3|   6|   5|   3|   6|   4|   5|   4|   6|   9|   8|   4|   2|   7|   8|   6|   5|   6|   4|   3|   8|[ 7]| 360|  26|
 +----+----+----+----+----+----+----+----+----+----+----+----+----+----+----+----+----+----+----+----+----+----+----+----+----+----+----+----+----+----+----+----+----+----+----+----+----+----+----+----+----+----+----+----+----+----+----+----+----+----+----+----+----+----+----+----+----+----+----+----+----+----+----+----+----+----+----+----+
 |[ 8]|   5|   7|   5|   9|  10|   6|  12|   8| ## |   6|   8|   8|   7|   9|   6|   9|  10|   7|   6|  10|   7|   8|   9|   8|   8|   7|   7|   7|  11|   7|   7|  10|   3|   8|   7|   6|   7|  10|   8|   8|   7|   7|  11|  11|   8|   8|   7|  10|   9|  11|  12|   9|   8|   7|   2|   8|   9|   7|   2|   9|  11|   8|   9|   7|[ 8]| 498|  35|
 +----+----+----+----+----+----+----+----+----+----+----+----+----+----+----+----+----+----+----+----+----+----+----+----+----+----+----+----+----+----+----+----+----+----+----+----+----+----+----+----+----+----+----+----+----+----+----+----+----+----+----+----+----+----+----+----+----+----+----+----+----+----+----+----+----+----+----+----+
 |[ 9]|   3|   5|   6|   5|   5|   3|   5|   6|   2| ## |   1|   4|   5|   4|   5|   4|   4|   4|   2|   6|   6|   4|   5|   5|   4|   3|   3|   5|   5|   5|   4|   5|   3|   5|   4|   2|   4|   6|   4|   2|   3|   4|   7|   8|   5|   4|   4|   4|   4|   5|   2|   6|   6|   4|   2|   7|   4|   5|   4|   2|   5|   3|   2|   7|[ 9]| 270|  12|
 +----+----+----+----+----+----+----+----+----+----+----+----+----+----+----+----+----+----+----+----+----+----+----+----+----+----+----+----+----+----+----+----+----+----+----+----+----+----+----+----+----+----+----+----+----+----+----+----+----+----+----+----+----+----+----+----+----+----+----+----+----+----+----+----+----+----+----+----+
 |[10]|   2|   2|   5|   2|   3|   3|   3|   2|   3|   1| ## |   5|   4|   3|   3|   3|   3|   1|   5|   1|   4|   5|   3|   2|   2|   4|   3|   3|   4|   3|   4|   4|   4|   4|   3|   4|   3|    |   2|   4|   5|   2|   4|   3|   5|   2|   3|   4|   5|   4|   4|   5|   1|   4|   3|   7|   2|   4|   4|   5|   3|   4|   3|   3|[10]| 208|  11|
 +----+----+----+----+----+----+----+----+----+----+----+----+----+----+----+----+----+----+----+----+----+----+----+----+----+----+----+----+----+----+----+----+----+----+----+----+----+----+----+----+----+----+----+----+----+----+----+----+----+----+----+----+----+----+----+----+----+----+----+----+----+----+----+----+----+----+----+----+
 |[11]|    |   1|   1|   1|   1|   1|    |   2|    |    |    | ## |   1|   1|   1|   1|   1|    |    |    |   1|    |    |    |    |   1|   1|    |    |    |   1|    |   1|    |    |   1|    |    |   1|   1|   1|    |   1|    |    |   1|   1|   1|    |    |    |    |   1|   1|   1|   1|    |   1|    |    |   2|    |    |    |[11]|  32|   5|
 +----+----+----+----+----+----+----+----+----+----+----+----+----+----+----+----+----+----+----+----+----+----+----+----+----+----+----+----+----+----+----+----+----+----+----+----+----+----+----+----+----+----+----+----+----+----+----+----+----+----+----+----+----+----+----+----+----+----+----+----+----+----+----+----+----+----+----+----+
 |[12]|    |    |    |    |    |    |    |    |    |    |    |    | ## |    |    |    |    |    |    |    |    |    |    |    |    |    |    |    |    |    |    |    |    |    |    |    |    |    |    |    |   2|    |    |   1|    |    |   1|   1|    |    |   1|    |    |    |   1|    |    |    |    |    |    |    |    |    |[12]|   7|   5|
 +----+----+----+----+----+----+----+----+----+----+----+----+----+----+----+----+----+----+----+----+----+----+----+----+----+----+----+----+----+----+----+----+----+----+----+----+----+----+----+----+----+----+----+----+----+----+----+----+----+----+----+----+----+----+----+----+----+----+----+----+----+----+----+----+----+----+----+----+
 |[13]|   1|    |    |   1|   1|    |    |   1|   1|   1|    |    |   1| ## |    |    |   1|   2|   1|   2|    |    |    |    |   1|   1|   1|    |    |   1|   2|   1|    |   1|    |   1|    |   1|   1|   1|   1|    |    |   1|   1|    |   1|   1|   1|   1|    |   1|   1|    |   2|   1|    |   1|    |   1|    |   1|   1|    |[13]|  41|   3|
 +----+----+----+----+----+----+----+----+----+----+----+----+----+----+----+----+----+----+----+----+----+----+----+----+----+----+----+----+----+----+----+----+----+----+----+----+----+----+----+----+----+----+----+----+----+----+----+----+----+----+----+----+----+----+----+----+----+----+----+----+----+----+----+----+----+----+----+----+
 |[14]|  12|  11|  10|   6|  11|  10|  14|   6|   9|  13|  10|  12|  14|  11| ## |  13|  11|   8|  11|  12|   9|  14|  10|  15|  12|   9|  11|   8|  11|  12|  11|  11|   9|  12|  11|  13|  13|  10|  11|   9|   6|  16|  13|  12|  10|  12|  14|  11|  12|  11|   7|  12|  12|  11|   9|  11|  12|   9|   9|  13|  12|  13|   8|  10|[14]| 690|  30|
 +----+----+----+----+----+----+----+----+----+----+----+----+----+----+----+----+----+----+----+----+----+----+----+----+----+----+----+----+----+----+----+----+----+----+----+----+----+----+----+----+----+----+----+----+----+----+----+----+----+----+----+----+----+----+----+----+----+----+----+----+----+----+----+----+----+----+----+----+
 |[15]|   2|   3|   1|    |   2|   4|   2|   1|   1|   2|   1|   2|    |   1|   1| ## |   4|   2|    |   2|   2|   2|    |   1|   1|   1|   2|   1|   2|   1|   2|   4|    |   3|   2|   1|   5|   2|   2|   3|   3|   1|   1|    |   1|   1|   3|   1|   3|   2|   3|   2|   5|   3|   3|   2|   1|   3|   1|   3|   3|   1|    |   1|[15]| 115|   6|
 +----+----+----+----+----+----+----+----+----+----+----+----+----+----+----+----+----+----+----+----+----+----+----+----+----+----+----+----+----+----+----+----+----+----+----+----+----+----+----+----+----+----+----+----+----+----+----+----+----+----+----+----+----+----+----+----+----+----+----+----+----+----+----+----+----+----+----+----+
 |[16]|   2|   1|   2|   2|   2|   2|   2|   2|   1|   2|   1|   2|   1|   1|   2|   1| ## |   2|   1|   2|   3|   1|   1|   1|   2|   2|   1|   2|   2|    |   2|   1|   1|   1|   2|   1|   3|   1|   2|   1|   2|   1|   2|   1|   1|   3|   1|   1|   3|   3|   2|   2|   2|   1|   2|   2|   3|   1|   3|   3|   2|   1|   1|   2|[16]| 106|   7|
 +----+----+----+----+----+----+----+----+----+----+----+----+----+----+----+----+----+----+----+----+----+----+----+----+----+----+----+----+----+----+----+----+----+----+----+----+----+----+----+----+----+----+----+----+----+----+----+----+----+----+----+----+----+----+----+----+----+----+----+----+----+----+----+----+----+----+----+----+
 |[17]|   5|   6|   5|   7|   5|   5|   4|   7|   3|   5|   5|   7|   6|   6|   5|   8|   8| ## |   5|   5|   5|   8|   6|   7|   4|   5|   5|   6|   7|   3|   4|   6|   7|   5|   8|   6|   6|   7|   6|   6|   5|   5|   7|   6|   6|   3|   5|   4|   5|   6|   4|   7|   6|   8|   5|   5|   7|   5|   5|   7|   7|   5|   8|   7|[17]| 362|  17|
 +----+----+----+----+----+----+----+----+----+----+----+----+----+----+----+----+----+----+----+----+----+----+----+----+----+----+----+----+----+----+----+----+----+----+----+----+----+----+----+----+----+----+----+----+----+----+----+----+----+----+----+----+----+----+----+----+----+----+----+----+----+----+----+----+----+----+----+----+
 |[18]|   6|   9|   9|   5|  10|   8|   6|   6|   8|  11|   7|   8|   7|   7|   8|   9|   5|   8| ## |  10|   9|   7|   9|   8|   6|   8|   8|   8|  11|   8|  12|   9|   8|  13|   9|   8|  10|  10|   8|   8|   7|   8|  10|   8|   5|   6|   7|   7|   6|   6|   7|   9|  10|   6|   4|   6|   5|   8|   7|   5|   9|   7|   6|   5|[18]| 488|  24|
 +----+----+----+----+----+----+----+----+----+----+----+----+----+----+----+----+----+----+----+----+----+----+----+----+----+----+----+----+----+----+----+----+----+----+----+----+----+----+----+----+----+----+----+----+----+----+----+----+----+----+----+----+----+----+----+----+----+----+----+----+----+----+----+----+----+----+----+----+
 |[19]|    |    |   1|   1|    |   1|    |   1|    |   1|    |    |    |    |   1|    |    |   1|    | ## |   1|   1|    |    |    |    |   1|   1|   1|   1|    |    |    |   1|    |   1|    |    |    |    |    |   1|   1|   1|   1|    |    |    |    |   1|    |    |    |   1|    |    |   1|    |   1|   1|    |   1|    |    |[19]|  25|   3|
 +----+----+----+----+----+----+----+----+----+----+----+----+----+----+----+----+----+----+----+----+----+----+----+----+----+----+----+----+----+----+----+----+----+----+----+----+----+----+----+----+----+----+----+----+----+----+----+----+----+----+----+----+----+----+----+----+----+----+----+----+----+----+----+----+----+----+----+----+
 |[20]|   1|   1|    |   5|   5|   6|   3|   1|   1|   4|   2|   3|   2|   5|   2|   2|   3|   1|   1|   1| ## |   3|   1|   2|   2|    |   2|   3|   2|    |   2|   5|   1|   3|   2|   4|   3|   3|   2|   5|   3|   3|   4|   2|   3|   4|   4|   2|   2|   1|   4|   3|   4|   2|   2|   2|   2|   1|   1|   2|   1|   3|   1|   5|[20]| 155|  12|
 +----+----+----+----+----+----+----+----+----+----+----+----+----+----+----+----+----+----+----+----+----+----+----+----+----+----+----+----+----+----+----+----+----+----+----+----+----+----+----+----+----+----+----+----+----+----+----+----+----+----+----+----+----+----+----+----+----+----+----+----+----+----+----+----+----+----+----+----+
 |[21]|   5|   8|   7|   5|   9|   5|   4|   8|   5|   6|   4|   7|   9|   5|   6|   6|   4|   4|   5|   9|   5| ## |   5|   7|   7|   3|   5|   7|   8|   6|   9|   7|   3|   7|   7|   9|   6|   7|   6|   9|   8|   7|   4|   6|   5|   8|   6|   6|   4|   6|  11|   5|   4|   7|   6|   6|   7|   6|   7|   7|   4|  10|   4|   6|[21]| 394|  18|
 +----+----+----+----+----+----+----+----+----+----+----+----+----+----+----+----+----+----+----+----+----+----+----+----+----+----+----+----+----+----+----+----+----+----+----+----+----+----+----+----+----+----+----+----+----+----+----+----+----+----+----+----+----+----+----+----+----+----+----+----+----+----+----+----+----+----+----+----+
 |[22]|   4|   6|   4|   2|   6|   4|   2|   2|   3|   5|   4|   3|   4|   4|   4|   2|   4|   3|   4|   6|   2|   1| ## |   5|   3|   3|   6|   2|   6|   4|   1|   4|   5|   6|   3|   5|   2|   5|   6|   1|   4|   5|   4|   4|   3|   5|   4|   3|   4|   2|   5|   4|   7|   6|   5|   4|   1|   7|   3|   4|   6|    |   1|   7|[22]| 244|  14|
 +----+----+----+----+----+----+----+----+----+----+----+----+----+----+----+----+----+----+----+----+----+----+----+----+----+----+----+----+----+----+----+----+----+----+----+----+----+----+----+----+----+----+----+----+----+----+----+----+----+----+----+----+----+----+----+----+----+----+----+----+----+----+----+----+----+----+----+----+
 |[23]|    |   2|    |    |   3|   2|   1|    |    |   2|   1|   2|   1|   1|    |    |    |    |    |   1|   1|   1|   1| ## |    |   1|   1|    |   1|    |   1|   1|    |   2|    |   1|   1|    |   1|   1|   1|   2|   1|    |   1|    |   1|   1|   1|   1|   2|   1|   1|    |    |   1|   1|   1|   1|   2|    |   1|   1|   1|[23]|  52|   4|
 +----+----+----+----+----+----+----+----+----+----+----+----+----+----+----+----+----+----+----+----+----+----+----+----+----+----+----+----+----+----+----+----+----+----+----+----+----+----+----+----+----+----+----+----+----+----+----+----+----+----+----+----+----+----+----+----+----+----+----+----+----+----+----+----+----+----+----+----+
 |[24]|   1|    |    |   2|   2|   2|   2|   1|   2|   1|   1|   3|   1|   2|   2|   2|   2|   2|   1|   2|   1|   1|   3|   2| ## |   2|   1|   3|    |   1|   1|    |   1|   1|   2|   1|   1|   1|   3|   2|   1|   2|   2|   1|   2|    |   1|   1|   2|   1|   1|   2|   2|   3|   1|   1|   2|    |   1|   1|   1|   1|    |   3|[24]|  90|  10|
 +----+----+----+----+----+----+----+----+----+----+----+----+----+----+----+----+----+----+----+----+----+----+----+----+----+----+----+----+----+----+----+----+----+----+----+----+----+----+----+----+----+----+----+----+----+----+----+----+----+----+----+----+----+----+----+----+----+----+----+----+----+----+----+----+----+----+----+----+
 |[25]|   5|   7|   9|   6|   7|   8|   8|   7|   7|   3|   4|   8|   6|   7|  10|   7|   8|   8|   2|   5|   8|   6|   5|   7|   3| ## |   5|   6|   5|   6|   5|   6|   4|   6|   5|   6|   8|   6|   9|   8|   5|   7|   6|   8|   2|   4|   8|   8|  11|   8|   6|   4|   9|   8|   6|   6|   6|   9|   6|  11|   6|   3|   6|   6|[25]| 405|  41|
 +----+----+----+----+----+----+----+----+----+----+----+----+----+----+----+----+----+----+----+----+----+----+----+----+----+----+----+----+----+----+----+----+----+----+----+----+----+----+----+----+----+----+----+----+----+----+----+----+----+----+----+----+----+----+----+----+----+----+----+----+----+----+----+----+----+----+----+----+
 |[26]|   2|   4|   3|    |   4|   5|   5|   2|   5|   4|   2|   4|   2|   3|   3|   5|   3|   4|   4|   2|   2|   5|   2|   2|   2|   2| ## |   5|   3|   2|   3|   2|   1|   4|   3|   4|   3|   3|   4|   1|   3|   2|   4|   2|   2|   2|   5|   2|   3|   3|   3|   3|   4|   3|   3|   3|   7|    |   3|   3|   2|   3|   3|   1|[26]| 188|  10|
 +----+----+----+----+----+----+----+----+----+----+----+----+----+----+----+----+----+----+----+----+----+----+----+----+----+----+----+----+----+----+----+----+----+----+----+----+----+----+----+----+----+----+----+----+----+----+----+----+----+----+----+----+----+----+----+----+----+----+----+----+----+----+----+----+----+----+----+----+
 |[27]|   8|   9|   5|   9|  12|   6|   5|   7|   4|   7|   9|   9|   7|   7|   7|   6|   7|   8|   7|   7|   8|   8|   7|   4|  13|   3|  11| ## |   7|   9|  10|  10|   6|   8|   7|   8|   6|   8|   6|   9|   9|   7|   9|  10|   7|  11|  10|   7|   6|   6|   8|  11|  13|   8|  10|   4|   7|  12|   5|   9|   8|   6|   4|  10|[27]| 491|  37|
 +----+----+----+----+----+----+----+----+----+----+----+----+----+----+----+----+----+----+----+----+----+----+----+----+----+----+----+----+----+----+----+----+----+----+----+----+----+----+----+----+----+----+----+----+----+----+----+----+----+----+----+----+----+----+----+----+----+----+----+----+----+----+----+----+----+----+----+----+
 |[28]|   1|    |   1|   3|   2|   1|   1|   2|    |   1|    |   2|   2|   2|   2|   2|   1|   1|   1|   2|   1|   1|   3|    |   2|   1|   1|    | ## |   2|   2|   1|   1|   2|   1|   2|   1|   2|   1|   1|   2|   2|   1|   2|   1|   2|   3|    |   1|    |   2|   1|   2|   2|    |   1|   1|   3|   1|   1|   1|    |    |   2|[28]|  83|   5|
 +----+----+----+----+----+----+----+----+----+----+----+----+----+----+----+----+----+----+----+----+----+----+----+----+----+----+----+----+----+----+----+----+----+----+----+----+----+----+----+----+----+----+----+----+----+----+----+----+----+----+----+----+----+----+----+----+----+----+----+----+----+----+----+----+----+----+----+----+
 |[29]|   8|   4|   5|   6|   6|   6|   3|   4|   5|   4|   3|   5|   4|   5|   7|   5|   5|   2|   5|   2|   6|   1|   5|   4|   3|   6|   3|   3|   6| ## |   4|   5|   4|   5|   4|   8|   4|   3|   5|   7|   7|   6|   5|   4|   5|   4|   3|   2|   6|   4|   3|   2|   7|    |   3|   4|   4|   8|   5|   4|   4|   2|   5|   5|[29]| 282|  20|
 +----+----+----+----+----+----+----+----+----+----+----+----+----+----+----+----+----+----+----+----+----+----+----+----+----+----+----+----+----+----+----+----+----+----+----+----+----+----+----+----+----+----+----+----+----+----+----+----+----+----+----+----+----+----+----+----+----+----+----+----+----+----+----+----+----+----+----+----+
 |[30]|    |    |    |    |    |    |   1|   1|   1|   2|   1|   1|   1|   1|   1|   1|    |   1|   1|   1|   1|    |   1|   1|    |    |   1|   1|    |    | ## |   1|    |   1|   1|    |    |   1|    |    |    |   2|   1|   1|   1|    |   1|   1|   1|   1|   1|    |   1|   1|   1|    |   2|   1|   2|   2|   1|   2|   1|   1|[30]|  48|   3|
 +----+----+----+----+----+----+----+----+----+----+----+----+----+----+----+----+----+----+----+----+----+----+----+----+----+----+----+----+----+----+----+----+----+----+----+----+----+----+----+----+----+----+----+----+----+----+----+----+----+----+----+----+----+----+----+----+----+----+----+----+----+----+----+----+----+----+----+----+
 |[31]|   3|   3|   2|   3|   1|   1|   1|   2|   2|   3|   2|   2|   2|    |   2|   3|   3|   2|   1|   4|   3|   3|   3|   1|   2|   2|   3|   3|   1|   2|   1| ## |   2|   3|   3|   3|   1|   3|   3|   2|   4|   2|    |   2|   2|   1|   2|   2|   3|   2|   1|   1|   2|   1|    |   2|   1|   2|   2|   2|   3|   1|   2|   2|[31]| 128|   7|
 +----+----+----+----+----+----+----+----+----+----+----+----+----+----+----+----+----+----+----+----+----+----+----+----+----+----+----+----+----+----+----+----+----+----+----+----+----+----+----+----+----+----+----+----+----+----+----+----+----+----+----+----+----+----+----+----+----+----+----+----+----+----+----+----+----+----+----+----+
 |[32]|   9|   7|   5|   9|   6|   6|   9|   3|   7|   8|   6|   8|   7|   6|   4|   9|   9|   4|   3|   7|   8|   6|   5|   6|   9|   9|   8|   5|   7|   7|   8|   7| ## |   8|   7|   8|   7|   8|   5|   6|   6|   8|   7|   4|   9|   7|   7|   7|  10|   2|   6|   7|   7|   8|   6|   9|   8|   7|   5|   7|   8|   7|   7|   8|[32]| 433|  20|
 +----+----+----+----+----+----+----+----+----+----+----+----+----+----+----+----+----+----+----+----+----+----+----+----+----+----+----+----+----+----+----+----+----+----+----+----+----+----+----+----+----+----+----+----+----+----+----+----+----+----+----+----+----+----+----+----+----+----+----+----+----+----+----+----+----+----+----+----+
 |[33]|  10|  11|   8|  11|  16|  12|   6|  12|  10|  11|   5|  15|  11|  11|   9|  13|  15|   8|  11|  11|  13|  10|  10|  13|   8|   6|  11|   7|  11|  12|  13|  10|   8| ## |   6|  12|  12|  10|  11|  12|  11|   8|  11|   7|  10|  11|  14|  10|  10|  10|   9|  11|  11|  11|   8|  12|  12|  10|   6|  13|  12|   7|   9|  11|[33]| 655|  30|
 +----+----+----+----+----+----+----+----+----+----+----+----+----+----+----+----+----+----+----+----+----+----+----+----+----+----+----+----+----+----+----+----+----+----+----+----+----+----+----+----+----+----+----+----+----+----+----+----+----+----+----+----+----+----+----+----+----+----+----+----+----+----+----+----+----+----+----+----+
 |[34]|   3|    |   3|   2|   5|   2|   4|   4|   1|   1|   4|   1|    |   3|   1|   1|   1|   3|   1|   2|   2|   2|   2|   2|   2|   1|   2|   4|   1|   1|   2|   2|   2|    | ## |   2|   2|   2|   2|   1|   4|   1|   3|    |   4|    |   4|   2|   1|   1|   5|   2|   2|   1|   4|   3|   2|   3|   1|   1|   3|   1|   3|   4|[34]| 131|   8|
 +----+----+----+----+----+----+----+----+----+----+----+----+----+----+----+----+----+----+----+----+----+----+----+----+----+----+----+----+----+----+----+----+----+----+----+----+----+----+----+----+----+----+----+----+----+----+----+----+----+----+----+----+----+----+----+----+----+----+----+----+----+----+----+----+----+----+----+----+
 |[35]|   2|   1|   1|   1|   1|   1|   2|   1|   1|   1|   2|   1|   1|   1|    |   1|    |   1|    |    |   1|    |   1|   1|   1|    |   1|   1|   1|    |   1|   1|   2|    |    | ## |    |    |   1|    |    |   1|   1|   2|   1|   1|   1|   1|   2|    |    |   1|   2|   1|   2|   2|   1|   1|   1|   2|   1|   1|   1|    |[35]|  57|   6|
 +----+----+----+----+----+----+----+----+----+----+----+----+----+----+----+----+----+----+----+----+----+----+----+----+----+----+----+----+----+----+----+----+----+----+----+----+----+----+----+----+----+----+----+----+----+----+----+----+----+----+----+----+----+----+----+----+----+----+----+----+----+----+----+----+----+----+----+----+
 |[36]|   1|   1|   3|   2|   3|   4|   3|   2|   1|   2|   2|   1|   3|   2|   2|   1|   1|   2|   2|   2|   2|   2|   2|   2|   2|   2|   2|   2|   2|    |   1|   2|   1|   1|   2|   3| ## |   3|   2|   2|   2|   1|   3|   2|   1|   2|    |   2|   1|   4|   4|   3|    |   2|   3|   1|   2|   2|   1|   2|   2|   2|    |   3|[36]| 120|  12|
 +----+----+----+----+----+----+----+----+----+----+----+----+----+----+----+----+----+----+----+----+----+----+----+----+----+----+----+----+----+----+----+----+----+----+----+----+----+----+----+----+----+----+----+----+----+----+----+----+----+----+----+----+----+----+----+----+----+----+----+----+----+----+----+----+----+----+----+----+
 |[37]|   1|   2|   2|   2|   2|   1|   1|   1|   2|   1|   1|   2|    |   1|   1|   1|   1|   2|   1|   2|   2|   2|   2|   1|   1|   1|   1|   2|   2|   1|   1|   1|   2|   1|   2|    |   1| ## |   1|   2|   1|   1|   2|   1|   2|   1|   2|   1|   1|   1|   1|   2|   2|   1|    |   1|   2|   2|   1|   2|   1|   1|   1|   2|[37]|  85|   3|
 +----+----+----+----+----+----+----+----+----+----+----+----+----+----+----+----+----+----+----+----+----+----+----+----+----+----+----+----+----+----+----+----+----+----+----+----+----+----+----+----+----+----+----+----+----+----+----+----+----+----+----+----+----+----+----+----+----+----+----+----+----+----+----+----+----+----+----+----+
 |[38]|   2|   5|   3|   3|   5|   2|   3|   5|   2|   6|   3|   7|   4|   5|   2|   4|   5|   3|   4|   6|   4|   5|   3|   4|   1|   3|   3|   4|   5|   1|   4|   3|   3|   5|   1|   7|   6|   3| ## |   4|   6|   4|   6|   4|   8|   6|   5|   3|   5|   4|   4|   6|   7|   5|   2|   3|   5|   2|   4|   3|   6|   4|   3|   4|[38]| 257|  16|
 +----+----+----+----+----+----+----+----+----+----+----+----+----+----+----+----+----+----+----+----+----+----+----+----+----+----+----+----+----+----+----+----+----+----+----+----+----+----+----+----+----+----+----+----+----+----+----+----+----+----+----+----+----+----+----+----+----+----+----+----+----+----+----+----+----+----+----+----+
 |[39]|   6|   5|   2|   4|   3|   4|   3|   6|   5|   2|   2|   3|   5|   4|   4|   7|   3|   3|   3|   4|   5|   3|   5|   3|   5|   3|   4|   5|   6|   3|   5|   5|   2|   4|   3|   4|   4|   3|   6| ## |   5|   4|   4|   4|   4|   4|   3|   3|   3|   3|   6|   2|   2|   3|   3|   4|   6|   4|   2|   3|   3|   1|   2|   2|[39]| 236|  12|
 +----+----+----+----+----+----+----+----+----+----+----+----+----+----+----+----+----+----+----+----+----+----+----+----+----+----+----+----+----+----+----+----+----+----+----+----+----+----+----+----+----+----+----+----+----+----+----+----+----+----+----+----+----+----+----+----+----+----+----+----+----+----+----+----+----+----+----+----+
 |[40]|   8|   9|  10|   7|  18|   8|   9|  12|  15|  14|   9|  13|  10|   9|  10|  15|  16|   9|  12|  16|  15|  14|  11|  12|  13|   7|  14|  12|  18|  15|  16|   5|  10|  17|  12|  14|   9|  13|  15|  16| ## |  13|  16|  17|  14|  12|  15|  17|   9|  12|  12|  12|  13|  15|  10|  14|  14|  15|  10|   9|  18|  16|   9|  15|[40]| 794|  68|
 +----+----+----+----+----+----+----+----+----+----+----+----+----+----+----+----+----+----+----+----+----+----+----+----+----+----+----+----+----+----+----+----+----+----+----+----+----+----+----+----+----+----+----+----+----+----+----+----+----+----+----+----+----+----+----+----+----+----+----+----+----+----+----+----+----+----+----+----+
 |[41]|   1|   2|    |   1|   2|   2|   1|    |   1|   1|   1|   1|   1|   3|   1|   2|   1|   1|   1|   1|    |   2|    |   3|   2|   2|    |    |   1|   2|   1|   2|    |   2|   1|   3|   2|   2|   1|   1|   2| ## |   1|    |    |   2|   1|   1|    |   2|   1|   2|   2|   2|   2|   2|   1|   1|   1|    |   2|   1|   1|   2|[41]|  80|   8|
 +----+----+----+----+----+----+----+----+----+----+----+----+----+----+----+----+----+----+----+----+----+----+----+----+----+----+----+----+----+----+----+----+----+----+----+----+----+----+----+----+----+----+----+----+----+----+----+----+----+----+----+----+----+----+----+----+----+----+----+----+----+----+----+----+----+----+----+----+
 |[42]|   2|   5|   5|   5|   7|   2|   5|   4|   5|   3|   5|   6|   4|   5|   4|   5|   5|   5|   2|   5|   6|   4|   6|   7|   7|   3|   5|   3|   6|   3|   8|   5|   7|   5|   5|   6|   5|   7|   4|   6|   5|   7| ## |   3|   6|   6|   6|   5|   7|   6|   6|   7|   8|   5|   2|   4|   7|   4|   2|   4|   7|   4|   5|   3|[42]| 316|  11|
 +----+----+----+----+----+----+----+----+----+----+----+----+----+----+----+----+----+----+----+----+----+----+----+----+----+----+----+----+----+----+----+----+----+----+----+----+----+----+----+----+----+----+----+----+----+----+----+----+----+----+----+----+----+----+----+----+----+----+----+----+----+----+----+----+----+----+----+----+
 |[43]|  10|   5|   7|   8|  11|   6|   9|  10|  11|  10|  12|  10|  10|   9|  12|   9|   9|   6|   9|   8|   9|   7|   7|   8|   8|   5|  11|   8|  14|  10|   8|   6|   8|   8|   7|  11|   7|   9|   7|  13|  13|   7|  13| ## |   5|  11|   9|   9|  11|   9|   7|   8|   9|   6|   9|   6|  12|   8|  11|  12|   9|   9|   5|  11|[43]| 561|  31|
 +----+----+----+----+----+----+----+----+----+----+----+----+----+----+----+----+----+----+----+----+----+----+----+----+----+----+----+----+----+----+----+----+----+----+----+----+----+----+----+----+----+----+----+----+----+----+----+----+----+----+----+----+----+----+----+----+----+----+----+----+----+----+----+----+----+----+----+----+
 |[44]|   2|   3|   2|   2|   3|   2|   2|   3|   2|   1|   4|   4|   2|   2|   2|   2|   1|   3|   3|   3|   1|   3|   3|   4|   1|    |   2|   3|   4|   2|   3|   5|   2|   1|   1|   4|   4|   2|   1|   1|   4|   5|   4|   3| ## |   5|   3|   3|   3|   5|   2|   2|   3|   3|   2|   1|   3|   3|   1|   4|   2|   4|   3|   3|[44]| 166|  18|
 +----+----+----+----+----+----+----+----+----+----+----+----+----+----+----+----+----+----+----+----+----+----+----+----+----+----+----+----+----+----+----+----+----+----+----+----+----+----+----+----+----+----+----+----+----+----+----+----+----+----+----+----+----+----+----+----+----+----+----+----+----+----+----+----+----+----+----+----+
 |[45]|   5|   5|   5|   7|  12|   9|  12|   7|   7|   7|   6|   7|  10|  10|   7|   6|   9|   7|   9|  11|   8|   7|   8|   5|  10|   4|   8|   9|   6|   6|   8|   8|   7|   6|   5|   8|   7|  13|   8|  10|   9|   8|   8|   9|   7| ## |  13|  10|   8|   7|   8|   8|  10|   6|   5|   9|  12|   9|   6|   9|   8|   7|   6|   8|[45]| 499|  27|
 +----+----+----+----+----+----+----+----+----+----+----+----+----+----+----+----+----+----+----+----+----+----+----+----+----+----+----+----+----+----+----+----+----+----+----+----+----+----+----+----+----+----+----+----+----+----+----+----+----+----+----+----+----+----+----+----+----+----+----+----+----+----+----+----+----+----+----+----+
 |[46]|   2|   1|    |   1|   1|   2|   1|    |   1|   1|   1|   1|   1|   1|   1|   2|   2|   1|    |   1|   1|   1|   1|   1|   1|   2|   1|    |   2|   1|   1|   1|   2|   1|   2|   1|    |   1|   1|   1|   1|   1|   1|   1|    |   2| ## |    |   1|   2|   1|   1|   2|   1|   1|   2|   2|    |   1|   2|   2|   1|    |   2|[46]|  70|   6|
 +----+----+----+----+----+----+----+----+----+----+----+----+----+----+----+----+----+----+----+----+----+----+----+----+----+----+----+----+----+----+----+----+----+----+----+----+----+----+----+----+----+----+----+----+----+----+----+----+----+----+----+----+----+----+----+----+----+----+----+----+----+----+----+----+----+----+----+----+
 |[47]|   3|   2|   4|   2|   3|   4|   1|   1|   2|   2|   3|   2|   2|   2|   1|   4|   2|   2|   1|   6|   2|   2|   3|   4|   2|   2|   5|   3|   3|   2|   2|   3|   3|   2|   2|   3|   2|   1|   2|   1|   3|   1|   2|   2|   3|   2|   2| ## |   3|   4|   3|   1|   3|   4|   4|   2|   4|   2|   1|   3|   3|   1|   4|   1|[47]| 156|   7|
 +----+----+----+----+----+----+----+----+----+----+----+----+----+----+----+----+----+----+----+----+----+----+----+----+----+----+----+----+----+----+----+----+----+----+----+----+----+----+----+----+----+----+----+----+----+----+----+----+----+----+----+----+----+----+----+----+----+----+----+----+----+----+----+----+----+----+----+----+
 |[48]|   5|   2|   3|   4|   3|   4|   5|   3|   3|   3|   5|   5|   3|   1|   2|   1|   3|   1|   3|   4|   1|   5|   4|   4|   1|   1|   1|   2|   5|   4|   2|   3|   4|   7|   2|   6|   6|   4|   4|   3|   2|   5|   3|   6|   4|   5|   5|   4| ## |   3|   1|   3|   4|   3|   2|   4|   2|   2|   2|   5|   5|   4|   2|   3|[48]| 211|  13|
 +----+----+----+----+----+----+----+----+----+----+----+----+----+----+----+----+----+----+----+----+----+----+----+----+----+----+----+----+----+----+----+----+----+----+----+----+----+----+----+----+----+----+----+----+----+----+----+----+----+----+----+----+----+----+----+----+----+----+----+----+----+----+----+----+----+----+----+----+
 |[49]|   3|   3|   8|   6|   9|   3|   5|   7|   5|   9|   6|   8|   4|   6|   7|   8|   7|   5|   4|   8|   5|   6|   5|   8|   3|   5|  11|   7|   7|   6|   4|   5|   5|   8|   6|   5|   7|   7|   8|   2|   7|   5|   6|   4|   8|   5|   6|   8|   7| ## |   7|   6|   9|   6|   4|   8|   7|   7|   8|   6|   7|   6|   6|   9|[49]| 393|  25|
 +----+----+----+----+----+----+----+----+----+----+----+----+----+----+----+----+----+----+----+----+----+----+----+----+----+----+----+----+----+----+----+----+----+----+----+----+----+----+----+----+----+----+----+----+----+----+----+----+----+----+----+----+----+----+----+----+----+----+----+----+----+----+----+----+----+----+----+----+
 |[50]|   2|   4|   2|   2|   3|    |   2|   1|   1|   2|   3|   2|   2|    |   2|    |   2|   1|   2|   1|   2|   1|   1|   2|   2|   1|   4|   1|   3|   2|   2|   3|   1|   4|   1|   1|   1|   4|   2|   2|   3|   1|   3|   2|   1|   2|   2|   1|   1|   1| ## |   3|   3|   1|   2|   1|   3|   3|   1|   2|   3|   1|   1|   4|[50]| 119|   7|
 +----+----+----+----+----+----+----+----+----+----+----+----+----+----+----+----+----+----+----+----+----+----+----+----+----+----+----+----+----+----+----+----+----+----+----+----+----+----+----+----+----+----+----+----+----+----+----+----+----+----+----+----+----+----+----+----+----+----+----+----+----+----+----+----+----+----+----+----+
 |[51]|   1|   1|   1|   1|   2|    |   1|   1|   1|   1|    |   2|   1|    |   1|   1|    |    |    |    |   1|   2|    |   1|   1|   1|   2|   2|   1|    |   1|   1|   2|   1|   1|   2|    |    |   1|    |   1|   2|   1|    |   1|   1|   1|   2|   1|   1|   1| ## |   1|   2|    |   2|   1|   2|   2|   1|   1|    |   2|    |[51]|  61|  10|
 +----+----+----+----+----+----+----+----+----+----+----+----+----+----+----+----+----+----+----+----+----+----+----+----+----+----+----+----+----+----+----+----+----+----+----+----+----+----+----+----+----+----+----+----+----+----+----+----+----+----+----+----+----+----+----+----+----+----+----+----+----+----+----+----+----+----+----+----+
 |[52]|   3|   4|   1|   5|   5|   2|   2|   3|   4|   5|   5|   2|   3|   2|   4|   4|   3|   4|   3|   6|   6|   3|   4|   6|   2|   3|   6|   5|   4|   3|   5|   4|   3|   5|   4|   5|   4|   6|   4|   3|   4|   5|   2|   3|   4|   4|   4|   4|   3|   3|   4|   7| ## |   4|   2|   5|   5|   3|   2|   5|   5|   2|   3|   4|[52]| 242|  11|
 +----+----+----+----+----+----+----+----+----+----+----+----+----+----+----+----+----+----+----+----+----+----+----+----+----+----+----+----+----+----+----+----+----+----+----+----+----+----+----+----+----+----+----+----+----+----+----+----+----+----+----+----+----+----+----+----+----+----+----+----+----+----+----+----+----+----+----+----+
 |[53]|    |    |    |   2|   1|    |   1|   2|   2|   1|   1|   1|    |   1|   2|   1|   1|    |   1|   1|    |   2|    |   1|   1|    |   2|    |   1|   1|   1|   2|   1|   2|    |    |   1|   2|   2|   2|   2|   1|   1|   1|   1|    |   1|   1|   1|   2|   1|   1|    | ## |   1|   1|    |   2|   1|   1|   1|   1|   1|   2|[53]|  63|   3|
 +----+----+----+----+----+----+----+----+----+----+----+----+----+----+----+----+----+----+----+----+----+----+----+----+----+----+----+----+----+----+----+----+----+----+----+----+----+----+----+----+----+----+----+----+----+----+----+----+----+----+----+----+----+----+----+----+----+----+----+----+----+----+----+----+----+----+----+----+
 |[54]|   2|   6|   4|   4|   6|   4|   6|   4|   8|   5|   5|   6|   5|   3|   2|   5|   6|   5|   3|   2|   3|   3|   5|   2|   6|   4|   6|   4|   7|   3|   6|   2|   4|   8|   3|   6|   2|   5|   3|   2|   7|   1|   3|   5|   6|   5|   7|   4|   5|   1|   5|   5|   3|   6| ## |   3|   4|   5|   2|   4|   5|   7|   3|   6|[54]| 277|  16|
 +----+----+----+----+----+----+----+----+----+----+----+----+----+----+----+----+----+----+----+----+----+----+----+----+----+----+----+----+----+----+----+----+----+----+----+----+----+----+----+----+----+----+----+----+----+----+----+----+----+----+----+----+----+----+----+----+----+----+----+----+----+----+----+----+----+----+----+----+
 |[55]|   4|   4|   3|   6|   9|   5|   5|   6|   6|   8|   5|   3|   6|   4|   5|   7|   6|   7|   5|   7|   3|   4|   4|   5|   8|   5|   6|   5|   6|   5|   4|   4|   8|   3|   6|   5|   9|   7|   3|   9|   4|   8|   3|   6|   5|   8|   9|   5|   6|   8|   5|   3|   5|   6|  10| ## |   8|   5|   6|   4|   6|   5|   6|   9|[55]| 360|  19|
 +----+----+----+----+----+----+----+----+----+----+----+----+----+----+----+----+----+----+----+----+----+----+----+----+----+----+----+----+----+----+----+----+----+----+----+----+----+----+----+----+----+----+----+----+----+----+----+----+----+----+----+----+----+----+----+----+----+----+----+----+----+----+----+----+----+----+----+----+
 |[56]|   5|   3|   2|   4|   2|   1|   3|   4|   2|   2|   4|   4|   1|   1|   2|   4|   4|   3|   2|   4|   2|   3|   4|   3|   3|   2|   3|   3|   4|   3|   3|   4|   3|   4|   1|   3|   4|   5|   4|   4|   4|   1|   4|   3|   1|   3|   2|   3|   2|   2|   3|   3|   5|   3|   1|   1| ## |   3|   3|   2|   2|   2|   4|   3|[56]| 182|  19|
 +----+----+----+----+----+----+----+----+----+----+----+----+----+----+----+----+----+----+----+----+----+----+----+----+----+----+----+----+----+----+----+----+----+----+----+----+----+----+----+----+----+----+----+----+----+----+----+----+----+----+----+----+----+----+----+----+----+----+----+----+----+----+----+----+----+----+----+----+
 |[57]|   6|   3|   4|   7|   8|   5|   7|   5|  11|   3|   6|   8|   5|   4|   5|   6|   7|   3|   5|   6|   6|   4|   5|   7|   8|   6|   4|   9|   9|   4|   6|   5|   8|   8|   4|   4|   7|   5|   7|   5|   6|   6|   6|   5|   7|   4|  10|   4|   5|   9|   6|   6|   6|   6|   9|   7|   7| ## |   5|   7|   9|   2|   6|   6|[57]| 379|  18|
 +----+----+----+----+----+----+----+----+----+----+----+----+----+----+----+----+----+----+----+----+----+----+----+----+----+----+----+----+----+----+----+----+----+----+----+----+----+----+----+----+----+----+----+----+----+----+----+----+----+----+----+----+----+----+----+----+----+----+----+----+----+----+----+----+----+----+----+----+
 |[58]|   5|   5|   7|   5|   5|   4|   7|   6|   6|   5|   4|   3|   4|   5|   4|   6|   6|   3|   7|   4|   6|   4|   6|   8|   3|   5|   2|   6|   3|   7|   4|   6|   4|   6|   4|   5|   5|   4|   7|   5|   5|   4|   5|   6|   7|   5|   3|   5|   7|   5|   7|   3|   5|   4|   6|   4|   5|   6| ## |   8|   7|   5|   3|   4|[58]| 320|  19|
 +----+----+----+----+----+----+----+----+----+----+----+----+----+----+----+----+----+----+----+----+----+----+----+----+----+----+----+----+----+----+----+----+----+----+----+----+----+----+----+----+----+----+----+----+----+----+----+----+----+----+----+----+----+----+----+----+----+----+----+----+----+----+----+----+----+----+----+----+
 |[59]|   3|   7|   5|   5|   7|   5|   6|   4|   5|   5|   6|   6|   5|   8|   6|   6|   5|   1|   7|   5|   8|   4|   5|   9|   6|   4|   5|   5|   7|   5|   9|   2|   4|   5|   5|   5|   7|   7|   6|   7|   8|   8|   7|   6|   7|   4|   6|   4|   5|   8|   4|   4|   6|   4|   7|   4|   7|   6|   5| ## |   5|   7|   4|   8|[59]| 356|  15|
 +----+----+----+----+----+----+----+----+----+----+----+----+----+----+----+----+----+----+----+----+----+----+----+----+----+----+----+----+----+----+----+----+----+----+----+----+----+----+----+----+----+----+----+----+----+----+----+----+----+----+----+----+----+----+----+----+----+----+----+----+----+----+----+----+----+----+----+----+
 |[60]|   3|   4|   2|   4|   5|   2|   1|   3|   1|   3|   5|   7|   2|   2|   1|   2|   5|   3|   2|   4|   4|   6|   1|   3|   2|   5|   5|   3|   2|   2|   2|   3|   3|   4|   4|   2|   1|    |   3|   1|   6|   2|   3|   6|   1|   5|   4|   3|   4|   2|   3|   4|   2|   2|   5|   4|   4|   1|   1|   4| ## |   3|   2|   3|[60]| 191|   9|
 +----+----+----+----+----+----+----+----+----+----+----+----+----+----+----+----+----+----+----+----+----+----+----+----+----+----+----+----+----+----+----+----+----+----+----+----+----+----+----+----+----+----+----+----+----+----+----+----+----+----+----+----+----+----+----+----+----+----+----+----+----+----+----+----+----+----+----+----+
 |[61]|  11|   5|   6|  12|  17|  14|  14|  13|  13|   7|  13|  12|   8|  15|  18|  13|  15|   9|  10|  16|  15|  14|  14|  16|  17|  12|  12|  12|  14|  11|  12|  10|   9|  13|   9|  16|  12|  16|   9|  15|  14|  15|  14|  15|  11|   9|  15|   8|  10|  14|   7|  12|  13|  13|   8|  11|   9|   7|   7|  16|  15| ## |  12|  13|[61]| 767|  47|
 +----+----+----+----+----+----+----+----+----+----+----+----+----+----+----+----+----+----+----+----+----+----+----+----+----+----+----+----+----+----+----+----+----+----+----+----+----+----+----+----+----+----+----+----+----+----+----+----+----+----+----+----+----+----+----+----+----+----+----+----+----+----+----+----+----+----+----+----+
 |[62]|   6|   6|   5|  11|   7|   4|  10|   7|   6|   8|   6|   5|   8|   6|   8|   9|   6|   6|   9|   8|   5|   7|   7|   8|   7|   8|   7|   4|   6|   5|   7|   7|   6|  11|   9|   6|   9|   9|   7|   8|   4|   6|   7|   5|   7|   6|   8|   7|   5|   7|   8|   9|   7|   6|   6|   7|   9|   9|   6|   9|   4|   9| ## |   6|[62]| 441|  28|
 +----+----+----+----+----+----+----+----+----+----+----+----+----+----+----+----+----+----+----+----+----+----+----+----+----+----+----+----+----+----+----+----+----+----+----+----+----+----+----+----+----+----+----+----+----+----+----+----+----+----+----+----+----+----+----+----+----+----+----+----+----+----+----+----+----+----+----+----+
 |[63]|   2|   5|   4|   4|   8|   6|   3|   5|   4|   3|   2|   6|   7|   3|   4|   7|   7|   3|   4|   8|   3|   7|   1|   6|   6|   5|   3|   6|   7|   1|   7|   4|   5|   7|   1|   8|   6|   5|   6|   7|   5|   5|   1|   4|   4|   6|   8|   5|   7|   3|   8|   8|   8|   4|   3|   4|   6|   3|   5|   9|   7|   5|   2| ## |[63]| 316|  18|
 +----+----+----+----+----+----+----+----+----+----+----+----+----+----+----+----+----+----+----+----+----+----+----+----+----+----+----+----+----+----+----+----+----+----+----+----+----+----+----+----+----+----+----+----+----+----+----+----+----+----+----+----+----+----+----+----+----+----+----+----+----+----+----+----+----+----+----+----+
 | ## |[ 0]|[ 1]|[ 2]|[ 3]|[ 4]|[ 5]|[ 6]|[ 7]|[ 8]|[ 9]|[10]|[11]|[12]|[13]|[14]|[15]|[16]|[17]|[18]|[19]|[20]|[21]|[22]|[23]|[24]|[25]|[26]|[27]|[28]|[29]|[30]|[31]|[32]|[33]|[34]|[35]|[36]|[37]|[38]|[39]|[40]|[41]|[42]|[43]|[44]|[45]|[46]|[47]|[48]|[49]|[50]|[51]|[52]|[53]|[54]|[55]|[56]|[57]|[58]|[59]|[60]|[61]|[62]|[63]| ## | ## |1024|
 +----+----+----+----+----+----+----+----+----+----+----+----+----+----+----+----+----+----+----+----+----+----+----+----+----+----+----+----+----+----+----+----+----+----+----+----+----+----+----+----+----+----+----+----+----+----+----+----+----+----+----+----+----+----+----+----+----+----+----+----+----+----+----+----+----+----+----+----+
 | TTL| 241| 249| 226| 258| 336| 248| 263| 254| 247| 263| 242| 295| 260| 246| 250| 291| 287| 216| 221| 299| 273| 256| 245| 286| 262| 210| 268| 246| 312| 228| 292| 258| 217| 292| 229| 297| 267| 280| 265| 280| 271| 282| 289| 258| 261| 257| 305| 257| 267| 260| 270| 279| 305| 260| 228| 258| 296| 267| 205| 298| 299| 236| 213| 291| ## | ## | ## |
 +----+----+----+----+----+----+----+----+----+----+----+----+----+----+----+----+----+----+----+----+----+----+----+----+----+----+----+----+----+----+----+----+----+----+----+----+----+----+----+----+----+----+----+----+----+----+----+----+----+----+----+----+----+----+----+----+----+----+----+----+----+----+----+----+----+----+----+----+






