

 Use image  :  cameraman.bmp




  Relationship between basis and replaceable basis


  Number of basis used : 0, 1 


  [basis number] : Number of substitutable basis for basis number 


 *Total on the right : Number of replacements (Be done)

  Total below : Number of replacements (To do)


  Of the amount of improvement  : 0 ~ 50.000000

----------------------------------------------------------------------------------

 +----+----+----+----+----+----+----+----+----+----+----+----+----+----+----+----+----+----+----+----+----+----+----+----+----+----+----+----+----+----+----+----+----+----+----+----+----+----+----+----+----+----+----+----+----+----+----+----+----+----+----+----+----+----+----+----+----+----+----+----+----+----+----+----+----+----+----+----+
 | ## |[ 0]|[ 1]|[ 2]|[ 3]|[ 4]|[ 5]|[ 6]|[ 7]|[ 8]|[ 9]|[10]|[11]|[12]|[13]|[14]|[15]|[16]|[17]|[18]|[19]|[20]|[21]|[22]|[23]|[24]|[25]|[26]|[27]|[28]|[29]|[30]|[31]|[32]|[33]|[34]|[35]|[36]|[37]|[38]|[39]|[40]|[41]|[42]|[43]|[44]|[45]|[46]|[47]|[48]|[49]|[50]|[51]|[52]|[53]|[54]|[55]|[56]|[57]|[58]|[59]|[60]|[61]|[62]|[63]| ## | TTL| ## |                                                                                    
 +----+----+----+----+----+----+----+----+----+----+----+----+----+----+----+----+----+----+----+----+----+----+----+----+----+----+----+----+----+----+----+----+----+----+----+----+----+----+----+----+----+----+----+----+----+----+----+----+----+----+----+----+----+----+----+----+----+----+----+----+----+----+----+----+----+----+----+----+
 |[ 0]| ## |   9|   8|   4|   6|   5|  11|   6|   6|   7|   7|   3|   8|   5|   7|  10|   8|   7|   4|   7|   5|   5|   7|  10|   8|   3|   5|   6|   9|   3|   7|   6|   3|   6|   8|   7|   8|   2|   4|   5|   8|  11|   7|   7|   8|   8|   5|   9|   6|   6|  10|   9|   6|   6|   5|   6|   8|   9|   4|  10|  11|   6|   6|   9|[ 0]| 425|  21|
 +----+----+----+----+----+----+----+----+----+----+----+----+----+----+----+----+----+----+----+----+----+----+----+----+----+----+----+----+----+----+----+----+----+----+----+----+----+----+----+----+----+----+----+----+----+----+----+----+----+----+----+----+----+----+----+----+----+----+----+----+----+----+----+----+----+----+----+----+
 |[ 1]|   3| ## |   3|   3|   5|   2|   3|   2|   2|   6|   2|   4|   5|   4|   2|   5|   2|   1|   4|   5|   5|   2|   4|   5|   6|   4|   4|   5|   5|   3|   6|   4|   2|   6|   2|   5|   2|   3|   1|   4|   1|   5|   4|   1|   3|   4|   5|   4|   4|   4|   7|   4|   3|   3|   6|   5|   3|   1|   4|   6|   2|   3|   3|   4|[ 1]| 230|   9|
 +----+----+----+----+----+----+----+----+----+----+----+----+----+----+----+----+----+----+----+----+----+----+----+----+----+----+----+----+----+----+----+----+----+----+----+----+----+----+----+----+----+----+----+----+----+----+----+----+----+----+----+----+----+----+----+----+----+----+----+----+----+----+----+----+----+----+----+----+
 |[ 2]|   9|  10| ## |   5|   3|  10|  10|   7|  10|   8|   7|   6|   9|   4|   9|   4|   4|   5|   8|   9|  11|   8|   8|   9|  10|   6|   8|   4|   9|   8|   8|   8|   5|   8|   7|   8|   9|   9|   5|   8|   6|   7|   6|   5|   9|   7|   7|  10|   6|  10|   9|   6|   7|   6|   6|   8|   9|   9|   3|   7|   8|   7|   7|  10|[ 2]| 468|  18|
 +----+----+----+----+----+----+----+----+----+----+----+----+----+----+----+----+----+----+----+----+----+----+----+----+----+----+----+----+----+----+----+----+----+----+----+----+----+----+----+----+----+----+----+----+----+----+----+----+----+----+----+----+----+----+----+----+----+----+----+----+----+----+----+----+----+----+----+----+
 |[ 3]|   2|   2|    | ## |   2|   3|   1|    |   2|   1|   2|   3|    |   1|   1|   3|   4|   3|   3|   1|   1|   2|   3|   3|   2|   1|   1|   1|   1|   2|   3|   3|   1|   1|   2|   3|   3|   2|   1|   3|    |   2|   2|   2|   2|   3|   1|   4|   1|   1|   1|   3|   3|   2|   2|    |   4|   3|    |   2|   1|   3|   1|   1|[ 3]| 117|   4|
 +----+----+----+----+----+----+----+----+----+----+----+----+----+----+----+----+----+----+----+----+----+----+----+----+----+----+----+----+----+----+----+----+----+----+----+----+----+----+----+----+----+----+----+----+----+----+----+----+----+----+----+----+----+----+----+----+----+----+----+----+----+----+----+----+----+----+----+----+
 |[ 4]|   1|   1|   1|   3| ## |   1|    |   2|   2|   2|   2|   3|   1|    |    |   2|   2|   1|   1|   2|   3|   1|   1|   1|   1|   1|    |    |   2|    |   2|   1|   1|   1|    |   1|   2|   2|   2|   2|   1|   1|   1|   2|    |   1|   2|   2|   1|    |    |    |   1|    |    |   1|   3|   1|   1|    |   2|    |    |   2|[ 4]|  73|   5|
 +----+----+----+----+----+----+----+----+----+----+----+----+----+----+----+----+----+----+----+----+----+----+----+----+----+----+----+----+----+----+----+----+----+----+----+----+----+----+----+----+----+----+----+----+----+----+----+----+----+----+----+----+----+----+----+----+----+----+----+----+----+----+----+----+----+----+----+----+
 |[ 5]|   1|   2|   4|   5|   3| ## |    |   4|   3|   4|   2|   4|   2|   2|   2|   3|   1|   1|   4|   1|   2|   1|   1|   2|   2|   1|   2|    |   3|   3|   4|   4|   1|   4|   4|   2|   2|   4|   3|   1|   1|   2|   3|   4|   2|   4|   3|   1|   5|   1|   1|   1|   3|   2|   2|   5|   4|   2|   2|   4|   3|   6|   1|   3|[ 5]| 159|   9|
 +----+----+----+----+----+----+----+----+----+----+----+----+----+----+----+----+----+----+----+----+----+----+----+----+----+----+----+----+----+----+----+----+----+----+----+----+----+----+----+----+----+----+----+----+----+----+----+----+----+----+----+----+----+----+----+----+----+----+----+----+----+----+----+----+----+----+----+----+
 |[ 6]|  16|   9|   8|  12|  14|  11| ## |  15|  12|  12|  14|  12|  12|  10|  19|  14|  12|  13|  11|  13|  14|  12|  11|  11|   9|  12|  10|  10|  13|  11|  16|  12|  10|  11|   8|  15|  10|   8|  15|  12|  11|  17|  15|  12|   9|  10|  13|   8|  11|  12|  10|  11|  12|   6|  11|  13|  12|   6|   9|  16|  15|  13|  11|  11|[ 6]| 743|  33|
 +----+----+----+----+----+----+----+----+----+----+----+----+----+----+----+----+----+----+----+----+----+----+----+----+----+----+----+----+----+----+----+----+----+----+----+----+----+----+----+----+----+----+----+----+----+----+----+----+----+----+----+----+----+----+----+----+----+----+----+----+----+----+----+----+----+----+----+----+
 |[ 7]|   9|   7|  11|   7|   7|   6|   8| ## |   6|  10|   7|   9|   7|   6|   9|   9|  10|   6|   5|   8|   6|   6|   4|   7|   5|   8|   5|   8|  11|   7|   7|   7|   8|   7|   4|   9|   3|   9|   8|  12|   8|   8|  12|   4|   9|   6|   6|   8|   5|   6|   5|   8|  11|  11|   7|   5|  12|   9|   7|   7|   6|   5|   5|   9|[ 7]| 467|  26|
 +----+----+----+----+----+----+----+----+----+----+----+----+----+----+----+----+----+----+----+----+----+----+----+----+----+----+----+----+----+----+----+----+----+----+----+----+----+----+----+----+----+----+----+----+----+----+----+----+----+----+----+----+----+----+----+----+----+----+----+----+----+----+----+----+----+----+----+----+
 |[ 8]|   5|  10|   7|  12|  14|   9|  13|  11| ## |   8|  10|  12|   8|  11|   8|  12|  12|  10|  11|  13|  10|  10|  11|  10|   9|   8|   9|  10|  12|   9|   9|  13|   7|  10|  10|   7|   9|  12|  12|  10|   9|   9|  14|  14|   9|  13|  10|  11|  13|  16|  16|  11|  11|   9|   4|   8|  10|  10|   4|  12|  12|  12|  11|  10|[ 8]| 651|  35|
 +----+----+----+----+----+----+----+----+----+----+----+----+----+----+----+----+----+----+----+----+----+----+----+----+----+----+----+----+----+----+----+----+----+----+----+----+----+----+----+----+----+----+----+----+----+----+----+----+----+----+----+----+----+----+----+----+----+----+----+----+----+----+----+----+----+----+----+----+
 |[ 9]|   4|   6|   6|   6|   7|   4|   5|   6|   2| ## |   2|   5|   5|   5|   5|   5|   5|   5|   2|   6|   7|   4|   5|   7|   5|   4|   3|   6|   5|   7|   6|   5|   3|   6|   5|   3|   4|   6|   4|   4|   5|   4|   7|   8|   6|   4|   6|   4|   4|   5|   4|   7|   6|   6|   3|   7|   5|   6|   5|   3|   6|   3|   2|   8|[ 9]| 314|  12|
 +----+----+----+----+----+----+----+----+----+----+----+----+----+----+----+----+----+----+----+----+----+----+----+----+----+----+----+----+----+----+----+----+----+----+----+----+----+----+----+----+----+----+----+----+----+----+----+----+----+----+----+----+----+----+----+----+----+----+----+----+----+----+----+----+----+----+----+----+
 |[10]|   2|   4|   7|   3|   4|   5|   5|   4|   4|   3| ## |   7|   4|   5|   4|   5|   5|   3|   6|   2|   6|   8|   4|   2|   3|   4|   4|   4|   4|   6|   5|   5|   6|   6|   4|   5|   5|   2|   3|   7|   6|   4|   5|   5|   6|   3|   6|   6|   7|   6|   5|   6|   3|   6|   5|   8|   4|   4|   4|   6|   4|   5|   4|   4|[10]| 297|  11|
 +----+----+----+----+----+----+----+----+----+----+----+----+----+----+----+----+----+----+----+----+----+----+----+----+----+----+----+----+----+----+----+----+----+----+----+----+----+----+----+----+----+----+----+----+----+----+----+----+----+----+----+----+----+----+----+----+----+----+----+----+----+----+----+----+----+----+----+----+
 |[11]|    |   3|   2|   1|   2|   1|    |   2|   2|   1|    | ## |   2|   2|   2|   2|   1|   1|    |   1|   2|   1|   1|   2|   1|   1|   2|    |   1|    |   1|    |   1|   1|   1|   2|    |   1|   3|   2|   1|    |   3|   1|   1|   2|   1|   1|    |   1|   2|   1|   2|   3|   3|   2|   2|   2|   1|    |   2|   1|    |    |[11]|  80|   5|
 +----+----+----+----+----+----+----+----+----+----+----+----+----+----+----+----+----+----+----+----+----+----+----+----+----+----+----+----+----+----+----+----+----+----+----+----+----+----+----+----+----+----+----+----+----+----+----+----+----+----+----+----+----+----+----+----+----+----+----+----+----+----+----+----+----+----+----+----+
 |[12]|   3|   1|   1|   1|   3|   2|   2|   2|    |   2|    |   3| ## |   1|   1|   3|   2|    |   3|    |   1|   2|   1|   2|   1|   2|   1|   1|   2|   1|   1|   2|   1|   2|   1|   3|   2|   2|   2|   1|   3|   1|   2|   2|   3|   1|   3|   3|   3|    |   2|   3|   2|    |   2|   1|   1|   2|   2|   1|   2|   2|   2|   1|[12]| 105|   5|
 +----+----+----+----+----+----+----+----+----+----+----+----+----+----+----+----+----+----+----+----+----+----+----+----+----+----+----+----+----+----+----+----+----+----+----+----+----+----+----+----+----+----+----+----+----+----+----+----+----+----+----+----+----+----+----+----+----+----+----+----+----+----+----+----+----+----+----+----+
 |[13]|   1|    |    |   1|   2|   1|    |   1|   1|   1|    |    |   1| ## |    |    |   1|   2|   2|   2|    |    |    |    |   1|   1|   2|    |    |   1|   2|   1|    |   1|    |   1|    |   2|   1|   1|   2|   1|    |   1|   1|    |   1|   1|   1|   1|    |   1|   1|    |   2|   1|    |   1|    |   1|    |   2|   1|    |[13]|  49|   3|
 +----+----+----+----+----+----+----+----+----+----+----+----+----+----+----+----+----+----+----+----+----+----+----+----+----+----+----+----+----+----+----+----+----+----+----+----+----+----+----+----+----+----+----+----+----+----+----+----+----+----+----+----+----+----+----+----+----+----+----+----+----+----+----+----+----+----+----+----+
 |[14]|  12|  11|  10|   6|  11|  10|  14|   6|   9|  14|  11|  12|  14|  11| ## |  14|  11|   8|  11|  13|  10|  15|  10|  15|  12|   9|  11|   8|  12|  12|  12|  11|   9|  12|  11|  13|  13|  10|  12|  10|   7|  17|  14|  12|  10|  12|  15|  12|  12|  12|   7|  12|  13|  11|   9|  12|  13|  10|   9|  13|  13|  14|   8|  11|[14]| 713|  30|
 +----+----+----+----+----+----+----+----+----+----+----+----+----+----+----+----+----+----+----+----+----+----+----+----+----+----+----+----+----+----+----+----+----+----+----+----+----+----+----+----+----+----+----+----+----+----+----+----+----+----+----+----+----+----+----+----+----+----+----+----+----+----+----+----+----+----+----+----+
 |[15]|   2|   3|   2|   1|   3|   4|   2|   1|   1|   2|   1|   2|    |   1|   2| ## |   4|   2|    |   2|   2|   2|    |   1|   1|   2|   2|   1|   3|   1|   2|   4|    |   3|   2|   1|   5|   2|   2|   3|   3|   1|   1|    |   2|   2|   4|   1|   3|   2|   3|   3|   5|   3|   3|   3|   2|   3|   1|   3|   3|   1|    |   2|[15]| 128|   6|
 +----+----+----+----+----+----+----+----+----+----+----+----+----+----+----+----+----+----+----+----+----+----+----+----+----+----+----+----+----+----+----+----+----+----+----+----+----+----+----+----+----+----+----+----+----+----+----+----+----+----+----+----+----+----+----+----+----+----+----+----+----+----+----+----+----+----+----+----+
 |[16]|   4|   3|   4|   6|   4|   3|   5|   2|   1|   4|   4|   4|   3|   2|   4|   4| ## |   2|   4|   3|   5|   3|   1|   3|   3|   3|   2|   2|   5|    |   4|   2|   2|   3|   4|   5|   5|   2|   4|   3|   4|   2|   5|   3|   4|   4|   2|   2|   4|   3|   5|   4|   3|   5|   3|   4|   5|   3|   4|   4|   5|   2|   3|   3|[16]| 213|   7|
 +----+----+----+----+----+----+----+----+----+----+----+----+----+----+----+----+----+----+----+----+----+----+----+----+----+----+----+----+----+----+----+----+----+----+----+----+----+----+----+----+----+----+----+----+----+----+----+----+----+----+----+----+----+----+----+----+----+----+----+----+----+----+----+----+----+----+----+----+
 |[17]|   6|   7|   6|   7|   5|   6|   5|   7|   4|   5|   5|   8|   7|   7|   5|   9|   8| ## |   6|   5|   5|   8|   7|   8|   5|   5|   5|   6|   8|   4|   4|   7|   7|   6|   9|   7|   6|   8|   6|   7|   5|   5|   7|   6|   7|   3|   6|   4|   5|   7|   5|   8|   6|   9|   5|   5|   7|   5|   5|   7|   7|   5|   8|   7|[17]| 390|  17|
 +----+----+----+----+----+----+----+----+----+----+----+----+----+----+----+----+----+----+----+----+----+----+----+----+----+----+----+----+----+----+----+----+----+----+----+----+----+----+----+----+----+----+----+----+----+----+----+----+----+----+----+----+----+----+----+----+----+----+----+----+----+----+----+----+----+----+----+----+
 |[18]|   7|  10|   9|   6|  11|   9|   8|   7|   8|  12|   9|   9|   8|   8|   9|   9|   6|   8| ## |  12|  10|   8|   9|   9|   8|   9|   8|   9|  12|   9|  13|  12|   8|  15|  10|  10|  12|  11|   9|   9|   7|  10|  10|  10|   5|   8|   8|   8|   8|   6|   9|   9|  12|   6|   5|   7|   5|   9|   8|   7|   9|   7|   6|   7|[18]| 551|  24|
 +----+----+----+----+----+----+----+----+----+----+----+----+----+----+----+----+----+----+----+----+----+----+----+----+----+----+----+----+----+----+----+----+----+----+----+----+----+----+----+----+----+----+----+----+----+----+----+----+----+----+----+----+----+----+----+----+----+----+----+----+----+----+----+----+----+----+----+----+
 |[19]|    |    |   1|   2|    |   1|   1|   1|    |   1|   1|    |   1|    |   1|   1|    |   1|   1| ## |   1|   1|   1|   1|    |    |   2|   2|   1|   1|   1|   1|   1|   1|   1|   1|   1|    |    |   1|    |   1|   1|   2|   1|    |    |    |    |   2|    |   1|    |   1|    |    |   2|    |   1|   2|   1|   1|    |    |[19]|  47|   3|
 +----+----+----+----+----+----+----+----+----+----+----+----+----+----+----+----+----+----+----+----+----+----+----+----+----+----+----+----+----+----+----+----+----+----+----+----+----+----+----+----+----+----+----+----+----+----+----+----+----+----+----+----+----+----+----+----+----+----+----+----+----+----+----+----+----+----+----+----+
 |[20]|   6|   2|   1|   9|   9|   8|   5|   3|   6|   6|   5|   8|   6|   7|   5|   7|   5|   4|   1|   5| ## |   5|   3|   5|   4|   3|   8|   4|   6|   4|   4|   8|   2|   4|   4|   7|   6|   6|   3|   7|   5|   7|   7|   3|   6|   6|   7|   3|   6|   1|   7|   8|   7|   4|   3|   8|   5|   4|   3|   4|   3|   3|   2|   7|[20]| 320|  12|
 +----+----+----+----+----+----+----+----+----+----+----+----+----+----+----+----+----+----+----+----+----+----+----+----+----+----+----+----+----+----+----+----+----+----+----+----+----+----+----+----+----+----+----+----+----+----+----+----+----+----+----+----+----+----+----+----+----+----+----+----+----+----+----+----+----+----+----+----+
 |[21]|   7|   9|   9|   7|  12|   7|   5|   8|   6|   9|   6|   9|  11|   6|   7|   8|   6|   4|   8|  11|   7| ## |   5|   8|   9|   5|   8|   8|   9|   7|  10|   9|   5|   9|   8|  10|   8|   8|   8|  11|  10|   8|   6|   7|   6|  11|   7|   8|   5|   8|  12|   7|   6|   9|   7|   6|   8|   8|   9|   9|   5|  11|   4|   8|[21]| 492|  18|
 +----+----+----+----+----+----+----+----+----+----+----+----+----+----+----+----+----+----+----+----+----+----+----+----+----+----+----+----+----+----+----+----+----+----+----+----+----+----+----+----+----+----+----+----+----+----+----+----+----+----+----+----+----+----+----+----+----+----+----+----+----+----+----+----+----+----+----+----+
 |[22]|   6|   6|   6|   3|   7|   6|   3|   4|   3|   7|   4|   5|   4|   6|   5|   3|   4|   3|   5|   6|   3|   2| ## |   6|   4|   3|   8|   3|   8|   6|   4|   4|   6|   7|   5|   7|   3|   8|   7|   4|   6|   6|   6|   5|   4|   8|   5|   4|   5|   3|   5|   5|   9|   7|   5|   4|   3|   7|   4|   5|   6|   2|   3|   8|[22]| 319|  14|
 +----+----+----+----+----+----+----+----+----+----+----+----+----+----+----+----+----+----+----+----+----+----+----+----+----+----+----+----+----+----+----+----+----+----+----+----+----+----+----+----+----+----+----+----+----+----+----+----+----+----+----+----+----+----+----+----+----+----+----+----+----+----+----+----+----+----+----+----+
 |[23]|   1|   2|    |   1|   3|   2|   2|    |   1|   2|   1|   3|   2|   1|   1|   1|   1|   1|   1|   2|   1|   1|   1| ## |    |   1|   1|   1|   2|    |   1|   1|    |   2|   1|   2|   2|   1|   1|   1|   1|   2|   1|    |   1|   1|   1|   2|   1|   1|   2|   2|   1|   1|    |   1|   2|   1|   1|   2|    |   1|   1|   2|[23]|  76|   4|
 +----+----+----+----+----+----+----+----+----+----+----+----+----+----+----+----+----+----+----+----+----+----+----+----+----+----+----+----+----+----+----+----+----+----+----+----+----+----+----+----+----+----+----+----+----+----+----+----+----+----+----+----+----+----+----+----+----+----+----+----+----+----+----+----+----+----+----+----+
 |[24]|   1|    |    |   2|   3|   3|   2|   1|   2|   1|   1|   4|   2|   3|   2|   3|   2|   3|   1|   3|   2|   1|   4|   3| ## |   2|   2|   3|    |   1|   2|    |   2|   1|   2|   1|   2|   1|   3|   3|   2|   2|   2|   1|   3|    |   1|   2|   2|   2|   1|   3|   3|   4|   1|   3|   3|    |   1|   2|   1|   1|    |   4|[24]| 118|  10|
 +----+----+----+----+----+----+----+----+----+----+----+----+----+----+----+----+----+----+----+----+----+----+----+----+----+----+----+----+----+----+----+----+----+----+----+----+----+----+----+----+----+----+----+----+----+----+----+----+----+----+----+----+----+----+----+----+----+----+----+----+----+----+----+----+----+----+----+----+
 |[25]|   8|  11|  13|   8|  10|  10|  11|   8|   9|   5|   5|  10|   6|  10|  11|   9|   9|   8|   5|   8|  11|   7|   6|  11|   5| ## |   8|   7|   8|  10|   8|   7|   8|   8|   8|   7|  11|   7|  10|  10|   8|  11|   7|   9|   4|   8|   9|  10|  16|  10|   9|   8|  11|  11|  10|   8|   8|  12|   7|  13|   9|   8|  10|   7|[25]| 554|  41|
 +----+----+----+----+----+----+----+----+----+----+----+----+----+----+----+----+----+----+----+----+----+----+----+----+----+----+----+----+----+----+----+----+----+----+----+----+----+----+----+----+----+----+----+----+----+----+----+----+----+----+----+----+----+----+----+----+----+----+----+----+----+----+----+----+----+----+----+----+
 |[26]|   2|   4|   3|    |   4|   5|   5|   2|   5|   4|   2|   4|   2|   3|   3|   5|   3|   4|   4|   2|   2|   5|   2|   2|   2|   2| ## |   6|   3|   2|   3|   2|   1|   4|   3|   4|   3|   3|   4|   1|   3|   2|   4|   2|   2|   2|   5|   2|   3|   3|   3|   3|   4|   3|   3|   3|   7|    |   3|   3|   2|   3|   3|   1|[26]| 189|  10|
 +----+----+----+----+----+----+----+----+----+----+----+----+----+----+----+----+----+----+----+----+----+----+----+----+----+----+----+----+----+----+----+----+----+----+----+----+----+----+----+----+----+----+----+----+----+----+----+----+----+----+----+----+----+----+----+----+----+----+----+----+----+----+----+----+----+----+----+----+
 |[27]|  13|  13|   6|  11|  17|   9|   9|  12|   7|  11|  11|  10|  10|   8|  10|   8|  10|  10|  11|  13|  10|  10|  11|   9|  16|   6|  14| ## |   9|  12|  14|  13|   7|  10|   7|  11|  10|   8|  11|  13|  11|   8|  14|  17|   8|  17|  14|   8|  11|   7|  10|  16|  13|  12|  14|   6|  11|  15|   8|  10|  13|   8|   7|  13|[27]| 681|  37|
 +----+----+----+----+----+----+----+----+----+----+----+----+----+----+----+----+----+----+----+----+----+----+----+----+----+----+----+----+----+----+----+----+----+----+----+----+----+----+----+----+----+----+----+----+----+----+----+----+----+----+----+----+----+----+----+----+----+----+----+----+----+----+----+----+----+----+----+----+
 |[28]|   1|   1|   1|   4|   2|   1|   3|   2|    |   2|    |   4|   2|   3|   2|   3|   2|   2|   2|   2|   2|   1|   3|    |   2|   2|   2|   1| ## |   4|   2|   2|   1|   3|   1|   3|   2|   2|   2|   3|   3|   2|   2|   2|   2|   2|   3|    |   2|    |   2|   2|   2|   3|    |   1|   1|   5|   3|   1|   3|    |    |   3|[28]| 121|   5|
 +----+----+----+----+----+----+----+----+----+----+----+----+----+----+----+----+----+----+----+----+----+----+----+----+----+----+----+----+----+----+----+----+----+----+----+----+----+----+----+----+----+----+----+----+----+----+----+----+----+----+----+----+----+----+----+----+----+----+----+----+----+----+----+----+----+----+----+----+
 |[29]|  10|   4|   6|   9|   8|   7|   5|   5|   5|   5|   4|   8|   4|   6|   8|   7|   6|   3|   7|   5|   6|   3|   7|   5|   5|   8|   4|   5|   7| ## |   6|   8|   6|   5|   5|  11|   5|   5|   7|   8|   7|   7|   6|   5|   7|   5|   3|   5|   8|   5|   6|   4|   8|   2|   4|   4|   5|  10|   8|   6|   8|   3|   7|   7|[29]| 378|  20|
 +----+----+----+----+----+----+----+----+----+----+----+----+----+----+----+----+----+----+----+----+----+----+----+----+----+----+----+----+----+----+----+----+----+----+----+----+----+----+----+----+----+----+----+----+----+----+----+----+----+----+----+----+----+----+----+----+----+----+----+----+----+----+----+----+----+----+----+----+
 |[30]|   1|   2|   2|   1|   1|    |   2|   2|   3|   3|   1|   2|   3|   1|   2|   2|   1|   1|   2|   3|   3|    |   2|   3|   1|    |   2|   3|   1|    | ## |   3|   2|   3|   1|   2|   1|   1|   2|    |    |   3|   3|   1|   1|   1|   2|   1|   1|   2|   2|   1|   2|   2|   2|    |   2|   2|   3|   2|   2|   3|   2|   1|[30]| 106|   3|
 +----+----+----+----+----+----+----+----+----+----+----+----+----+----+----+----+----+----+----+----+----+----+----+----+----+----+----+----+----+----+----+----+----+----+----+----+----+----+----+----+----+----+----+----+----+----+----+----+----+----+----+----+----+----+----+----+----+----+----+----+----+----+----+----+----+----+----+----+
 |[31]|   4|   4|   2|   5|   3|   3|   3|   2|   3|   3|   3|   4|   2|    |   3|   4|   4|   5|   2|   5|   4|   3|   4|   2|   2|   4|   3|   3|   2|   2|   2| ## |   3|   4|   4|   3|   3|   4|   3|   3|   4|   3|    |   2|   3|   2|   2|   2|   3|   2|   1|   1|   3|   2|   1|   3|   1|   3|   3|   3|   4|   1|   3|   3|[31]| 177|   7|
 +----+----+----+----+----+----+----+----+----+----+----+----+----+----+----+----+----+----+----+----+----+----+----+----+----+----+----+----+----+----+----+----+----+----+----+----+----+----+----+----+----+----+----+----+----+----+----+----+----+----+----+----+----+----+----+----+----+----+----+----+----+----+----+----+----+----+----+----+
 |[32]|  11|   9|   7|   9|   7|   7|  10|   4|   9|   9|   8|   9|   8|   7|   6|  10|  10|   5|   4|   8|   9|   7|   6|   6|   9|  11|  10|   6|   8|   8|   9|   8| ## |   8|   9|   9|   8|  10|   5|   8|   7|  11|   8|   4|  11|   8|   9|   7|  11|   4|   7|   8|   8|   8|   6|   9|  10|   9|   5|   9|   9|  10|   7|  10|[32]| 506|  20|
 +----+----+----+----+----+----+----+----+----+----+----+----+----+----+----+----+----+----+----+----+----+----+----+----+----+----+----+----+----+----+----+----+----+----+----+----+----+----+----+----+----+----+----+----+----+----+----+----+----+----+----+----+----+----+----+----+----+----+----+----+----+----+----+----+----+----+----+----+
 |[33]|  12|  12|  12|  15|  18|  16|   7|  17|  12|  15|   7|  16|  11|  13|  11|  16|  15|  10|  13|  13|  17|  13|  13|  14|  11|   7|  14|   8|  17|  15|  14|  12|  12| ## |   8|  13|  13|  13|  13|  17|  13|   9|  15|   8|  10|  12|  18|  12|  13|  12|  10|  14|  12|  12|  11|  15|  14|  11|  10|  14|  15|  10|  12|  11|[33]| 798|  30|
 +----+----+----+----+----+----+----+----+----+----+----+----+----+----+----+----+----+----+----+----+----+----+----+----+----+----+----+----+----+----+----+----+----+----+----+----+----+----+----+----+----+----+----+----+----+----+----+----+----+----+----+----+----+----+----+----+----+----+----+----+----+----+----+----+----+----+----+----+
 |[34]|   3|    |   3|   2|   7|   4|   4|   5|   2|   2|   6|   2|    |   3|   1|   3|   2|   4|   2|   3|   2|   3|   3|   3|   3|   2|   2|   4|   2|   1|   3|   4|   3|    | ## |   3|   4|   2|   2|   1|   5|   3|   4|   1|   4|    |   5|   2|   2|   1|   6|   3|   3|   1|   4|   3|   4|   3|   1|   1|   3|   2|   3|   4|[34]| 173|   8|
 +----+----+----+----+----+----+----+----+----+----+----+----+----+----+----+----+----+----+----+----+----+----+----+----+----+----+----+----+----+----+----+----+----+----+----+----+----+----+----+----+----+----+----+----+----+----+----+----+----+----+----+----+----+----+----+----+----+----+----+----+----+----+----+----+----+----+----+----+
 |[35]|   4|   2|   1|   1|   4|   2|   3|   2|   1|   1|   4|   1|   4|   3|   2|   1|   1|   2|   2|   1|   2|   2|   1|   3|   3|    |   1|   2|   2|    |   3|   3|   3|    |   1| ## |    |   2|   3|   2|   1|   4|   2|   3|   1|   1|   2|   2|   3|    |   2|   2|   5|   1|   3|   2|   4|   3|   2|   3|   3|   2|   1|   3|[35]| 130|   6|
 +----+----+----+----+----+----+----+----+----+----+----+----+----+----+----+----+----+----+----+----+----+----+----+----+----+----+----+----+----+----+----+----+----+----+----+----+----+----+----+----+----+----+----+----+----+----+----+----+----+----+----+----+----+----+----+----+----+----+----+----+----+----+----+----+----+----+----+----+
 |[36]|   3|   1|   5|   2|   3|   6|   5|   2|   1|   5|   2|   1|   4|   2|   3|   1|   1|   4|   3|   2|   3|   4|   4|   2|   4|   4|   2|   4|   2|    |   1|   4|   1|   1|   3|   5| ## |   3|   4|   2|   3|   4|   4|   2|   3|   4|   1|   2|   1|   4|   6|   5|   1|   4|   5|   1|   3|   4|   1|   4|   2|   3|    |   5|[36]| 181|  12|
 +----+----+----+----+----+----+----+----+----+----+----+----+----+----+----+----+----+----+----+----+----+----+----+----+----+----+----+----+----+----+----+----+----+----+----+----+----+----+----+----+----+----+----+----+----+----+----+----+----+----+----+----+----+----+----+----+----+----+----+----+----+----+----+----+----+----+----+----+
 |[37]|   1|   2|   2|   2|   2|   1|   1|   1|   2|   1|   1|   2|    |   1|   1|   1|   1|   2|   1|   2|   2|   2|   2|   1|   1|   1|   1|   2|   2|   1|   1|   1|   2|   1|   2|    |   1| ## |   1|   2|   1|   1|   2|   1|   2|   1|   2|   1|   1|   1|   1|   2|   2|   1|    |   1|   2|   2|   1|   2|   1|   1|   1|   2|[37]|  85|   3|
 +----+----+----+----+----+----+----+----+----+----+----+----+----+----+----+----+----+----+----+----+----+----+----+----+----+----+----+----+----+----+----+----+----+----+----+----+----+----+----+----+----+----+----+----+----+----+----+----+----+----+----+----+----+----+----+----+----+----+----+----+----+----+----+----+----+----+----+----+
 |[38]|   4|   6|   4|   4|   8|   4|   3|   6|   3|   8|   4|  10|   5|   7|   4|   4|   8|   5|   5|   9|   5|   7|   4|   6|   3|   4|   5|   5|   5|   2|   6|   6|   5|   7|   3|  10|   9|   5| ## |   5|   7|   7|   8|   6|   8|   6|   8|   5|   7|   5|   6|   8|   9|   7|   4|   4|   9|   2|   5|   4|   9|   6|   4|   7|[38]| 364|  16|
 +----+----+----+----+----+----+----+----+----+----+----+----+----+----+----+----+----+----+----+----+----+----+----+----+----+----+----+----+----+----+----+----+----+----+----+----+----+----+----+----+----+----+----+----+----+----+----+----+----+----+----+----+----+----+----+----+----+----+----+----+----+----+----+----+----+----+----+----+
 |[39]|   7|   6|   3|   6|   5|   7|   5|   7|   7|   5|   3|   5|   6|   7|   6|   9|   3|   5|   5|   5|   8|   5|   5|   5|   7|   4|   6|   5|   7|   4|   8|   7|   2|   4|   4|   7|   4|   4|   7| ## |   6|   4|   5|   5|   5|   4|   4|   5|   4|   6|   8|   5|   4|   4|   4|   6|   9|   5|   2|   5|   4|   1|   4|   4|[39]| 328|  12|
 +----+----+----+----+----+----+----+----+----+----+----+----+----+----+----+----+----+----+----+----+----+----+----+----+----+----+----+----+----+----+----+----+----+----+----+----+----+----+----+----+----+----+----+----+----+----+----+----+----+----+----+----+----+----+----+----+----+----+----+----+----+----+----+----+----+----+----+----+
 |[40]|  17|  19|  19|  15|  27|  16|  17|  23|  25|  21|  20|  20|  18|  18|  18|  22|  25|  15|  25|  23|  24|  25|  24|  17|  19|  13|  19|  16|  29|  27|  25|  12|  16|  28|  20|  26|  18|  21|  25|  20| ## |  20|  23|  27|  23|  17|  25|  22|  19|  16|  17|  18|  19|  23|  23|  21|  23|  25|  14|  15|  27|  25|  15|  27|[40]|1311|  68|
 +----+----+----+----+----+----+----+----+----+----+----+----+----+----+----+----+----+----+----+----+----+----+----+----+----+----+----+----+----+----+----+----+----+----+----+----+----+----+----+----+----+----+----+----+----+----+----+----+----+----+----+----+----+----+----+----+----+----+----+----+----+----+----+----+----+----+----+----+
 |[41]|   2|   3|    |   2|   2|   2|   1|    |   1|   2|   2|   2|   1|   3|   2|   3|   2|   1|   1|   2|   1|   2|   1|   3|   3|   2|    |    |   2|   3|   1|   3|    |   2|   2|   4|   3|   2|   2|   1|   3| ## |   1|   1|   1|   2|   1|   2|    |   2|   2|   2|   2|   2|   2|   2|   2|   1|   1|   1|   3|   1|   1|   2|[41]| 108|   8|
 +----+----+----+----+----+----+----+----+----+----+----+----+----+----+----+----+----+----+----+----+----+----+----+----+----+----+----+----+----+----+----+----+----+----+----+----+----+----+----+----+----+----+----+----+----+----+----+----+----+----+----+----+----+----+----+----+----+----+----+----+----+----+----+----+----+----+----+----+
 |[42]|   2|   5|   5|   5|   8|   2|   5|   4|   5|   3|   5|   6|   4|   6|   4|   5|   6|   5|   2|   5|   6|   4|   7|   7|   7|   3|   5|   3|   7|   3|   9|   5|   7|   5|   5|   6|   5|   7|   4|   6|   5|   7| ## |   3|   7|   6|   6|   5|   7|   6|   7|   7|   8|   5|   2|   4|   7|   5|   2|   4|   7|   5|   6|   3|[42]| 327|  11|
 +----+----+----+----+----+----+----+----+----+----+----+----+----+----+----+----+----+----+----+----+----+----+----+----+----+----+----+----+----+----+----+----+----+----+----+----+----+----+----+----+----+----+----+----+----+----+----+----+----+----+----+----+----+----+----+----+----+----+----+----+----+----+----+----+----+----+----+----+
 |[43]|  12|   8|   8|  10|  15|  10|  10|  14|  15|  12|  14|  12|  12|  12|  15|  14|  13|   8|   9|  10|  12|  10|  10|   9|   8|   6|  14|   9|  18|  11|   9|   6|   9|  11|  10|  13|  11|  10|  10|  15|  14|  11|  15| ## |   6|  13|  12|  12|  12|  11|  11|  10|  11|   7|  11|   8|  14|  11|  14|  15|  10|  12|   5|  14|[43]| 703|  31|
 +----+----+----+----+----+----+----+----+----+----+----+----+----+----+----+----+----+----+----+----+----+----+----+----+----+----+----+----+----+----+----+----+----+----+----+----+----+----+----+----+----+----+----+----+----+----+----+----+----+----+----+----+----+----+----+----+----+----+----+----+----+----+----+----+----+----+----+----+
 |[44]|   6|   8|   5|   4|   7|   5|   7|   6|   4|   4|   8|   8|   4|   6|   5|   5|   6|   6|   5|   8|   4|   8|   7|   6|   6|   3|   6|   7|   6|   4|   6|   9|   3|   5|   4|   8|   8|   6|   4|   3|   8|   7|   7|   7| ## |  10|   8|   8|   8|  12|   5|   7|   8|   8|   5|   3|   7|   6|   2|   8|   5|   8|   6|   8|[44]| 391|  18|
 +----+----+----+----+----+----+----+----+----+----+----+----+----+----+----+----+----+----+----+----+----+----+----+----+----+----+----+----+----+----+----+----+----+----+----+----+----+----+----+----+----+----+----+----+----+----+----+----+----+----+----+----+----+----+----+----+----+----+----+----+----+----+----+----+----+----+----+----+
 |[45]|   6|   6|   5|   9|  14|  10|  14|   9|   9|   9|   6|  10|  13|  12|   8|   8|  11|   8|  11|  12|  10|   9|  12|   7|  11|   7|  11|  10|   9|   9|   8|   8|   7|   7|   8|   9|   8|  14|   9|  12|  12|  10|  11|  12|  10| ## |  15|  11|  11|  11|   8|   9|  12|   7|   7|  10|  14|  13|   7|  11|   8|   9|   7|  10|[45]| 610|  27|
 +----+----+----+----+----+----+----+----+----+----+----+----+----+----+----+----+----+----+----+----+----+----+----+----+----+----+----+----+----+----+----+----+----+----+----+----+----+----+----+----+----+----+----+----+----+----+----+----+----+----+----+----+----+----+----+----+----+----+----+----+----+----+----+----+----+----+----+----+
 |[46]|   2|   1|   2|   2|   2|   2|   2|   1|   1|   2|   1|   1|   1|   1|   1|   2|   2|   2|    |   2|   1|   2|   2|   2|   2|   2|   2|   1|   2|   1|   1|   2|   2|   1|   3|   2|   2|   2|   2|   1|   3|   3|   2|   2|    |   2| ## |   1|   1|   3|   1|   3|   4|   1|   2|   2|   2|    |   2|   2|   3|   3|    |   3|[46]| 110|   6|
 +----+----+----+----+----+----+----+----+----+----+----+----+----+----+----+----+----+----+----+----+----+----+----+----+----+----+----+----+----+----+----+----+----+----+----+----+----+----+----+----+----+----+----+----+----+----+----+----+----+----+----+----+----+----+----+----+----+----+----+----+----+----+----+----+----+----+----+----+
 |[47]|   3|   2|   4|   2|   3|   5|   2|   2|   3|   3|   4|   2|   2|   2|   1|   4|   2|   2|   1|   6|   2|   3|   4|   4|   3|   2|   6|   3|   3|   2|   2|   3|   3|   2|   2|   3|   2|   1|   3|   1|   4|   1|   2|   2|   3|   2|   3| ## |   4|   5|   3|   1|   4|   4|   4|   2|   4|   3|   1|   3|   3|   2|   5|   1|[47]| 175|   7|
 +----+----+----+----+----+----+----+----+----+----+----+----+----+----+----+----+----+----+----+----+----+----+----+----+----+----+----+----+----+----+----+----+----+----+----+----+----+----+----+----+----+----+----+----+----+----+----+----+----+----+----+----+----+----+----+----+----+----+----+----+----+----+----+----+----+----+----+----+
 |[48]|   5|   2|   3|   4|   3|   4|   5|   3|   3|   3|   5|   5|   3|   1|   2|   1|   3|   1|   3|   4|   1|   5|   4|   4|   1|   1|   1|   2|   5|   4|   2|   3|   4|   7|   2|   6|   6|   4|   4|   3|   2|   5|   3|   6|   4|   5|   5|   4| ## |   3|   1|   3|   4|   3|   2|   4|   2|   2|   2|   5|   5|   4|   2|   3|[48]| 211|  13|
 +----+----+----+----+----+----+----+----+----+----+----+----+----+----+----+----+----+----+----+----+----+----+----+----+----+----+----+----+----+----+----+----+----+----+----+----+----+----+----+----+----+----+----+----+----+----+----+----+----+----+----+----+----+----+----+----+----+----+----+----+----+----+----+----+----+----+----+----+
 |[49]|   4|   5|  11|   7|  10|   4|   6|   9|   6|  10|   7|   9|   5|   8|   8|  11|   9|   6|   6|   8|   6|   9|   6|  10|   4|   7|  12|   9|  10|   8|   5|   7|   6|   9|   7|   6|   8|   7|  10|   3|   8|   6|   7|   5|   9|   5|   7|   9|   8| ## |   9|   7|  11|   7|   5|   8|   8|   8|   9|   7|   7|   8|   7|   9|[49]| 472|  25|
 +----+----+----+----+----+----+----+----+----+----+----+----+----+----+----+----+----+----+----+----+----+----+----+----+----+----+----+----+----+----+----+----+----+----+----+----+----+----+----+----+----+----+----+----+----+----+----+----+----+----+----+----+----+----+----+----+----+----+----+----+----+----+----+----+----+----+----+----+
 |[50]|   2|   5|   2|   2|   4|   1|   3|   3|   2|   3|   3|   2|   3|    |   2|   1|   3|   1|   3|   2|   2|   2|   1|   3|   2|   1|   4|   1|   3|   2|   3|   3|   2|   4|   2|   1|   2|   5|   3|   2|   4|   3|   3|   2|   1|   3|   3|   1|   1|   1| ## |   5|   4|   1|   3|   1|   5|   4|   1|   3|   3|   2|   1|   4|[50]| 154|   7|
 +----+----+----+----+----+----+----+----+----+----+----+----+----+----+----+----+----+----+----+----+----+----+----+----+----+----+----+----+----+----+----+----+----+----+----+----+----+----+----+----+----+----+----+----+----+----+----+----+----+----+----+----+----+----+----+----+----+----+----+----+----+----+----+----+----+----+----+----+
 |[51]|   1|   2|   1|   2|   3|    |   2|   1|   2|   1|   1|   3|   1|   1|   2|   2|   1|    |   1|   1|   1|   3|   1|   1|   1|   2|   2|   2|   1|   1|   2|   1|   2|   1|   1|   2|   1|    |   1|   1|   2|   2|   2|    |   2|   1|   1|   3|   1|   1|   1| ## |   1|   2|    |   4|   1|   2|   2|   1|   2|    |   3|    |[51]|  89|  10|
 +----+----+----+----+----+----+----+----+----+----+----+----+----+----+----+----+----+----+----+----+----+----+----+----+----+----+----+----+----+----+----+----+----+----+----+----+----+----+----+----+----+----+----+----+----+----+----+----+----+----+----+----+----+----+----+----+----+----+----+----+----+----+----+----+----+----+----+----+
 |[52]|   4|   5|   2|   6|   7|   4|   3|   4|   6|   5|   6|   3|   4|   5|   5|   5|   5|   4|   3|   6|   8|   4|   5|   7|   3|   3|   6|   5|   6|   5|   6|   6|   6|   6|   4|   6|   5|   6|   4|   4|   4|   6|   2|   5|   4|   5|   5|   4|   3|   3|   4|   8| ## |   4|   3|   5|   5|   5|   3|   5|   7|   2|   3|   5|[52]| 297|  11|
 +----+----+----+----+----+----+----+----+----+----+----+----+----+----+----+----+----+----+----+----+----+----+----+----+----+----+----+----+----+----+----+----+----+----+----+----+----+----+----+----+----+----+----+----+----+----+----+----+----+----+----+----+----+----+----+----+----+----+----+----+----+----+----+----+----+----+----+----+
 |[53]|    |   1|   1|   3|   1|   1|   1|   3|   2|   1|   1|   2|   1|   1|   2|   2|   2|   1|   1|   2|    |   2|   1|   2|   1|    |   3|   1|   1|   1|   1|   2|   1|   2|    |   1|   2|   2|   3|   2|   2|   1|   1|   1|   1|   1|   2|   1|   2|   3|   2|   1|   1| ## |   1|   1|   1|   2|   1|   1|   1|   1|   1|   2|[53]|  88|   3|
 +----+----+----+----+----+----+----+----+----+----+----+----+----+----+----+----+----+----+----+----+----+----+----+----+----+----+----+----+----+----+----+----+----+----+----+----+----+----+----+----+----+----+----+----+----+----+----+----+----+----+----+----+----+----+----+----+----+----+----+----+----+----+----+----+----+----+----+----+
 |[54]|   3|   7|   4|   4|   7|   4|   7|   4|   9|   6|   5|   8|   6|   4|   3|   6|   6|   5|   4|   3|   4|   4|   6|   3|   7|   7|   7|   5|   8|   4|   7|   4|   4|   9|   4|   6|   3|   6|   4|   2|   7|   1|   5|   6|   7|   7|   8|   5|   6|   1|   7|   7|   3|   6| ## |   4|   6|   7|   4|   4|   5|   8|   4|   7|[54]| 334|  16|
 +----+----+----+----+----+----+----+----+----+----+----+----+----+----+----+----+----+----+----+----+----+----+----+----+----+----+----+----+----+----+----+----+----+----+----+----+----+----+----+----+----+----+----+----+----+----+----+----+----+----+----+----+----+----+----+----+----+----+----+----+----+----+----+----+----+----+----+----+
 |[55]|   4|   4|   4|   6|  10|   5|   6|   6|   6|   8|   5|   4|   7|   4|   7|   7|   6|   7|   5|   8|   3|   4|   5|   5|   9|   6|   6|   6|   7|   5|   5|   4|   8|   4|   7|   6|   9|   8|   4|  11|   4|   8|   5|   6|   6|   9|   9|   5|   7|   8|   6|   4|   5|   6|  10| ## |   9|   6|   7|   5|   6|   6|   6|   9|[55]| 393|  19|
 +----+----+----+----+----+----+----+----+----+----+----+----+----+----+----+----+----+----+----+----+----+----+----+----+----+----+----+----+----+----+----+----+----+----+----+----+----+----+----+----+----+----+----+----+----+----+----+----+----+----+----+----+----+----+----+----+----+----+----+----+----+----+----+----+----+----+----+----+
 |[56]|   8|   7|   6|   6|   3|   4|   7|   5|   4|   6|   5|   7|   2|   2|   6|   6|   6|   4|   5|   5|   6|   3|   6|   3|   6|   4|   4|   4|   7|   3|   6|   7|   4|   6|   4|   5|   4|   6|   7|   6|   7|   4|   6|   6|   4|   5|   4|   4|   4|   3|   5|   5|   7|   5|   4|   2| ## |   6|   5|   6|   6|   3|   5|   7|[56]| 318|  19|
 +----+----+----+----+----+----+----+----+----+----+----+----+----+----+----+----+----+----+----+----+----+----+----+----+----+----+----+----+----+----+----+----+----+----+----+----+----+----+----+----+----+----+----+----+----+----+----+----+----+----+----+----+----+----+----+----+----+----+----+----+----+----+----+----+----+----+----+----+
 |[57]|   8|   6|   5|  10|   8|   7|   7|   7|  12|   5|   7|  10|   5|   6|   5|   6|  11|   6|   5|   9|   7|   5|   6|   9|  11|   8|   5|  11|  12|   7|   7|   5|   9|  11|   8|   5|  10|   7|   9|   5|   8|   6|   9|   7|   8|   5|  12|   4|   8|  11|   9|   7|   7|   7|  10|   8|   8| ## |   6|  10|  13|   2|   8|   9|[57]| 484|  18|
 +----+----+----+----+----+----+----+----+----+----+----+----+----+----+----+----+----+----+----+----+----+----+----+----+----+----+----+----+----+----+----+----+----+----+----+----+----+----+----+----+----+----+----+----+----+----+----+----+----+----+----+----+----+----+----+----+----+----+----+----+----+----+----+----+----+----+----+----+
 |[58]|   8|   5|  10|   6|   8|   8|   8|   8|   9|   7|   6|   5|   5|   6|   5|   7|   7|   5|   9|   7|  10|   5|   8|  10|   5|   7|   3|   9|   6|   7|   7|   9|   6|   8|   7|   7|   5|   7|   8|   8|   6|   5|   8|   9|  10|   5|   4|   6|   9|   6|  10|   6|   7|   7|   7|   7|   7|   8| ## |   9|  11|   6|   5|   5|[58]| 444|  19|
 +----+----+----+----+----+----+----+----+----+----+----+----+----+----+----+----+----+----+----+----+----+----+----+----+----+----+----+----+----+----+----+----+----+----+----+----+----+----+----+----+----+----+----+----+----+----+----+----+----+----+----+----+----+----+----+----+----+----+----+----+----+----+----+----+----+----+----+----+
 |[59]|   4|   8|   6|   5|   9|   5|   7|   4|   5|   8|   8|   8|   5|  10|   6|   7|   6|   3|   9|   6|  10|   4|   6|  10|   7|   6|   7|   7|   7|   6|  11|   4|   4|   5|   7|   6|   9|   8|   8|   8|   9|   9|   9|   9|   8|   5|   7|   5|   8|   8|   5|   5|   6|   6|   8|   7|   9|   7|   7| ## |   7|  10|   5|   9|[59]| 437|  15|
 +----+----+----+----+----+----+----+----+----+----+----+----+----+----+----+----+----+----+----+----+----+----+----+----+----+----+----+----+----+----+----+----+----+----+----+----+----+----+----+----+----+----+----+----+----+----+----+----+----+----+----+----+----+----+----+----+----+----+----+----+----+----+----+----+----+----+----+----+
 |[60]|   4|   5|   3|   5|   6|   3|   2|   4|   2|   3|   5|   8|   2|   4|   1|   2|   5|   3|   3|   4|   4|   6|   1|   3|   3|   6|   5|   3|   4|   4|   3|   3|   4|   4|   5|   2|   1|   1|   3|   2|   6|   4|   3|   6|   1|   6|   4|   3|   5|   2|   4|   4|   3|   3|   5|   5|   5|   2|   1|   5| ## |   4|   2|   4|[60]| 228|   9|
 +----+----+----+----+----+----+----+----+----+----+----+----+----+----+----+----+----+----+----+----+----+----+----+----+----+----+----+----+----+----+----+----+----+----+----+----+----+----+----+----+----+----+----+----+----+----+----+----+----+----+----+----+----+----+----+----+----+----+----+----+----+----+----+----+----+----+----+----+
 |[61]|  11|   6|   8|  14|  17|  14|  16|  16|  13|   9|  15|  13|   9|  16|  18|  14|  15|  10|  11|  18|  17|  15|  15|  17|  17|  14|  13|  13|  14|  13|  12|  13|  10|  15|  10|  16|  14|  18|  10|  16|  15|  17|  14|  16|  13|  11|  16|  10|  10|  15|   8|  13|  14|  13|  10|  12|   9|   7|   8|  18|  16| ## |  13|  13|[61]| 836|  47|
 +----+----+----+----+----+----+----+----+----+----+----+----+----+----+----+----+----+----+----+----+----+----+----+----+----+----+----+----+----+----+----+----+----+----+----+----+----+----+----+----+----+----+----+----+----+----+----+----+----+----+----+----+----+----+----+----+----+----+----+----+----+----+----+----+----+----+----+----+
 |[62]|   7|   6|   6|  11|   8|   5|  10|   7|   7|   8|   6|   6|   9|   6|   9|   9|   7|   7|   9|   9|   5|   8|   8|   9|   8|   8|   8|   4|   7|   6|   8|   8|   7|  11|  10|   7|   9|  10|   8|   8|   5|   7|   8|   6|   8|   7|   9|   8|   5|   7|   9|   9|   7|   6|   6|   8|  10|   9|   6|  10|   5|   9| ## |   7|[62]| 480|  28|
 +----+----+----+----+----+----+----+----+----+----+----+----+----+----+----+----+----+----+----+----+----+----+----+----+----+----+----+----+----+----+----+----+----+----+----+----+----+----+----+----+----+----+----+----+----+----+----+----+----+----+----+----+----+----+----+----+----+----+----+----+----+----+----+----+----+----+----+----+
 |[63]|   4|   6|   6|   6|  12|   7|   4|   6|   8|   5|   4|   8|  10|   6|   4|   9|   9|   5|   5|   9|   6|   9|   3|   9|   8|   6|   4|   8|   9|   2|   9|   7|   7|  10|   3|   9|  10|   7|   7|  10|   6|   6|   4|   6|   7|  11|  11|   8|   7|   5|  10|  11|  10|   4|   5|   5|   8|   4|   6|  11|   9|   6|   3| ## |[63]| 439|  18|
 +----+----+----+----+----+----+----+----+----+----+----+----+----+----+----+----+----+----+----+----+----+----+----+----+----+----+----+----+----+----+----+----+----+----+----+----+----+----+----+----+----+----+----+----+----+----+----+----+----+----+----+----+----+----+----+----+----+----+----+----+----+----+----+----+----+----+----+----+
 | ## |[ 0]|[ 1]|[ 2]|[ 3]|[ 4]|[ 5]|[ 6]|[ 7]|[ 8]|[ 9]|[10]|[11]|[12]|[13]|[14]|[15]|[16]|[17]|[18]|[19]|[20]|[21]|[22]|[23]|[24]|[25]|[26]|[27]|[28]|[29]|[30]|[31]|[32]|[33]|[34]|[35]|[36]|[37]|[38]|[39]|[40]|[41]|[42]|[43]|[44]|[45]|[46]|[47]|[48]|[49]|[50]|[51]|[52]|[53]|[54]|[55]|[56]|[57]|[58]|[59]|[60]|[61]|[62]|[63]| ## | ## |1024|
 +----+----+----+----+----+----+----+----+----+----+----+----+----+----+----+----+----+----+----+----+----+----+----+----+----+----+----+----+----+----+----+----+----+----+----+----+----+----+----+----+----+----+----+----+----+----+----+----+----+----+----+----+----+----+----+----+----+----+----+----+----+----+----+----+----+----+----+----+
 | TTL| 319| 326| 302| 338| 433| 329| 338| 328| 321| 351| 313| 385| 321| 322| 322| 377| 360| 279| 306| 382| 355| 331| 324| 362| 335| 277| 340| 302| 401| 305| 369| 344| 278| 364| 307| 385| 351| 355| 345| 356| 335| 361| 375| 335| 331| 337| 389| 323| 350| 321| 351| 367| 381| 330| 305| 322| 388| 344| 265| 372| 383| 313| 266| 373| ## | ## | ## |
 +----+----+----+----+----+----+----+----+----+----+----+----+----+----+----+----+----+----+----+----+----+----+----+----+----+----+----+----+----+----+----+----+----+----+----+----+----+----+----+----+----+----+----+----+----+----+----+----+----+----+----+----+----+----+----+----+----+----+----+----+----+----+----+----+----+----+----+----+






