

 [80] ******************************************************

 [99 , 99, 99]  152718.430809 vs 149461.962712 >>  3256.468097  :  0.000000  (0)

 [70] ******************************************************

 [29 , 56, 58]  131002.014504 vs 128612.968218 >>  2389.046287  :  24.187500  (2)
[769]    20  [29, 56, 58]
[800]    5  [29, 58]

 [60] ******************************************************

 [20 , 25, 54]  116495.898057 vs 114858.483129 >>  1637.414928  :  78.578125  (2)
[946]    69  [20, 25, 54]
[1000]    10  [25]

 [50] ******************************************************

 [20 , 25, 54]  102911.142500 vs 100745.907147 >>  2165.235353  :  139.500000  (5)
[93]    7  [20, 25, 54]
[946]    46  [20, 25, 54]
[972]    8  [20, 25, 54]
[973]    74  [20, 25, 54]
[1002]    5  [20, 25, 54]

 [40] ******************************************************

 [4 , 20, 36]  88822.025518 vs 86679.294937 >>  2142.730581  :  746.812500  (10)
[311]    287  [4, 20]
[389]    2  [4, 36]
[673]    65  [4, 36]
[674]    39  [4, 20]
[736]    1  [36]
[740]    98  [4, 20, 36]
[768]    0  [36]
[931]    162  [4, 20, 36]
[933]    52  [4, 20, 36]
[945]    39  [4, 20]

 [30] ******************************************************

 [25 , 36, 54]  72878.288091 vs 71022.808753 >>  1855.479338  :  1987.531250  (23)
[93]    53  [25, 54]
[127]    34  [25, 54]
[159]    26  [25, 36, 54]
[188]    18  [25, 54]
[191]    36  [25]
[421]    2  [36]
[673]    291  [25, 36]
[678]    13  [25, 36, 54]
[803]    18  [36, 54]
[931]    333  [25, 36]
[933]    84  [36, 54]
[942]    143  [25, 36, 54]
[946]    110  [25, 54]
[970]    19  [25, 54]
[971]    56  [25, 36, 54]
[972]    125  [25, 54]
[973]    100  [25, 36, 54]
[974]    71  [25, 54]
[1000]    160  [25]
[1001]    125  [25, 54]
[1002]    15  [25, 36, 54]
[1003]    59  [25, 54]
[1004]    77  [25, 36, 54]
[1008]    22  [25, 54]