

 Use image  :  barbara.bmp




  Relationship between basis and replaceable basis


  Number of basis used : 0, 1 


  [basis number] : Number of substitutable basis for basis number 


 *Total on the right : Number of replacements (Be done)

  Total below : Number of replacements (To do)


  Of the amount of improvement  : 0 ~ 100.000000

----------------------------------------------------------------------------------

 +----+----+----+----+----+----+----+----+----+----+----+----+----+----+----+----+----+----+----+----+----+----+----+----+----+----+----+----+----+----+----+----+----+----+----+----+----+----+----+----+----+----+----+----+----+----+----+----+----+----+----+----+----+----+----+----+----+----+----+----+----+----+----+----+----+----+----+----+
 | ## |[ 0]|[ 1]|[ 2]|[ 3]|[ 4]|[ 5]|[ 6]|[ 7]|[ 8]|[ 9]|[10]|[11]|[12]|[13]|[14]|[15]|[16]|[17]|[18]|[19]|[20]|[21]|[22]|[23]|[24]|[25]|[26]|[27]|[28]|[29]|[30]|[31]|[32]|[33]|[34]|[35]|[36]|[37]|[38]|[39]|[40]|[41]|[42]|[43]|[44]|[45]|[46]|[47]|[48]|[49]|[50]|[51]|[52]|[53]|[54]|[55]|[56]|[57]|[58]|[59]|[60]|[61]|[62]|[63]| ## | TTL| ## |                                                                                    
 +----+----+----+----+----+----+----+----+----+----+----+----+----+----+----+----+----+----+----+----+----+----+----+----+----+----+----+----+----+----+----+----+----+----+----+----+----+----+----+----+----+----+----+----+----+----+----+----+----+----+----+----+----+----+----+----+----+----+----+----+----+----+----+----+----+----+----+----+
 |[ 0]| ## |   2|   2|   2|   2|   2|   3|   2|   3|   1|   1|   2|   3|   1|   3|   1|   2|   3|   1|   3|   1|   1|    |    |   2|   2|   1|   1|   1|   3|   1|   2|    |   2|   1|   3|   2|   2|   2|   3|   1|   1|   1|   3|   1|    |   3|   2|   2|   1|    |   2|   2|   1|   2|   2|    |   2|   1|   3|   2|   3|    |    |[ 0]| 104|   3|
 +----+----+----+----+----+----+----+----+----+----+----+----+----+----+----+----+----+----+----+----+----+----+----+----+----+----+----+----+----+----+----+----+----+----+----+----+----+----+----+----+----+----+----+----+----+----+----+----+----+----+----+----+----+----+----+----+----+----+----+----+----+----+----+----+----+----+----+----+
 |[ 1]|    | ## |   1|    |   1|    |   1|   1|   2|   2|   1|   2|   1|   1|    |   2|   1|    |    |    |   2|   2|   2|   1|    |   1|   1|   1|   1|   2|   1|   2|   1|    |   1|   2|    |   1|   1|   1|    |   2|   1|   1|    |   2|   1|    |   2|   1|    |   2|   1|   2|   2|   1|    |   1|   1|   1|   1|   2|   1|    |[ 1]|  64|   3|
 +----+----+----+----+----+----+----+----+----+----+----+----+----+----+----+----+----+----+----+----+----+----+----+----+----+----+----+----+----+----+----+----+----+----+----+----+----+----+----+----+----+----+----+----+----+----+----+----+----+----+----+----+----+----+----+----+----+----+----+----+----+----+----+----+----+----+----+----+
 |[ 2]|   2|   1| ## |    |    |    |    |   1|    |    |   1|   1|   1|    |   2|    |    |    |    |    |    |   2|   1|    |    |    |   1|    |   1|    |    |    |    |    |    |    |   1|    |   1|    |   1|    |    |   1|   1|    |    |    |    |    |    |   1|    |    |   1|    |    |    |    |    |    |    |    |   1|[ 2]|  22|  11|
 +----+----+----+----+----+----+----+----+----+----+----+----+----+----+----+----+----+----+----+----+----+----+----+----+----+----+----+----+----+----+----+----+----+----+----+----+----+----+----+----+----+----+----+----+----+----+----+----+----+----+----+----+----+----+----+----+----+----+----+----+----+----+----+----+----+----+----+----+
 |[ 3]|   6|   8|   7| ## |   9|   6|   4|  10|   8|   7|  11|   3|   9|   8|   6|   7|   7|   9|   6|   6|   6|   7|   4|   7|   7|   6|   7|   6|   4|   6|   8|   5|   7|   6|  11|   5|   8|   6|   6|   6|   8|   6|   6|   6|   9|   6|   6|   8|   5|   7|   3|   7|   7|   8|   6|   4|   8|   7|   7|   9|   7|   9|   9|   5|[ 3]| 428|  23|
 +----+----+----+----+----+----+----+----+----+----+----+----+----+----+----+----+----+----+----+----+----+----+----+----+----+----+----+----+----+----+----+----+----+----+----+----+----+----+----+----+----+----+----+----+----+----+----+----+----+----+----+----+----+----+----+----+----+----+----+----+----+----+----+----+----+----+----+----+
 |[ 4]|   7|   6|   6|   4| ## |   6|   9|   4|   7|   8|   8|   8|   6|  10|   7|   6|   7|   5|   8|   8|   8|   7|   9|  10|   7|   9|   7|   5|   8|   5|   7|   7|   4|   3|  12|   7|   8|   7|   9|   7|  10|   6|   5|   8|   5|   4|   4|   7|   7|   7|   8|   7|   9|   7|   9|   5|  10|   7|   5|   7|   6|   5|   5|   3|[ 4]| 432|  17|
 +----+----+----+----+----+----+----+----+----+----+----+----+----+----+----+----+----+----+----+----+----+----+----+----+----+----+----+----+----+----+----+----+----+----+----+----+----+----+----+----+----+----+----+----+----+----+----+----+----+----+----+----+----+----+----+----+----+----+----+----+----+----+----+----+----+----+----+----+
 |[ 5]|   2|   1|   1|   1|   2| ## |   2|   1|   1|   2|   1|   2|   2|   1|   1|   2|   1|   1|   2|   2|   4|   1|   2|   1|   1|   3|   1|   3|    |   2|   2|   2|   3|   1|   2|    |   2|   2|   2|   2|   1|   1|   2|   2|   3|   1|   2|   4|   2|   2|    |   1|   1|   2|   1|   1|   1|   2|   3|   3|    |   1|   1|   1|[ 5]| 102|   6|
 +----+----+----+----+----+----+----+----+----+----+----+----+----+----+----+----+----+----+----+----+----+----+----+----+----+----+----+----+----+----+----+----+----+----+----+----+----+----+----+----+----+----+----+----+----+----+----+----+----+----+----+----+----+----+----+----+----+----+----+----+----+----+----+----+----+----+----+----+
 |[ 6]|   5|   6|   3|   7|   6|   8| ## |   8|   6|   5|   9|   4|  10|   7|   8|  10|   6|   5|  10|   4|   8|   6|   3|  11|   6|   6|   6|   7|   5|   6|   6|  11|   7|   3|   8|   7|   6|   8|   9|   7|   4|   6|   6|   6|   4|   6|   9|   7|   5|   6|   5|   6|   8|   2|   5|   6|   5|   6|   8|   4|   7|   6|   9|   8|[ 6]| 407|  14|
 +----+----+----+----+----+----+----+----+----+----+----+----+----+----+----+----+----+----+----+----+----+----+----+----+----+----+----+----+----+----+----+----+----+----+----+----+----+----+----+----+----+----+----+----+----+----+----+----+----+----+----+----+----+----+----+----+----+----+----+----+----+----+----+----+----+----+----+----+
 |[ 7]|    |    |    |    |    |    |    | ## |    |    |    |    |    |    |    |    |    |    |    |    |    |    |    |    |    |    |    |    |    |    |    |    |    |    |    |    |    |    |    |    |    |    |    |    |    |    |    |    |    |    |    |    |    |    |    |    |    |    |    |    |    |    |    |    |[ 7]|   0|   1|
 +----+----+----+----+----+----+----+----+----+----+----+----+----+----+----+----+----+----+----+----+----+----+----+----+----+----+----+----+----+----+----+----+----+----+----+----+----+----+----+----+----+----+----+----+----+----+----+----+----+----+----+----+----+----+----+----+----+----+----+----+----+----+----+----+----+----+----+----+
 |[ 8]|   2|   2|   2|   3|   1|   2|   2|   3| ## |   1|   1|   3|   2|   2|   3|   3|   3|   1|   1|   2|   2|   2|   2|   2|   3|   2|   3|   3|   1|   3|   1|   3|   3|   1|   2|   3|   1|   2|   2|   2|   1|   2|   4|   2|   2|   1|   3|   2|   2|   1|   3|    |   2|   2|   2|   3|   3|    |   2|   3|   3|   3|   3|   3|[ 8]| 134|   4|
 +----+----+----+----+----+----+----+----+----+----+----+----+----+----+----+----+----+----+----+----+----+----+----+----+----+----+----+----+----+----+----+----+----+----+----+----+----+----+----+----+----+----+----+----+----+----+----+----+----+----+----+----+----+----+----+----+----+----+----+----+----+----+----+----+----+----+----+----+
 |[ 9]|   1|   3|   1|   3|   3|   1|   2|   3|   3| ## |   3|   3|   4|   3|   2|   3|   2|   4|   3|   1|   2|   3|   4|   3|   3|   3|   4|   2|   3|   4|   2|   2|   2|   2|   2|   2|   3|   3|   4|   4|   5|   2|   3|   4|   2|   1|   1|   2|   5|   4|   3|   2|   3|   1|   4|   3|   4|   2|    |   3|   3|   1|   3|   1|[ 9]| 167|   6|
 +----+----+----+----+----+----+----+----+----+----+----+----+----+----+----+----+----+----+----+----+----+----+----+----+----+----+----+----+----+----+----+----+----+----+----+----+----+----+----+----+----+----+----+----+----+----+----+----+----+----+----+----+----+----+----+----+----+----+----+----+----+----+----+----+----+----+----+----+
 |[10]|   6|   7|   7|   7|   5|   8|   8|   6|   7|   6| ## |  11|   6|   8|   4|   4|   8|   9|   6|   3|   4|   5|   7|   5|   7|   7|   6|   8|   3|   9|   5|   8|   7|   5|   7|   9|   6|   6|   5|   7|   5|   3|   3|   7|   6|   7|   6|   3|   4|   5|   5|   5|   6|   7|   4|   4|   6|   7|   6|   8|   4|   3|   7|   6|[10]| 379|  21|
 +----+----+----+----+----+----+----+----+----+----+----+----+----+----+----+----+----+----+----+----+----+----+----+----+----+----+----+----+----+----+----+----+----+----+----+----+----+----+----+----+----+----+----+----+----+----+----+----+----+----+----+----+----+----+----+----+----+----+----+----+----+----+----+----+----+----+----+----+
 |[11]|   2|   3|   3|   4|   1|   2|   1|   2|   2|   1|   3| ## |   4|   1|   1|   2|   4|   1|   3|   3|   2|   2|   3|   4|   1|   2|   2|    |    |   2|   2|   1|   2|    |   2|   2|   2|   2|   2|   3|   3|   2|   2|   3|   2|   1|   2|   2|    |   1|   2|   2|   2|   2|   3|   3|   2|   2|   1|   4|   3|   2|   1|   2|[11]| 128|   6|
 +----+----+----+----+----+----+----+----+----+----+----+----+----+----+----+----+----+----+----+----+----+----+----+----+----+----+----+----+----+----+----+----+----+----+----+----+----+----+----+----+----+----+----+----+----+----+----+----+----+----+----+----+----+----+----+----+----+----+----+----+----+----+----+----+----+----+----+----+
 |[12]|   1|   1|   2|    |    |   1|    |   1|    |   2|   1|    | ## |   1|   1|   1|   2|   1|    |    |   1|    |   1|   1|   1|    |    |   1|   3|   2|   4|   1|    |   1|    |   1|   2|    |   2|    |   1|   2|   1|   5|   1|   1|   2|   1|   1|    |   2|    |   1|    |   1|    |   1|    |    |   1|   1|   1|   1|    |[12]|  60|  18|
 +----+----+----+----+----+----+----+----+----+----+----+----+----+----+----+----+----+----+----+----+----+----+----+----+----+----+----+----+----+----+----+----+----+----+----+----+----+----+----+----+----+----+----+----+----+----+----+----+----+----+----+----+----+----+----+----+----+----+----+----+----+----+----+----+----+----+----+----+
 |[13]|    |    |    |   2|   1|    |   1|    |    |    |   1|   1|    | ## |    |   1|    |   1|   1|   1|   1|   1|    |    |   1|   1|   1|   1|   2|   2|   1|   1|   1|   1|   1|   1|    |   1|    |   1|    |   1|   2|    |   1|    |   1|    |   2|   1|    |   1|   1|   1|   1|   2|    |   1|    |   2|   1|   1|    |   1|[13]|  48|   4|
 +----+----+----+----+----+----+----+----+----+----+----+----+----+----+----+----+----+----+----+----+----+----+----+----+----+----+----+----+----+----+----+----+----+----+----+----+----+----+----+----+----+----+----+----+----+----+----+----+----+----+----+----+----+----+----+----+----+----+----+----+----+----+----+----+----+----+----+----+
 |[14]|   1|   2|   1|   2|   1|   1|   4|   4|   1|   2|   2|   1|   1|   3| ## |   2|   2|   3|   1|   2|   4|   3|   2|   1|   3|    |   2|   1|   1|   4|   1|   2|   1|   3|   2|   3|   2|   3|   4|   2|   1|   1|    |   3|   2|   3|   3|   4|   2|   3|    |   2|   2|   4|   2|   3|   2|   1|   2|   2|   4|   3|   2|   3|[14]| 134|   9|
 +----+----+----+----+----+----+----+----+----+----+----+----+----+----+----+----+----+----+----+----+----+----+----+----+----+----+----+----+----+----+----+----+----+----+----+----+----+----+----+----+----+----+----+----+----+----+----+----+----+----+----+----+----+----+----+----+----+----+----+----+----+----+----+----+----+----+----+----+
 |[15]|   1|   1|   1|   2|    |    |   2|   1|    |   2|   1|   1|   1|   1|   2| ## |    |   2|    |    |   1|    |   2|    |    |    |   1|   1|   1|   1|   1|   2|   2|   1|    |    |    |    |   1|   2|    |   1|    |   2|    |   1|   1|   1|    |   1|   1|   1|    |   2|    |   1|    |   1|   1|   1|   1|    |   1|    |[15]|  51|   2|
 +----+----+----+----+----+----+----+----+----+----+----+----+----+----+----+----+----+----+----+----+----+----+----+----+----+----+----+----+----+----+----+----+----+----+----+----+----+----+----+----+----+----+----+----+----+----+----+----+----+----+----+----+----+----+----+----+----+----+----+----+----+----+----+----+----+----+----+----+
 |[16]|    |    |    |    |    |    |    |    |    |    |   1|    |    |    |    |    | ## |    |    |    |    |    |    |   1|    |    |    |    |    |    |    |    |    |    |    |    |    |    |    |    |    |    |    |    |    |    |    |    |    |    |    |    |    |    |    |    |    |    |    |    |   1|    |    |    |[16]|   3|   3|
 +----+----+----+----+----+----+----+----+----+----+----+----+----+----+----+----+----+----+----+----+----+----+----+----+----+----+----+----+----+----+----+----+----+----+----+----+----+----+----+----+----+----+----+----+----+----+----+----+----+----+----+----+----+----+----+----+----+----+----+----+----+----+----+----+----+----+----+----+
 |[17]|  15|  16|   7|  15|  21|  18|  15|  12|  13|  19|  21|  12|  19|   9|  18|  10|  12| ## |  15|  21|   9|  15|  25|  15|  15|  15|  14|  18|  11|  19|  14|  13|  11|   7|  10|  16|  12|  12|  14|  31|  20|  13|  13|  18|  11|  16|  14|  19|  16|  16|  14|  15|  14|  15|  19|  16|  12|  13|  12|  20|  11|  18|  13|  16|[17]| 948|  51|
 +----+----+----+----+----+----+----+----+----+----+----+----+----+----+----+----+----+----+----+----+----+----+----+----+----+----+----+----+----+----+----+----+----+----+----+----+----+----+----+----+----+----+----+----+----+----+----+----+----+----+----+----+----+----+----+----+----+----+----+----+----+----+----+----+----+----+----+----+
 |[18]|   9|  13|   9|  11|  10|  10|  15|  10|   9|  12|  13|  12|  12|  18|  12|   9|  12|  13| ## |   8|  16|  17|  12|  23|  14|   9|  12|  12|  10|  12|  10|  13|  14|  10|  12|  12|  11|  14|  11|  12|  12|  16|   8|  10|  10|  10|  15|  12|  10|  11|  14|  13|  13|  14|  12|  11|  18|  14|  11|  16|  15|  10|  15|  19|[18]| 782|  62|
 +----+----+----+----+----+----+----+----+----+----+----+----+----+----+----+----+----+----+----+----+----+----+----+----+----+----+----+----+----+----+----+----+----+----+----+----+----+----+----+----+----+----+----+----+----+----+----+----+----+----+----+----+----+----+----+----+----+----+----+----+----+----+----+----+----+----+----+----+
 |[19]|   6|   5|    |   3|   7|   8|   4|   5|   7|   7|   5|   8|   7|   4|   4|   3|   6|   5|   5| ## |   3|   6|   6|   3|   4|   5|   4|   2|   7|   5|   6|   7|   6|   7|   7|   6|   7|   1|   3|   4|   6|   5|   3|   5|   6|   6|   6|   4|   5|   7|   6|   5|   3|   5|   4|   4|   5|   6|   4|   7|   2|   7|   4|   4|[19]| 317|  11|
 +----+----+----+----+----+----+----+----+----+----+----+----+----+----+----+----+----+----+----+----+----+----+----+----+----+----+----+----+----+----+----+----+----+----+----+----+----+----+----+----+----+----+----+----+----+----+----+----+----+----+----+----+----+----+----+----+----+----+----+----+----+----+----+----+----+----+----+----+
 |[20]|   5|   2|   1|   2|   2|   5|   4|   4|   3|   2|   3|   3|   5|   3|   2|   6|   1|   2|   5|   1| ## |   2|   5|   3|   6|   1|   3|   3|   1|   3|   3|   4|   5|   4|   4|   1|   2|    |   3|   3|   4|   2|   2|   5|   3|   3|   5|   1|   4|   2|    |   2|   2|   2|   3|   4|   4|   4|   3|   4|   4|   4|   3|   2|[20]| 189|   8|
 +----+----+----+----+----+----+----+----+----+----+----+----+----+----+----+----+----+----+----+----+----+----+----+----+----+----+----+----+----+----+----+----+----+----+----+----+----+----+----+----+----+----+----+----+----+----+----+----+----+----+----+----+----+----+----+----+----+----+----+----+----+----+----+----+----+----+----+----+
 |[21]|   1|   1|    |    |    |   1|   1|   1|    |    |   1|    |   1|   1|    |   1|    |   1|    |   1|   1| ## |   1|   1|   1|   1|    |    |   1|   1|    |    |    |    |    |   1|   1|    |   1|   1|    |   1|   1|   1|   1|   1|    |    |   1|   1|    |   1|   1|   1|   1|    |    |   1|   1|   1|   1|    |    |    |[21]|  37|   2|
 +----+----+----+----+----+----+----+----+----+----+----+----+----+----+----+----+----+----+----+----+----+----+----+----+----+----+----+----+----+----+----+----+----+----+----+----+----+----+----+----+----+----+----+----+----+----+----+----+----+----+----+----+----+----+----+----+----+----+----+----+----+----+----+----+----+----+----+----+
 |[22]|  38|  33|  27|  34|  44|  35|  37|  39|  37|  46|  43|  32|  36|  38|  29|  29|  35|  54|  51|  41|  40|  42| ## |  43|  47|  47|  35|  29|  41|  31|  50|  44|  30|  30|  46|  34|  43|  33|  47|  59|  68|  38|  34|  29|  44|  55|  31|  37|  37|  40|  37|  47|  36|  42|  42|  33|  29|  44|  36|  40|  35|  30|  28|  40|[22]|2461| 152|
 +----+----+----+----+----+----+----+----+----+----+----+----+----+----+----+----+----+----+----+----+----+----+----+----+----+----+----+----+----+----+----+----+----+----+----+----+----+----+----+----+----+----+----+----+----+----+----+----+----+----+----+----+----+----+----+----+----+----+----+----+----+----+----+----+----+----+----+----+
 |[23]|  20|  19|  21|  21|  26|  15|  30|  16|  18|  14|  20|  16|  20|  28|  20|  23|  21|  17|  40|  25|  27|  23|  22| ## |  35|  21|  33|  22|  20|  19|  15|  31|  24|  19|  25|  19|  23|  21|  28|  26|  23|  21|  20|  17|  17|  33|  26|  20|  19|  19|  15|  21|  28|  30|  25|  15|  28|  24|  28|  20|  20|  22|  25|  25|[23]|1424|  60|
 +----+----+----+----+----+----+----+----+----+----+----+----+----+----+----+----+----+----+----+----+----+----+----+----+----+----+----+----+----+----+----+----+----+----+----+----+----+----+----+----+----+----+----+----+----+----+----+----+----+----+----+----+----+----+----+----+----+----+----+----+----+----+----+----+----+----+----+----+
 |[24]|   4|   6|   5|   7|   1|   3|   5|   2|   3|   3|   7|   1|   4|   5|   5|   2|   5|   5|   6|   2|   7|   6|   7|   5| ## |   3|   3|   5|   3|   5|   3|   9|   5|   1|   2|   5|   7|   6|   5|   6|   2|   6|   5|   6|   3|   6|   3|   3|   8|   3|   5|   3|   5|   4|   8|   5|   8|   7|   3|   5|   8|   4|   4|   3|[24]| 291|  12|
 +----+----+----+----+----+----+----+----+----+----+----+----+----+----+----+----+----+----+----+----+----+----+----+----+----+----+----+----+----+----+----+----+----+----+----+----+----+----+----+----+----+----+----+----+----+----+----+----+----+----+----+----+----+----+----+----+----+----+----+----+----+----+----+----+----+----+----+----+
 |[25]|    |    |    |    |    |    |    |   1|    |    |    |    |   1|    |    |    |    |    |   1|    |    |    |    |    |    | ## |    |    |    |    |    |    |    |    |    |    |    |    |    |    |   1|    |    |    |   1|    |    |    |    |    |   1|    |    |    |    |    |    |    |    |    |    |    |    |    |[25]|   6|   4|
 +----+----+----+----+----+----+----+----+----+----+----+----+----+----+----+----+----+----+----+----+----+----+----+----+----+----+----+----+----+----+----+----+----+----+----+----+----+----+----+----+----+----+----+----+----+----+----+----+----+----+----+----+----+----+----+----+----+----+----+----+----+----+----+----+----+----+----+----+
 |[26]|   1|   1|    |    |   1|   1|   1|   1|   1|    |    |   1|   1|    |    |   1|    |    |    |    |   1|    |    |    |   1|   1| ## |   1|    |   1|    |   1|   1|   1|   1|    |   1|   1|    |   1|    |   1|   1|   1|    |   1|   1|   1|   1|    |   1|    |   1|    |   1|   1|    |   1|    |   1|    |    |   1|    |[26]|  36|   1|
 +----+----+----+----+----+----+----+----+----+----+----+----+----+----+----+----+----+----+----+----+----+----+----+----+----+----+----+----+----+----+----+----+----+----+----+----+----+----+----+----+----+----+----+----+----+----+----+----+----+----+----+----+----+----+----+----+----+----+----+----+----+----+----+----+----+----+----+----+
 |[27]|   2|   1|    |   1|   2|   3|   1|   1|   1|   1|   3|   1|   2|   2|   1|   2|   3|   1|   1|   1|   2|   1|   1|   2|   3|   1|   1| ## |   2|   1|    |    |   3|   2|   2|    |   1|   1|   1|   1|   2|   1|   1|   2|    |   1|   2|   2|   2|   3|   1|   1|   2|    |   1|   2|   2|   1|   2|    |   1|   1|   2|   2|[27]|  89|   5|
 +----+----+----+----+----+----+----+----+----+----+----+----+----+----+----+----+----+----+----+----+----+----+----+----+----+----+----+----+----+----+----+----+----+----+----+----+----+----+----+----+----+----+----+----+----+----+----+----+----+----+----+----+----+----+----+----+----+----+----+----+----+----+----+----+----+----+----+----+
 |[28]|    |   1|   2|   1|    |   1|    |   1|   1|    |    |    |   1|    |   2|   2|    |    |   1|    |   1|   1|   1|   1|    |   1|    |   2| ## |   2|   1|    |   1|   2|   1|   1|   1|   1|   2|   1|   1|   1|    |   3|    |    |   3|   1|   1|   1|    |   1|    |   1|   1|   2|    |   1|    |    |    |   1|    |    |[28]|  51|   9|
 +----+----+----+----+----+----+----+----+----+----+----+----+----+----+----+----+----+----+----+----+----+----+----+----+----+----+----+----+----+----+----+----+----+----+----+----+----+----+----+----+----+----+----+----+----+----+----+----+----+----+----+----+----+----+----+----+----+----+----+----+----+----+----+----+----+----+----+----+
 |[29]|   3|   3|   4|   3|   5|   1|   1|   2|   2|   2|   4|   4|   3|   4|   6|   2|   3|   2|   2|    |   1|   2|   2|   1|   3|   3|   5|   5|   4| ## |   4|   5|   4|   2|   3|   4|   4|   5|   3|   5|   2|   2|   4|   3|   4|   3|   4|   2|   1|   5|   2|   2|   3|   2|   3|   1|   4|   2|   6|   1|   2|   3|   3|   2|[29]| 187|  14|
 +----+----+----+----+----+----+----+----+----+----+----+----+----+----+----+----+----+----+----+----+----+----+----+----+----+----+----+----+----+----+----+----+----+----+----+----+----+----+----+----+----+----+----+----+----+----+----+----+----+----+----+----+----+----+----+----+----+----+----+----+----+----+----+----+----+----+----+----+
 |[30]|   1|   1|    |    |   1|    |    |   1|    |    |   1|    |   1|   1|   1|    |   1|   1|    |    |    |   1|    |   1|   1|   1|    |    |   1|   1| ## |    |   1|    |   1|   1|   1|    |   1|    |   1|    |    |    |   1|   1|   1|    |    |   1|   2|    |   1|   1|   1|    |    |    |    |   1|   1|   1|   1|   1|[30]|  36|   3|
 +----+----+----+----+----+----+----+----+----+----+----+----+----+----+----+----+----+----+----+----+----+----+----+----+----+----+----+----+----+----+----+----+----+----+----+----+----+----+----+----+----+----+----+----+----+----+----+----+----+----+----+----+----+----+----+----+----+----+----+----+----+----+----+----+----+----+----+----+
 |[31]|   9|  14|   7|  11|  11|  10|  12|  11|  14|   8|  14|  12|   8|  12|  14|   4|  10|  14|  10|  12|  11|  14|  14|  15|  13|   8|   7|   8|   5|  13|   6| ## |   9|   9|  10|  10|  11|  12|  10|  13|  10|   6|  10|  15|  12|  14|  10|  10|   9|  12|   5|   8|  10|  12|  11|   8|  10|   8|  12|  10|  10|  13|   6|   9|[31]| 655|  28|
 +----+----+----+----+----+----+----+----+----+----+----+----+----+----+----+----+----+----+----+----+----+----+----+----+----+----+----+----+----+----+----+----+----+----+----+----+----+----+----+----+----+----+----+----+----+----+----+----+----+----+----+----+----+----+----+----+----+----+----+----+----+----+----+----+----+----+----+----+
 |[32]|   1|   1|   2|   2|   1|   2|   2|   1|   2|   2|   2|    |   3|   1|    |   2|   1|   2|   1|    |    |   2|    |   1|   3|   2|   2|   1|    |   2|   2|   2| ## |   3|   1|   1|   1|   3|   3|   2|   3|   3|   1|   1|   2|   1|   1|   2|   1|   2|    |   2|   2|   1|   3|    |   2|   2|   3|   1|   1|   2|   2|   1|[32]|  98|   6|
 +----+----+----+----+----+----+----+----+----+----+----+----+----+----+----+----+----+----+----+----+----+----+----+----+----+----+----+----+----+----+----+----+----+----+----+----+----+----+----+----+----+----+----+----+----+----+----+----+----+----+----+----+----+----+----+----+----+----+----+----+----+----+----+----+----+----+----+----+
 |[33]|   1|   1|    |   1|    |   1|   1|   1|    |    |    |    |   1|   1|   1|    |   1|   1|    |    |    |    |    |    |    |   1|    |   1|    |    |    |   1|    | ## |   1|   1|   1|    |    |    |   1|    |    |    |   1|   1|    |    |   1|   1|   1|    |   1|   1|    |    |    |   1|   1|    |    |    |   1|    |[33]|  28|   1|
 +----+----+----+----+----+----+----+----+----+----+----+----+----+----+----+----+----+----+----+----+----+----+----+----+----+----+----+----+----+----+----+----+----+----+----+----+----+----+----+----+----+----+----+----+----+----+----+----+----+----+----+----+----+----+----+----+----+----+----+----+----+----+----+----+----+----+----+----+
 |[34]|   9|  12|  13|  15|  10|  11|   8|  15|  13|   9|  14|  11|  12|  12|   9|  13|  11|  17|  13|  13|  11|  17|  14|  15|   9|  13|  12|   9|   9|  15|  13|  11|   8|   9| ## |  10|  13|  11|  10|  17|  16|  11|  14|  12|  13|  11|   7|  15|  11|  10|   8|  19|  12|  12|  10|  15|  13|   9|  12|  11|  13|  15|  10|  13|[34]| 758|  54|
 +----+----+----+----+----+----+----+----+----+----+----+----+----+----+----+----+----+----+----+----+----+----+----+----+----+----+----+----+----+----+----+----+----+----+----+----+----+----+----+----+----+----+----+----+----+----+----+----+----+----+----+----+----+----+----+----+----+----+----+----+----+----+----+----+----+----+----+----+
 |[35]|   1|   1|   2|   1|   1|   2|   1|   3|   1|   2|   3|   1|   1|   1|   2|   1|   1|   3|    |   1|   1|   2|    |    |   1|   1|   1|   1|    |   2|   1|   2|   1|   2|   1| ## |   3|    |    |   1|    |   2|   2|   2|   2|   2|   1|   1|   2|   2|   2|   1|   2|   1|   2|   1|   2|   2|   2|    |    |   2|   1|   1|[35]|  84|   3|
 +----+----+----+----+----+----+----+----+----+----+----+----+----+----+----+----+----+----+----+----+----+----+----+----+----+----+----+----+----+----+----+----+----+----+----+----+----+----+----+----+----+----+----+----+----+----+----+----+----+----+----+----+----+----+----+----+----+----+----+----+----+----+----+----+----+----+----+----+
 |[36]|   6|   3|   7|   4|   3|   3|   3|   8|   8|   4|   6|   3|   4|   3|   2|   5|   5|   3|   3|   7|   5|   3|   6|   6|   4|   4|   3|   2|   3|   6|   6|   9|   7|   3|   7|   5| ## |   2|   5|   5|   3|   3|   6|   5|   5|   6|   1|   4|   1|   7|   1|   7|   9|   6|   6|   1|   4|   4|   6|   5|   7|   7|   2|   4|[36]| 291|  15|
 +----+----+----+----+----+----+----+----+----+----+----+----+----+----+----+----+----+----+----+----+----+----+----+----+----+----+----+----+----+----+----+----+----+----+----+----+----+----+----+----+----+----+----+----+----+----+----+----+----+----+----+----+----+----+----+----+----+----+----+----+----+----+----+----+----+----+----+----+
 |[37]|   2|   4|   4|   1|   2|   1|   3|    |   2|   2|   4|   3|   1|    |   2|   1|   4|    |   1|   1|   1|   3|   1|   2|   4|   2|   2|   2|   4|   2|   1|   3|   2|   2|   3|   2|   2| ## |   2|   2|   2|   2|   1|   2|    |   1|   2|   2|   4|   1|   1|   3|   4|   1|   2|   3|   1|   1|   5|   2|   2|   4|   1|   2|[37]| 129|   5|
 +----+----+----+----+----+----+----+----+----+----+----+----+----+----+----+----+----+----+----+----+----+----+----+----+----+----+----+----+----+----+----+----+----+----+----+----+----+----+----+----+----+----+----+----+----+----+----+----+----+----+----+----+----+----+----+----+----+----+----+----+----+----+----+----+----+----+----+----+
 |[38]|    |   3|   3|   2|   2|   2|   1|   1|   4|   3|   2|    |   2|   4|   2|   3|   2|   2|    |   2|   1|   2|   1|    |   1|   2|   2|   1|   3|    |    |   3|   1|   2|    |   1|    |   3| ## |   2|   2|   3|   3|   2|   2|   2|   2|   2|   2|   2|   1|   1|   2|    |   2|   2|   2|   1|   3|   2|   2|   2|   1|   2|[38]| 110|   4|
 +----+----+----+----+----+----+----+----+----+----+----+----+----+----+----+----+----+----+----+----+----+----+----+----+----+----+----+----+----+----+----+----+----+----+----+----+----+----+----+----+----+----+----+----+----+----+----+----+----+----+----+----+----+----+----+----+----+----+----+----+----+----+----+----+----+----+----+----+
 |[39]|  18|  13|  14|  17|  22|  18|  14|  16|  14|  26|  18|  17|  18|  16|  18|  18|  16|  28|  23|  20|  13|  17|  26|  18|  17|  21|  19|  20|  14|  18|  15|  20|  13|  13|  24|  16|  23|  23|  18| ## |  29|  12|  19|  19|  18|  25|  15|  16|  19|  20|  18|  24|  15|  17|  15|  13|  16|  19|  13|  19|  15|  20|  17|  16|[39]|1141|  56|
 +----+----+----+----+----+----+----+----+----+----+----+----+----+----+----+----+----+----+----+----+----+----+----+----+----+----+----+----+----+----+----+----+----+----+----+----+----+----+----+----+----+----+----+----+----+----+----+----+----+----+----+----+----+----+----+----+----+----+----+----+----+----+----+----+----+----+----+----+
 |[40]|   7|   9|   7|  14|  15|   8|  11|   9|  10|   8|   9|  10|  11|   6|  10|   9|  11|  12|  13|  12|  10|  10|  10|   6|   8|  13|   8|  10|  14|   9|   5|   9|  11|   9|  18|  11|   6|  15|  11|  12| ## |   9|   5|  11|   8|  11|  13|   7|  11|   7|   8|  13|   9|  13|  10|  10|  11|  10|   7|  11|  11|  10|   8|   7|[40]| 626|  57|
 +----+----+----+----+----+----+----+----+----+----+----+----+----+----+----+----+----+----+----+----+----+----+----+----+----+----+----+----+----+----+----+----+----+----+----+----+----+----+----+----+----+----+----+----+----+----+----+----+----+----+----+----+----+----+----+----+----+----+----+----+----+----+----+----+----+----+----+----+
 |[41]|   1|   2|   1|   2|   1|   1|   1|   2|    |   1|   1|   1|   2|   1|    |   2|   2|   2|    |   1|   2|   2|    |   1|   1|   3|   2|   1|   2|   2|   2|   2|   2|    |   1|   1|   1|   1|   2|   1|   2| ## |    |   2|    |   1|   1|   1|   2|   1|   1|   2|   2|   2|   2|    |   2|    |   2|   1|    |   1|   1|   1|[41]|  80|  12|
 +----+----+----+----+----+----+----+----+----+----+----+----+----+----+----+----+----+----+----+----+----+----+----+----+----+----+----+----+----+----+----+----+----+----+----+----+----+----+----+----+----+----+----+----+----+----+----+----+----+----+----+----+----+----+----+----+----+----+----+----+----+----+----+----+----+----+----+----+
 |[42]|    |   2|   2|   1|    |    |   1|   2|   1|    |   1|   2|    |    |   1|   1|   1|   1|    |   1|    |    |    |    |    |    |    |    |   1|    |   1|   1|   1|   1|    |    |   1|   1|    |    |    |   2| ## |   1|   1|    |   1|    |   1|    |   1|    |    |   1|   1|    |    |   1|    |   1|    |   1|   2|   1|[42]|  39|   4|
 +----+----+----+----+----+----+----+----+----+----+----+----+----+----+----+----+----+----+----+----+----+----+----+----+----+----+----+----+----+----+----+----+----+----+----+----+----+----+----+----+----+----+----+----+----+----+----+----+----+----+----+----+----+----+----+----+----+----+----+----+----+----+----+----+----+----+----+----+
 |[43]|    |   2|   2|   1|    |   2|   1|   3|    |    |   2|    |   1|    |   3|   2|    |   1|   1|   2|   2|    |   1|   1|    |   1|   1|   1|   1|   1|   2|   2|   1|   1|   1|   3|    |    |   2|    |    |   2|   2| ## |   1|   3|    |   3|   1|   1|   1|   1|   2|   2|   2|   2|   1|    |   2|   1|    |    |   2|    |[43]|  73|  17|
 +----+----+----+----+----+----+----+----+----+----+----+----+----+----+----+----+----+----+----+----+----+----+----+----+----+----+----+----+----+----+----+----+----+----+----+----+----+----+----+----+----+----+----+----+----+----+----+----+----+----+----+----+----+----+----+----+----+----+----+----+----+----+----+----+----+----+----+----+
 |[44]|   2|   3|    |   1|   2|   1|   2|   1|   2|    |   3|   1|    |    |   1|   1|    |   3|   1|   2|   1|   2|    |   1|   1|   1|   1|   3|   1|   3|   1|   2|   1|   3|   2|   3|   1|   3|   2|   3|   2|   1|   2|   3| ## |   1|   2|   2|   2|   1|   3|   1|   1|   1|    |    |   1|   2|   1|   1|   1|   1|   2|   3|[44]|  95|   4|
 +----+----+----+----+----+----+----+----+----+----+----+----+----+----+----+----+----+----+----+----+----+----+----+----+----+----+----+----+----+----+----+----+----+----+----+----+----+----+----+----+----+----+----+----+----+----+----+----+----+----+----+----+----+----+----+----+----+----+----+----+----+----+----+----+----+----+----+----+
 |[45]|   3|   3|   3|   3|   1|   3|   2|   4|   5|   2|   3|   3|   2|   6|   5|   3|   5|   3|   4|   4|   1|   5|   3|   5|   3|   4|   5|   5|   3|   3|   2|   5|   5|   3|   2|   1|   3|   2|   4|   4|   4|   2|   3|   3|   3| ## |   3|   2|   2|   5|   1|   3|   3|   2|   3|   1|   3|   3|   3|   4|   2|   2|   4|   4|[45]| 200|   8|
 +----+----+----+----+----+----+----+----+----+----+----+----+----+----+----+----+----+----+----+----+----+----+----+----+----+----+----+----+----+----+----+----+----+----+----+----+----+----+----+----+----+----+----+----+----+----+----+----+----+----+----+----+----+----+----+----+----+----+----+----+----+----+----+----+----+----+----+----+
 |[46]|    |    |   1|   1|   2|   2|   2|   1|   1|   1|   2|   1|   2|    |   2|   1|    |   2|    |    |   1|   2|   2|   1|   1|   1|   1|    |   3|   1|   1|    |   1|    |   1|   1|    |   1|    |   2|   1|    |   2|   2|   1|    | ## |   1|   1|   1|    |   1|   2|    |   1|   2|   1|   1|   2|    |   1|    |    |   1|[46]|  62|   7|
 +----+----+----+----+----+----+----+----+----+----+----+----+----+----+----+----+----+----+----+----+----+----+----+----+----+----+----+----+----+----+----+----+----+----+----+----+----+----+----+----+----+----+----+----+----+----+----+----+----+----+----+----+----+----+----+----+----+----+----+----+----+----+----+----+----+----+----+----+
 |[47]|   1|   1|   1|    |    |   2|    |    |   1|    |   1|   2|   1|    |    |   1|   1|    |   2|    |   1|   1|    |    |   1|   1|   1|   1|    |    |   1|    |    |    |    |    |   1|   1|   2|   1|   1|   1|    |   1|    |   1|    | ## |   1|   1|    |    |    |   1|    |    |   1|    |   1|   1|    |   1|    |   1|[47]|  38|   3|
 +----+----+----+----+----+----+----+----+----+----+----+----+----+----+----+----+----+----+----+----+----+----+----+----+----+----+----+----+----+----+----+----+----+----+----+----+----+----+----+----+----+----+----+----+----+----+----+----+----+----+----+----+----+----+----+----+----+----+----+----+----+----+----+----+----+----+----+----+
 |[48]|   1|   2|   1|    |   1|   1|   2|   3|   1|   2|    |    |   1|   1|    |    |   1|   1|   1|   1|    |   1|   2|   1|   1|   2|   1|   1|    |    |   1|   1|    |    |   1|   2|    |   1|   1|    |   2|   1|    |   2|   1|   1|   2|    | ## |   1|   1|   3|   2|   1|   2|   1|    |   2|   1|   2|   1|   1|   1|   1|[48]|  65|   4|
 +----+----+----+----+----+----+----+----+----+----+----+----+----+----+----+----+----+----+----+----+----+----+----+----+----+----+----+----+----+----+----+----+----+----+----+----+----+----+----+----+----+----+----+----+----+----+----+----+----+----+----+----+----+----+----+----+----+----+----+----+----+----+----+----+----+----+----+----+
 |[49]|   1|   4|   3|   5|   2|   4|   5|   3|   5|   4|   3|   1|   3|   2|   2|   2|   2|   5|   4|   5|   3|   4|   2|   5|   4|   3|   4|   3|   5|   5|   4|   6|   3|   2|   5|   4|   3|   3|   2|   4|   5|   3|   3|   3|   2|   3|   3|   5|   3| ## |   2|   4|   6|   4|   5|   2|   5|   4|   5|   3|   4|   3|   3|   3|[49]| 222|   6|
 +----+----+----+----+----+----+----+----+----+----+----+----+----+----+----+----+----+----+----+----+----+----+----+----+----+----+----+----+----+----+----+----+----+----+----+----+----+----+----+----+----+----+----+----+----+----+----+----+----+----+----+----+----+----+----+----+----+----+----+----+----+----+----+----+----+----+----+----+
 |[50]|    |   1|   1|    |   2|   1|   1|    |   2|   2|   1|    |   1|   2|    |   1|   1|   2|   2|   1|   2|   1|   1|   1|   2|   3|   3|   2|   3|   1|   2|   1|    |   1|   2|   2|    |    |   1|   1|   3|   2|    |   2|   2|    |    |   2|   1|   1| ## |    |   2|   2|   3|   3|   2|   1|   1|   2|   2|   1|    |    |[50]|  82|  15|
 +----+----+----+----+----+----+----+----+----+----+----+----+----+----+----+----+----+----+----+----+----+----+----+----+----+----+----+----+----+----+----+----+----+----+----+----+----+----+----+----+----+----+----+----+----+----+----+----+----+----+----+----+----+----+----+----+----+----+----+----+----+----+----+----+----+----+----+----+
 |[51]|  11|   9|  11|  16|  14|  15|   6|   8|  10|  13|  14|  12|  14|  11|  11|  11|  14|  14|  13|  12|  13|  13|  13|  11|  13|  12|  16|   9|  12|  21|  12|  12|  15|  16|  17|  11|  20|  12|  17|  17|  20|  14|  10|  14|  13|  13|   7|  15|  14|   9|   8| ## |  12|  14|   8|  12|  16|  13|  10|  14|   9|  12|  15|  13|[51]| 806|  39|
 +----+----+----+----+----+----+----+----+----+----+----+----+----+----+----+----+----+----+----+----+----+----+----+----+----+----+----+----+----+----+----+----+----+----+----+----+----+----+----+----+----+----+----+----+----+----+----+----+----+----+----+----+----+----+----+----+----+----+----+----+----+----+----+----+----+----+----+----+
 |[52]|   8|   8|   8|   7|   5|   9|   9|   6|   8|   8|  10|   7|  10|   6|   7|   8|   8|   4|   6|  10|   8|   8|   6|   8|   8|   6|   6|   6|   3|  11|   6|   7|  12|   9|   9|   9|   2|   7|   6|   9|   6|   8|   9|   8|   7|   7|   9|   8|   9|   6|   6|  10| ## |   8|   8|   9|   6|   7|   7|   7|   8|   6|   9|   5|[52]| 471|  18|
 +----+----+----+----+----+----+----+----+----+----+----+----+----+----+----+----+----+----+----+----+----+----+----+----+----+----+----+----+----+----+----+----+----+----+----+----+----+----+----+----+----+----+----+----+----+----+----+----+----+----+----+----+----+----+----+----+----+----+----+----+----+----+----+----+----+----+----+----+
 |[53]|   3|   6|   8|   8|   7|  11|   9|   9|   4|   6|   7|   5|   7|   5|   4|   9|   6|   4|   7|   7|   6|   7|   7|   9|   4|   5|   5|   5|   4|   9|   8|  10|  11|   7|   9|   5|   6|   7|   8|   8|  10|   7|   3|   9|   8|   9|   6|   9|   6|   3|   7|  10|  10| ## |   7|   3|   4|   7|   7|   6|   8|   7|   8|  14|[53]| 440|  27|
 +----+----+----+----+----+----+----+----+----+----+----+----+----+----+----+----+----+----+----+----+----+----+----+----+----+----+----+----+----+----+----+----+----+----+----+----+----+----+----+----+----+----+----+----+----+----+----+----+----+----+----+----+----+----+----+----+----+----+----+----+----+----+----+----+----+----+----+----+
 |[54]|    |    |    |   1|    |   1|    |    |    |    |    |    |    |    |    |    |    |    |    |    |   1|    |    |    |   1|    |    |    |    |   1|    |   1|    |    |    |    |    |   1|   1|    |    |    |    |   1|    |    |    |    |    |    |   1|    |    |   1| ## |    |   1|    |    |    |    |   1|    |    |[54]|  13|   1|
 +----+----+----+----+----+----+----+----+----+----+----+----+----+----+----+----+----+----+----+----+----+----+----+----+----+----+----+----+----+----+----+----+----+----+----+----+----+----+----+----+----+----+----+----+----+----+----+----+----+----+----+----+----+----+----+----+----+----+----+----+----+----+----+----+----+----+----+----+
 |[55]|   2|   2|   2|    |    |   1|   1|    |    |   1|   2|   1|   2|   1|   1|   1|   2|    |   1|   2|    |   1|   1|   1|   2|   1|   2|   1|   2|   2|    |   2|    |   2|   1|   1|   1|   1|   1|   2|   2|    |   2|   2|   1|   2|    |   2|   1|   1|   2|   2|    |    |   1| ## |   1|   1|   2|   2|    |   1|    |   2|[55]|  73|   5|
 +----+----+----+----+----+----+----+----+----+----+----+----+----+----+----+----+----+----+----+----+----+----+----+----+----+----+----+----+----+----+----+----+----+----+----+----+----+----+----+----+----+----+----+----+----+----+----+----+----+----+----+----+----+----+----+----+----+----+----+----+----+----+----+----+----+----+----+----+
 |[56]|   7|  11|   7|  10|   6|  10|  15|   6|   8|   8|   9|  13|  11|  11|  10|   9|  10|   8|  14|   8|   9|   6|   9|  10|  10|   8|  12|   7|   9|   9|  10|  12|  10|  11|  10|   8|  12|  11|   6|  12|   9|  10|   5|   8|   9|   9|  12|  10|   6|  12|   7|   9|  13|  11|   9|  11| ## |   8|  11|   3|  12|  10|  12|  10|[56]| 598|  17|
 +----+----+----+----+----+----+----+----+----+----+----+----+----+----+----+----+----+----+----+----+----+----+----+----+----+----+----+----+----+----+----+----+----+----+----+----+----+----+----+----+----+----+----+----+----+----+----+----+----+----+----+----+----+----+----+----+----+----+----+----+----+----+----+----+----+----+----+----+
 |[57]|    |   1|    |    |    |    |    |    |    |    |   2|    |    |    |   2|    |   1|   1|    |   1|   1|    |   1|   1|   1|    |    |    |   1|    |    |    |   1|    |    |    |    |   1|    |   1|   1|    |   1|    |   2|   1|    |    |    |    |    |   2|   1|   1|    |    |    | ## |   1|    |   2|    |   1|    |[57]|  29|   3|
 +----+----+----+----+----+----+----+----+----+----+----+----+----+----+----+----+----+----+----+----+----+----+----+----+----+----+----+----+----+----+----+----+----+----+----+----+----+----+----+----+----+----+----+----+----+----+----+----+----+----+----+----+----+----+----+----+----+----+----+----+----+----+----+----+----+----+----+----+
 |[58]|    |   1|   1|   2|    |   2|   1|   1|   1|    |   1|   1|   1|   2|   1|    |    |    |    |    |    |   1|   1|    |   3|    |   1|    |    |   2|    |   2|   1|   1|   2|    |   1|    |   1|    |   1|    |    |   1|   2|    |   1|   2|    |   1|    |   1|   1|   1|   2|   1|   1|    | ## |    |   2|   2|    |   1|[58]|  51|   3|
 +----+----+----+----+----+----+----+----+----+----+----+----+----+----+----+----+----+----+----+----+----+----+----+----+----+----+----+----+----+----+----+----+----+----+----+----+----+----+----+----+----+----+----+----+----+----+----+----+----+----+----+----+----+----+----+----+----+----+----+----+----+----+----+----+----+----+----+----+
 |[59]|   1|    |   1|    |   1|   1|    |    |   1|   1|    |    |   1|    |    |    |    |    |    |    |    |    |   1|    |   1|    |    |    |   1|   1|   1|   1|   1|    |    |   1|    |    |   1|    |   1|   1|   1|    |   1|    |   1|    |   1|   1|   1|   1|   1|   1|    |    |   1|    |    | ## |    |    |    |    |[59]|  28|   1|
 +----+----+----+----+----+----+----+----+----+----+----+----+----+----+----+----+----+----+----+----+----+----+----+----+----+----+----+----+----+----+----+----+----+----+----+----+----+----+----+----+----+----+----+----+----+----+----+----+----+----+----+----+----+----+----+----+----+----+----+----+----+----+----+----+----+----+----+----+
 |[60]|    |   1|   1|   1|   2|   1|   3|   1|    |    |   2|    |   2|   1|   2|   1|   1|    |    |    |   1|   1|   1|    |   1|   2|   1|   1|    |   1|    |    |    |    |    |   2|   1|   1|   1|    |   1|   2|    |    |   1|   1|    |   2|   1|   2|   1|   1|   1|    |    |   1|   1|    |   2|   2| ## |   1|   2|   1|[60]|  56|   3|
 +----+----+----+----+----+----+----+----+----+----+----+----+----+----+----+----+----+----+----+----+----+----+----+----+----+----+----+----+----+----+----+----+----+----+----+----+----+----+----+----+----+----+----+----+----+----+----+----+----+----+----+----+----+----+----+----+----+----+----+----+----+----+----+----+----+----+----+----+
 |[61]|    |   1|    |    |    |   2|    |   1|   1|    |   1|    |   1|   1|   1|   1|   1|    |   1|    |   1|   2|   1|   1|    |    |    |   1|   1|   1|   1|    |    |    |   2|   1|   2|   2|   1|    |   1|    |    |   1|    |    |    |   1|    |    |   1|    |    |   1|   1|   1|    |   1|    |    |    | ## |   1|   1|[61]|  39|   2|
 +----+----+----+----+----+----+----+----+----+----+----+----+----+----+----+----+----+----+----+----+----+----+----+----+----+----+----+----+----+----+----+----+----+----+----+----+----+----+----+----+----+----+----+----+----+----+----+----+----+----+----+----+----+----+----+----+----+----+----+----+----+----+----+----+----+----+----+----+
 |[62]|   1|   4|   3|   1|   2|   3|   4|   3|   3|   1|   2|   2|   2|   2|   3|   3|   1|   3|   3|   1|   3|   4|   3|   6|   6|   3|   2|   2|   4|   3|   2|   4|   4|   4|   4|   1|   1|   3|   4|   2|   3|   3|   1|   5|   3|   2|   3|   2|   4|   3|   3|   2|   5|   4|   4|   3|   3|   1|   1|   3|   4|   2| ## |   4|[62]| 180|   8|
 +----+----+----+----+----+----+----+----+----+----+----+----+----+----+----+----+----+----+----+----+----+----+----+----+----+----+----+----+----+----+----+----+----+----+----+----+----+----+----+----+----+----+----+----+----+----+----+----+----+----+----+----+----+----+----+----+----+----+----+----+----+----+----+----+----+----+----+----+
 |[63]|  15|   9|  11|  19|  11|  21|  16|   9|  16|  19|  15|  18|  15|  17|  18|  16|  14|  16|  26|  20|  16|  16|  16|  17|  14|  13|  18|  14|   8|  12|  13|  15|  13|  13|  15|  16|  17|  17|  10|  13|  14|  14|  14|  15|  14|  13|  11|  15|  15|  10|  18|  18|  17|  18|  17|   9|  19|  19|  15|  14|  17|  20|  19| ## |[63]| 962|  43|
 +----+----+----+----+----+----+----+----+----+----+----+----+----+----+----+----+----+----+----+----+----+----+----+----+----+----+----+----+----+----+----+----+----+----+----+----+----+----+----+----+----+----+----+----+----+----+----+----+----+----+----+----+----+----+----+----+----+----+----+----+----+----+----+----+----+----+----+----+
 | ## |[ 0]|[ 1]|[ 2]|[ 3]|[ 4]|[ 5]|[ 6]|[ 7]|[ 8]|[ 9]|[10]|[11]|[12]|[13]|[14]|[15]|[16]|[17]|[18]|[19]|[20]|[21]|[22]|[23]|[24]|[25]|[26]|[27]|[28]|[29]|[30]|[31]|[32]|[33]|[34]|[35]|[36]|[37]|[38]|[39]|[40]|[41]|[42]|[43]|[44]|[45]|[46]|[47]|[48]|[49]|[50]|[51]|[52]|[53]|[54]|[55]|[56]|[57]|[58]|[59]|[60]|[61]|[62]|[63]| ## | ## |1024|
 +----+----+----+----+----+----+----+----+----+----+----+----+----+----+----+----+----+----+----+----+----+----+----+----+----+----+----+----+----+----+----+----+----+----+----+----+----+----+----+----+----+----+----+----+----+----+----+----+----+----+----+----+----+----+----+----+----+----+----+----+----+----+----+----+----+----+----+----+
 | TTL| 252| 279| 240| 282| 278| 290| 290| 271| 273| 278| 320| 259| 303| 285| 274| 263| 277| 298| 319| 281| 279| 305| 267| 288| 310| 287| 291| 257| 251| 307| 267| 322| 279| 240| 314| 274| 290| 283| 301| 331| 338| 267| 247| 305| 275| 311| 269| 286| 276| 273| 240| 299| 301| 298| 301| 246| 282| 285| 281| 295| 278| 289| 273| 269| ## | ## | ## |
 +----+----+----+----+----+----+----+----+----+----+----+----+----+----+----+----+----+----+----+----+----+----+----+----+----+----+----+----+----+----+----+----+----+----+----+----+----+----+----+----+----+----+----+----+----+----+----+----+----+----+----+----+----+----+----+----+----+----+----+----+----+----+----+----+----+----+----+----+






