

 Use image  :  barbara.bmp




  Relationship between basis and replaceable basis


  Number of basis used : 0, 1 


  [basis number] : Number of substitutable basis for basis number 


 *Total on the right : Number of replacements (Be done)

  Total below : Number of replacements (To do)


  Of the amount of improvement  : 0 ~ 25.000000

----------------------------------------------------------------------------------

 +----+----+----+----+----+----+----+----+----+----+----+----+----+----+----+----+----+----+----+----+----+----+----+----+----+----+----+----+----+----+----+----+----+----+----+----+----+----+----+----+----+----+----+----+----+----+----+----+----+----+----+----+----+----+----+----+----+----+----+----+----+----+----+----+----+----+----+----+
 | ## |[ 0]|[ 1]|[ 2]|[ 3]|[ 4]|[ 5]|[ 6]|[ 7]|[ 8]|[ 9]|[10]|[11]|[12]|[13]|[14]|[15]|[16]|[17]|[18]|[19]|[20]|[21]|[22]|[23]|[24]|[25]|[26]|[27]|[28]|[29]|[30]|[31]|[32]|[33]|[34]|[35]|[36]|[37]|[38]|[39]|[40]|[41]|[42]|[43]|[44]|[45]|[46]|[47]|[48]|[49]|[50]|[51]|[52]|[53]|[54]|[55]|[56]|[57]|[58]|[59]|[60]|[61]|[62]|[63]| ## | TTL| ## |                                                                                    
 +----+----+----+----+----+----+----+----+----+----+----+----+----+----+----+----+----+----+----+----+----+----+----+----+----+----+----+----+----+----+----+----+----+----+----+----+----+----+----+----+----+----+----+----+----+----+----+----+----+----+----+----+----+----+----+----+----+----+----+----+----+----+----+----+----+----+----+----+
 |[ 0]| ## |   2|   2|   2|   2|   2|   3|   2|   3|   1|   1|   2|   3|   1|   3|   1|   2|   3|   1|   3|   1|   1|    |    |   2|   2|   1|   1|   1|   3|   1|   2|    |   2|   1|   3|   2|   2|   2|   3|   1|   1|   1|   3|   1|    |   3|   2|   2|   1|    |   2|   2|   1|   2|   2|    |   2|   1|   3|   2|   3|    |    |[ 0]| 104|   3|
 +----+----+----+----+----+----+----+----+----+----+----+----+----+----+----+----+----+----+----+----+----+----+----+----+----+----+----+----+----+----+----+----+----+----+----+----+----+----+----+----+----+----+----+----+----+----+----+----+----+----+----+----+----+----+----+----+----+----+----+----+----+----+----+----+----+----+----+----+
 |[ 1]|    | ## |   1|    |   1|    |   1|    |   1|   2|   1|   2|    |   1|    |   1|   1|    |    |    |   1|   2|   1|   1|    |    |    |    |   1|   1|   1|   1|    |    |   1|   2|    |   1|    |    |    |   1|    |   1|    |   1|   1|    |   2|   1|    |   2|   1|   2|   1|    |    |    |    |   1|   1|   1|   1|    |[ 1]|  42|   3|
 +----+----+----+----+----+----+----+----+----+----+----+----+----+----+----+----+----+----+----+----+----+----+----+----+----+----+----+----+----+----+----+----+----+----+----+----+----+----+----+----+----+----+----+----+----+----+----+----+----+----+----+----+----+----+----+----+----+----+----+----+----+----+----+----+----+----+----+----+
 |[ 2]|   1|   1| ## |    |    |    |    |    |    |    |   1|   1|   1|    |   1|    |    |    |    |    |    |   2|    |    |    |    |   1|    |    |    |    |    |    |    |    |    |   1|    |   1|    |    |    |    |    |    |    |    |    |    |    |    |   1|    |    |   1|    |    |    |    |    |    |    |    |    |[ 2]|  13|  11|
 +----+----+----+----+----+----+----+----+----+----+----+----+----+----+----+----+----+----+----+----+----+----+----+----+----+----+----+----+----+----+----+----+----+----+----+----+----+----+----+----+----+----+----+----+----+----+----+----+----+----+----+----+----+----+----+----+----+----+----+----+----+----+----+----+----+----+----+----+
 |[ 3]|   4|   5|   2| ## |   2|   2|   1|   4|   2|   1|   4|    |   2|   1|   1|   2|   3|   1|   2|   4|   1|   3|    |   2|   3|   4|   4|   3|   2|   2|   2|   3|   3|   2|   4|   1|   6|   2|   1|   3|   4|   1|   3|   2|   6|   4|   1|   4|   2|   3|    |   4|   2|   5|   2|   2|   2|   3|   2|   6|   2|   3|   4|   2|[ 3]| 163|  23|
 +----+----+----+----+----+----+----+----+----+----+----+----+----+----+----+----+----+----+----+----+----+----+----+----+----+----+----+----+----+----+----+----+----+----+----+----+----+----+----+----+----+----+----+----+----+----+----+----+----+----+----+----+----+----+----+----+----+----+----+----+----+----+----+----+----+----+----+----+
 |[ 4]|   3|   2|   3|   1| ## |   2|   4|   2|   4|   5|   3|   5|   2|   5|   3|   3|   3|   3|   4|   4|   3|   4|   5|   6|   2|   4|   3|   1|   4|   1|   3|   5|   2|   1|   5|   1|   3|   3|   5|   4|   6|   4|   1|   5|   3|   2|   2|   3|   5|   2|   4|   3|   4|   2|   6|   2|   6|   5|   4|   5|   3|   2|   1|   2|[ 4]| 208|  17|
 +----+----+----+----+----+----+----+----+----+----+----+----+----+----+----+----+----+----+----+----+----+----+----+----+----+----+----+----+----+----+----+----+----+----+----+----+----+----+----+----+----+----+----+----+----+----+----+----+----+----+----+----+----+----+----+----+----+----+----+----+----+----+----+----+----+----+----+----+
 |[ 5]|    |   1|    |    |    | ## |   1|    |    |   1|    |    |    |    |    |    |    |    |   1|   1|   1|   1|    |   1|   1|   1|    |    |    |   1|    |   1|   1|    |   1|    |   1|   1|    |   1|    |    |    |    |   1|    |   1|   1|    |   1|    |   1|    |    |    |    |   1|    |   1|   1|    |   1|   1|    |[ 5]|  27|   6|
 +----+----+----+----+----+----+----+----+----+----+----+----+----+----+----+----+----+----+----+----+----+----+----+----+----+----+----+----+----+----+----+----+----+----+----+----+----+----+----+----+----+----+----+----+----+----+----+----+----+----+----+----+----+----+----+----+----+----+----+----+----+----+----+----+----+----+----+----+
 |[ 6]|   4|   5|   3|   6|   5|   7| ## |   6|   4|   4|   7|   2|   7|   6|   6|   8|   5|   4|   7|   2|   4|   6|   1|   9|   5|   3|   6|   6|   4|   5|   5|   8|   6|   3|   6|   6|   4|   8|   8|   6|   3|   5|   3|   4|   3|   5|   6|   6|   3|   5|   4|   4|   6|   2|   4|   5|   4|   5|   7|   4|   6|   4|   8|   6|[ 6]| 319|  14|
 +----+----+----+----+----+----+----+----+----+----+----+----+----+----+----+----+----+----+----+----+----+----+----+----+----+----+----+----+----+----+----+----+----+----+----+----+----+----+----+----+----+----+----+----+----+----+----+----+----+----+----+----+----+----+----+----+----+----+----+----+----+----+----+----+----+----+----+----+
 |[ 7]|    |    |    |    |    |    |    | ## |    |    |    |    |    |    |    |    |    |    |    |    |    |    |    |    |    |    |    |    |    |    |    |    |    |    |    |    |    |    |    |    |    |    |    |    |    |    |    |    |    |    |    |    |    |    |    |    |    |    |    |    |    |    |    |    |[ 7]|   0|   1|
 +----+----+----+----+----+----+----+----+----+----+----+----+----+----+----+----+----+----+----+----+----+----+----+----+----+----+----+----+----+----+----+----+----+----+----+----+----+----+----+----+----+----+----+----+----+----+----+----+----+----+----+----+----+----+----+----+----+----+----+----+----+----+----+----+----+----+----+----+
 |[ 8]|    |    |    |    |    |   1|    |   1| ## |   1|    |    |   1|    |   1|   1|    |    |    |    |    |   1|    |   1|   1|   1|    |   1|    |    |    |   1|   1|    |   1|   2|    |    |    |   1|   1|   1|   2|   1|   2|    |    |    |    |    |    |    |   1|    |   1|   1|   1|    |    |    |    |   1|   1|    |[ 8]|  30|   4|
 +----+----+----+----+----+----+----+----+----+----+----+----+----+----+----+----+----+----+----+----+----+----+----+----+----+----+----+----+----+----+----+----+----+----+----+----+----+----+----+----+----+----+----+----+----+----+----+----+----+----+----+----+----+----+----+----+----+----+----+----+----+----+----+----+----+----+----+----+
 |[ 9]|   1|    |    |   3|   2|   1|   2|   1|   2| ## |   2|   1|   1|   1|    |   1|   1|   3|   1|    |   1|   1|   4|   2|   2|   2|   1|   1|   2|   3|    |   1|    |    |   1|   2|   1|   3|   3|   4|   4|   1|   1|   2|   1|   1|   1|    |   5|   1|   1|   2|   1|    |   3|   1|   2|   2|    |   2|   1|    |   2|   1|[ 9]|  92|   6|
 +----+----+----+----+----+----+----+----+----+----+----+----+----+----+----+----+----+----+----+----+----+----+----+----+----+----+----+----+----+----+----+----+----+----+----+----+----+----+----+----+----+----+----+----+----+----+----+----+----+----+----+----+----+----+----+----+----+----+----+----+----+----+----+----+----+----+----+----+
 |[10]|    |    |    |    |    |    |    |    |    |    | ## |   1|    |    |    |    |    |   2|   1|    |   1|    |    |    |    |    |    |    |    |    |    |   1|    |    |   1|    |    |    |    |   3|   2|    |    |    |    |    |    |    |    |    |    |   1|    |    |    |    |    |    |    |    |    |    |    |    |[10]|  13|  21|
 +----+----+----+----+----+----+----+----+----+----+----+----+----+----+----+----+----+----+----+----+----+----+----+----+----+----+----+----+----+----+----+----+----+----+----+----+----+----+----+----+----+----+----+----+----+----+----+----+----+----+----+----+----+----+----+----+----+----+----+----+----+----+----+----+----+----+----+----+
 |[11]|   2|   3|   3|   4|   1|   2|    |   2|   2|   1|   3| ## |   4|   1|   1|   2|   4|   1|   2|   3|   1|   2|   3|   3|   1|   2|   2|    |    |   2|   2|   1|   2|    |   2|   1|   2|   2|   2|   3|   3|   2|   2|   3|   2|   1|   2|   2|    |   1|   2|   2|   2|   2|   3|   3|   1|   2|   1|   4|   3|   2|   1|   2|[11]| 122|   6|
 +----+----+----+----+----+----+----+----+----+----+----+----+----+----+----+----+----+----+----+----+----+----+----+----+----+----+----+----+----+----+----+----+----+----+----+----+----+----+----+----+----+----+----+----+----+----+----+----+----+----+----+----+----+----+----+----+----+----+----+----+----+----+----+----+----+----+----+----+
 |[12]|    |    |    |    |    |    |    |    |    |    |    |    | ## |    |   1|    |    |    |    |    |    |    |    |    |    |    |    |    |   1|    |   1|    |    |    |    |    |    |    |    |    |    |    |    |   2|    |    |   1|    |    |    |    |    |    |    |    |    |    |    |    |    |    |    |    |    |[12]|   6|  18|
 +----+----+----+----+----+----+----+----+----+----+----+----+----+----+----+----+----+----+----+----+----+----+----+----+----+----+----+----+----+----+----+----+----+----+----+----+----+----+----+----+----+----+----+----+----+----+----+----+----+----+----+----+----+----+----+----+----+----+----+----+----+----+----+----+----+----+----+----+
 |[13]|    |    |    |   1|    |    |   1|    |    |    |   1|   1|    | ## |    |   1|    |    |    |    |   1|    |    |    |    |    |   1|    |   1|   1|    |   1|    |    |   1|    |    |    |    |    |    |   1|   1|    |   1|    |    |    |   1|    |    |    |    |    |   1|   1|    |    |    |   1|   1|    |    |    |[13]|  19|   4|
 +----+----+----+----+----+----+----+----+----+----+----+----+----+----+----+----+----+----+----+----+----+----+----+----+----+----+----+----+----+----+----+----+----+----+----+----+----+----+----+----+----+----+----+----+----+----+----+----+----+----+----+----+----+----+----+----+----+----+----+----+----+----+----+----+----+----+----+----+
 |[14]|    |    |    |    |    |    |   1|   2|   1|    |    |    |    |    | ## |    |    |    |    |   1|   1|    |    |    |    |    |    |    |   1|   2|    |   1|    |   1|    |    |    |    |   2|    |   1|    |    |   1|    |   1|    |   1|   1|   1|    |    |    |    |   1|   1|   1|   1|    |    |   2|   1|    |   1|[14]|  27|   9|
 +----+----+----+----+----+----+----+----+----+----+----+----+----+----+----+----+----+----+----+----+----+----+----+----+----+----+----+----+----+----+----+----+----+----+----+----+----+----+----+----+----+----+----+----+----+----+----+----+----+----+----+----+----+----+----+----+----+----+----+----+----+----+----+----+----+----+----+----+
 |[15]|   1|    |    |   1|    |    |   1|   1|    |   1|    |    |    |    |   2| ## |    |   1|    |    |   1|    |   1|    |    |    |    |    |    |    |   1|   1|   1|    |    |    |    |    |    |   1|    |   1|    |   1|    |   1|   1|   1|    |    |    |    |    |   1|    |    |    |   1|   1|    |    |    |    |    |[15]|  22|   2|
 +----+----+----+----+----+----+----+----+----+----+----+----+----+----+----+----+----+----+----+----+----+----+----+----+----+----+----+----+----+----+----+----+----+----+----+----+----+----+----+----+----+----+----+----+----+----+----+----+----+----+----+----+----+----+----+----+----+----+----+----+----+----+----+----+----+----+----+----+
 |[16]|    |    |    |    |    |    |    |    |    |    |    |    |    |    |    |    | ## |    |    |    |    |    |    |    |    |    |    |    |    |    |    |    |    |    |    |    |    |    |    |    |    |    |    |    |    |    |    |    |    |    |    |    |    |    |    |    |    |    |    |    |    |    |    |    |[16]|   0|   3|
 +----+----+----+----+----+----+----+----+----+----+----+----+----+----+----+----+----+----+----+----+----+----+----+----+----+----+----+----+----+----+----+----+----+----+----+----+----+----+----+----+----+----+----+----+----+----+----+----+----+----+----+----+----+----+----+----+----+----+----+----+----+----+----+----+----+----+----+----+
 |[17]|   8|   9|   2|   5|   8|   7|   7|   6|   5|  10|  10|   5|   8|   4|   6|   5|   5| ## |   4|  11|   2|   7|  16|   9|   8|   7|   6|   7|   4|   8|   7|   6|   6|   1|   3|   5|   7|   5|   6|  17|   9|   5|   4|   7|   5|   9|   6|   9|   7|   8|   4|   7|   4|   6|   8|   6|   4|   4|   5|   7|   5|   6|   4|   7|[17]| 408|  51|
 +----+----+----+----+----+----+----+----+----+----+----+----+----+----+----+----+----+----+----+----+----+----+----+----+----+----+----+----+----+----+----+----+----+----+----+----+----+----+----+----+----+----+----+----+----+----+----+----+----+----+----+----+----+----+----+----+----+----+----+----+----+----+----+----+----+----+----+----+
 |[18]|   4|   5|   4|   4|   3|   3|   4|   5|   3|   5|   6|   5|   4|   8|   5|   2|   2|   8| ## |   3|   6|   5|   4|  10|   4|   4|   5|   4|   4|   5|   3|   8|   5|   2|   1|   5|   3|   4|   4|   4|   3|   7|   1|   2|   3|   4|   7|   4|   3|   4|   7|   4|   5|   4|   6|   4|   8|   7|   5|   5|   5|   3|   8|   9|[18]| 291|  62|
 +----+----+----+----+----+----+----+----+----+----+----+----+----+----+----+----+----+----+----+----+----+----+----+----+----+----+----+----+----+----+----+----+----+----+----+----+----+----+----+----+----+----+----+----+----+----+----+----+----+----+----+----+----+----+----+----+----+----+----+----+----+----+----+----+----+----+----+----+
 |[19]|   4|   3|    |   1|   3|   4|    |   2|   2|   2|   2|   5|   3|   1|   1|   1|   2|   4|   2| ## |   1|   3|   4|   1|   2|   2|   2|    |   2|   2|   1|   4|   3|   2|   2|   2|   3|   1|   1|   2|   2|   3|   1|   1|   3|   3|   2|   1|   4|   3|   2|   2|   1|   3|   2|   1|   1|   3|   1|   3|   1|   3|   1|   3|[19]| 132|  11|
 +----+----+----+----+----+----+----+----+----+----+----+----+----+----+----+----+----+----+----+----+----+----+----+----+----+----+----+----+----+----+----+----+----+----+----+----+----+----+----+----+----+----+----+----+----+----+----+----+----+----+----+----+----+----+----+----+----+----+----+----+----+----+----+----+----+----+----+----+
 |[20]|   2|   2|    |   1|   2|   2|   2|   2|   2|   1|   1|    |   4|    |    |   3|    |   1|   3|    | ## |   1|   1|   1|   4|    |   3|   2|    |   1|    |   2|   3|   2|   3|   1|   1|    |   2|   1|   2|   1|   1|   2|   2|   2|   2|    |   1|    |    |   1|   2|   1|   2|   2|   2|   2|   3|   1|   3|   3|   2|   1|[20]|  94|   8|
 +----+----+----+----+----+----+----+----+----+----+----+----+----+----+----+----+----+----+----+----+----+----+----+----+----+----+----+----+----+----+----+----+----+----+----+----+----+----+----+----+----+----+----+----+----+----+----+----+----+----+----+----+----+----+----+----+----+----+----+----+----+----+----+----+----+----+----+----+
 |[21]|    |   1|    |    |    |    |    |    |    |    |   1|    |    |   1|    |    |    |   1|    |   1|    | ## |    |    |    |    |    |    |    |    |    |    |    |    |    |   1|    |    |   1|   1|    |    |   1|    |    |   1|    |    |    |    |    |    |   1|    |    |    |    |    |   1|    |    |    |    |    |[21]|  12|   2|
 +----+----+----+----+----+----+----+----+----+----+----+----+----+----+----+----+----+----+----+----+----+----+----+----+----+----+----+----+----+----+----+----+----+----+----+----+----+----+----+----+----+----+----+----+----+----+----+----+----+----+----+----+----+----+----+----+----+----+----+----+----+----+----+----+----+----+----+----+
 |[22]|  13|  19|   7|  11|  18|  12|  16|  15|  17|  22|  14|  14|  15|  13|  12|  11|  14|  21|  21|  19|  14|  13| ## |  21|  21|  19|  12|   8|  17|  12|  21|  16|  11|   7|  20|  12|  20|  11|  20|  27|  25|  20|  13|  10|  17|  21|  14|  17|  14|  18|  13|  19|  13|  16|  20|  11|   5|  19|  12|  14|  14|  11|  11|  15|[22]| 968| 152|
 +----+----+----+----+----+----+----+----+----+----+----+----+----+----+----+----+----+----+----+----+----+----+----+----+----+----+----+----+----+----+----+----+----+----+----+----+----+----+----+----+----+----+----+----+----+----+----+----+----+----+----+----+----+----+----+----+----+----+----+----+----+----+----+----+----+----+----+----+
 |[23]|   8|   4|   7|   9|  12|   6|  16|   8|   7|   6|  11|   7|   4|  13|   9|  13|  10|  10|  26|   9|  17|   9|  12| ## |  20|   9|  16|  10|   6|   7|   5|  20|  10|   9|  10|   6|   9|   7|  15|  14|  10|   8|   7|   5|   5|  14|   9|  10|   8|   9|   7|  10|  10|  14|  10|   4|  16|   9|  15|   8|  10|   9|  11|  13|[23]| 637|  60|
 +----+----+----+----+----+----+----+----+----+----+----+----+----+----+----+----+----+----+----+----+----+----+----+----+----+----+----+----+----+----+----+----+----+----+----+----+----+----+----+----+----+----+----+----+----+----+----+----+----+----+----+----+----+----+----+----+----+----+----+----+----+----+----+----+----+----+----+----+
 |[24]|   3|   4|   3|   5|    |   2|   4|   1|   3|   3|   4|    |   1|   2|   4|   2|   3|   5|   3|   1|   5|   3|   5|   4| ## |   2|   3|   4|   1|   3|   3|   7|   3|   1|   1|   4|   4|   5|   3|   4|   2|   4|   3|   5|   2|   4|   1|   3|   7|   3|   4|   2|   2|   4|   5|   2|   6|   4|   3|   4|   6|   3|   3|   2|[24]| 202|  12|
 +----+----+----+----+----+----+----+----+----+----+----+----+----+----+----+----+----+----+----+----+----+----+----+----+----+----+----+----+----+----+----+----+----+----+----+----+----+----+----+----+----+----+----+----+----+----+----+----+----+----+----+----+----+----+----+----+----+----+----+----+----+----+----+----+----+----+----+----+
 |[25]|    |    |    |    |    |    |    |    |    |    |    |    |    |    |    |    |    |    |    |    |    |    |    |    |    | ## |    |    |    |    |    |    |    |    |    |    |    |    |    |    |   1|    |    |    |    |    |    |    |    |    |   1|    |    |    |    |    |    |    |    |    |    |    |    |    |[25]|   2|   4|
 +----+----+----+----+----+----+----+----+----+----+----+----+----+----+----+----+----+----+----+----+----+----+----+----+----+----+----+----+----+----+----+----+----+----+----+----+----+----+----+----+----+----+----+----+----+----+----+----+----+----+----+----+----+----+----+----+----+----+----+----+----+----+----+----+----+----+----+----+
 |[26]|   1|   1|    |    |   1|   1|   1|   1|   1|    |    |   1|   1|    |    |   1|    |    |    |    |   1|    |    |    |   1|   1| ## |   1|    |   1|    |   1|   1|   1|   1|    |   1|   1|    |   1|    |   1|   1|   1|    |   1|   1|   1|   1|    |   1|    |   1|    |   1|   1|    |   1|    |   1|    |    |   1|    |[26]|  36|   1|
 +----+----+----+----+----+----+----+----+----+----+----+----+----+----+----+----+----+----+----+----+----+----+----+----+----+----+----+----+----+----+----+----+----+----+----+----+----+----+----+----+----+----+----+----+----+----+----+----+----+----+----+----+----+----+----+----+----+----+----+----+----+----+----+----+----+----+----+----+
 |[27]|   2|    |    |    |   1|   2|   1|    |   1|   1|   2|   1|   1|   1|   1|   1|   2|   1|   1|   1|   2|   1|   1|   1|   2|   1|    | ## |   1|    |    |    |   2|   1|   1|    |   1|   1|    |   1|   1|    |   1|   1|    |    |   2|   1|   2|   2|    |   1|   2|    |   1|   2|   1|    |   2|    |   1|    |   2|   1|[27]|  59|   5|
 +----+----+----+----+----+----+----+----+----+----+----+----+----+----+----+----+----+----+----+----+----+----+----+----+----+----+----+----+----+----+----+----+----+----+----+----+----+----+----+----+----+----+----+----+----+----+----+----+----+----+----+----+----+----+----+----+----+----+----+----+----+----+----+----+----+----+----+----+
 |[28]|    |   1|    |   1|    |   1|    |   1|   1|    |    |    |   1|    |    |   1|    |    |   1|    |   1|   1|   1|    |    |   1|    |   1| ## |   1|    |    |   1|   1|    |   1|   1|   1|   1|   1|   1|   1|    |    |    |    |   1|   1|   1|   1|    |   1|    |   1|   1|   1|    |   1|    |    |    |   1|    |    |[28]|  33|   9|
 +----+----+----+----+----+----+----+----+----+----+----+----+----+----+----+----+----+----+----+----+----+----+----+----+----+----+----+----+----+----+----+----+----+----+----+----+----+----+----+----+----+----+----+----+----+----+----+----+----+----+----+----+----+----+----+----+----+----+----+----+----+----+----+----+----+----+----+----+
 |[29]|   1|    |   1|   1|   1|   1|    |   1|   1|    |    |   1|   1|   1|   3|    |   2|    |    |    |    |    |    |   1|   1|   1|   2|   2|   2| ## |   1|   3|   1|   1|   1|    |   1|   2|   1|    |   1|    |   1|   1|   1|   1|   2|   1|    |   2|    |    |    |   1|   2|    |    |   1|   2|    |   1|    |   1|    |[29]|  53|  14|
 +----+----+----+----+----+----+----+----+----+----+----+----+----+----+----+----+----+----+----+----+----+----+----+----+----+----+----+----+----+----+----+----+----+----+----+----+----+----+----+----+----+----+----+----+----+----+----+----+----+----+----+----+----+----+----+----+----+----+----+----+----+----+----+----+----+----+----+----+
 |[30]|   1|   1|    |    |   1|    |    |   1|    |    |   1|    |   1|   1|   1|    |   1|   1|    |    |    |   1|    |   1|   1|    |    |    |   1|   1| ## |    |   1|    |   1|   1|   1|    |   1|    |   1|    |    |    |   1|   1|   1|    |    |   1|   1|    |   1|   1|   1|    |    |    |    |   1|   1|   1|   1|   1|[30]|  34|   3|
 +----+----+----+----+----+----+----+----+----+----+----+----+----+----+----+----+----+----+----+----+----+----+----+----+----+----+----+----+----+----+----+----+----+----+----+----+----+----+----+----+----+----+----+----+----+----+----+----+----+----+----+----+----+----+----+----+----+----+----+----+----+----+----+----+----+----+----+----+
 |[31]|   5|   7|   1|   5|   3|   6|   8|   6|   9|   4|  10|   4|   3|   7|   7|   3|   5|   7|   5|   4|   6|   7|   8|   7|   6|   5|   6|    |   3|   7|   3| ## |   5|   3|   5|   7|   7|   8|   5|   8|   3|   3|   3|  10|   6|   8|   5|   6|   4|   7|   3|   5|   5|   7|   5|   3|   6|   5|   6|   5|   5|   5|   2|   2|[31]| 334|  28|
 +----+----+----+----+----+----+----+----+----+----+----+----+----+----+----+----+----+----+----+----+----+----+----+----+----+----+----+----+----+----+----+----+----+----+----+----+----+----+----+----+----+----+----+----+----+----+----+----+----+----+----+----+----+----+----+----+----+----+----+----+----+----+----+----+----+----+----+----+
 |[32]|   1|   1|   2|   1|   1|   2|   1|   1|   1|   2|   1|    |   2|    |    |   1|    |   2|   1|    |    |   2|    |   1|   2|   2|   2|    |    |   1|   2|   1| ## |   2|   1|   1|   1|   3|   3|   2|   2|   3|   1|   1|   1|    |    |   1|   1|   2|    |   1|   2|   1|   2|    |   1|   1|   2|   1|   1|   2|   1|   1|[32]|  74|   6|
 +----+----+----+----+----+----+----+----+----+----+----+----+----+----+----+----+----+----+----+----+----+----+----+----+----+----+----+----+----+----+----+----+----+----+----+----+----+----+----+----+----+----+----+----+----+----+----+----+----+----+----+----+----+----+----+----+----+----+----+----+----+----+----+----+----+----+----+----+
 |[33]|    |    |    |    |    |    |    |   1|    |    |    |    |    |    |    |    |    |    |    |    |    |    |    |    |    |    |    |    |    |    |    |    |    | ## |   1|    |    |    |    |    |   1|    |    |    |    |    |    |    |    |    |   1|    |    |    |    |    |    |    |   1|    |    |    |    |    |[33]|   5|   1|
 +----+----+----+----+----+----+----+----+----+----+----+----+----+----+----+----+----+----+----+----+----+----+----+----+----+----+----+----+----+----+----+----+----+----+----+----+----+----+----+----+----+----+----+----+----+----+----+----+----+----+----+----+----+----+----+----+----+----+----+----+----+----+----+----+----+----+----+----+
 |[34]|   4|   3|   2|   2|   3|   4|   2|   4|   3|   1|   2|   1|   2|   2|   2|    |   3|   7|   3|   2|   2|   2|   3|   2|   1|    |   2|   1|   3|   3|   3|   1|   1|   1| ## |   2|   4|    |   1|   4|   3|   1|   2|   2|   3|   1|   1|   3|   2|   4|   2|   3|   3|   3|   2|   2|   1|    |   2|   2|   2|   3|   2|   3|[34]| 140|  54|
 +----+----+----+----+----+----+----+----+----+----+----+----+----+----+----+----+----+----+----+----+----+----+----+----+----+----+----+----+----+----+----+----+----+----+----+----+----+----+----+----+----+----+----+----+----+----+----+----+----+----+----+----+----+----+----+----+----+----+----+----+----+----+----+----+----+----+----+----+
 |[35]|   1|   1|    |    |    |   1|    |   2|   1|   1|   1|    |    |    |    |    |    |   2|    |    |   1|   1|    |    |    |    |    |    |    |    |   1|   2|    |    |    | ## |   1|    |    |   1|    |    |   1|    |   1|   1|    |    |   1|   1|    |    |   1|    |    |    |   1|   1|   1|    |    |   1|   1|   1|[35]|  29|   3|
 +----+----+----+----+----+----+----+----+----+----+----+----+----+----+----+----+----+----+----+----+----+----+----+----+----+----+----+----+----+----+----+----+----+----+----+----+----+----+----+----+----+----+----+----+----+----+----+----+----+----+----+----+----+----+----+----+----+----+----+----+----+----+----+----+----+----+----+----+
 |[36]|   3|   2|   4|   2|   2|   3|   1|   5|   6|   2|   2|   1|   3|   2|   1|   3|   3|   1|   2|   5|   5|   1|   4|   4|   2|   2|   1|   2|   2|   3|   5|   5|   4|    |   3|   2| ## |   1|   1|   1|   2|   2|   4|   4|   3|   5|    |   4|   1|   5|   1|   5|   5|   2|   4|    |   2|   3|   4|   4|   4|   1|   1|   3|[36]| 170|  15|
 +----+----+----+----+----+----+----+----+----+----+----+----+----+----+----+----+----+----+----+----+----+----+----+----+----+----+----+----+----+----+----+----+----+----+----+----+----+----+----+----+----+----+----+----+----+----+----+----+----+----+----+----+----+----+----+----+----+----+----+----+----+----+----+----+----+----+----+----+
 |[37]|   1|   3|   3|   1|   1|   1|   2|    |   1|   1|   3|   2|    |    |   1|    |   4|    |    |    |    |   2|   1|   1|   3|   1|   2|   1|   3|   2|   1|   3|   1|   2|   2|   1|   2| ## |   2|   1|   1|   2|   1|   1|    |   1|   1|   1|   3|    |    |   2|   4|   1|   1|   2|   1|    |   4|   1|   2|   3|    |   1|[37]|  88|   5|
 +----+----+----+----+----+----+----+----+----+----+----+----+----+----+----+----+----+----+----+----+----+----+----+----+----+----+----+----+----+----+----+----+----+----+----+----+----+----+----+----+----+----+----+----+----+----+----+----+----+----+----+----+----+----+----+----+----+----+----+----+----+----+----+----+----+----+----+----+
 |[38]|    |   1|   2|   1|   1|    |    |   1|   2|   1|   1|    |    |   2|    |   2|   1|   2|    |   2|   1|   1|    |    |   1|   1|   1|   1|   2|    |    |   1|   1|   1|    |   1|    |   1| ## |   2|   1|   1|   1|   2|   1|   1|   1|    |    |   1|    |    |    |    |   1|   1|    |    |   1|   1|   1|   1|   1|   1|[38]|  51|   4|
 +----+----+----+----+----+----+----+----+----+----+----+----+----+----+----+----+----+----+----+----+----+----+----+----+----+----+----+----+----+----+----+----+----+----+----+----+----+----+----+----+----+----+----+----+----+----+----+----+----+----+----+----+----+----+----+----+----+----+----+----+----+----+----+----+----+----+----+----+
 |[39]|  12|   6|   7|   7|  14|   8|   8|   7|   9|  15|  12|  11|   9|   9|  10|  10|   9|  14|  11|  15|   4|  11|  19|   8|  12|  13|  11|   9|   7|  10|   7|  13|   6|   6|  12|   8|  15|  15|  11| ## |  15|   6|  13|  11|   9|  16|   7|   8|  11|  13|   9|  15|  10|  11|   8|   6|   8|  10|   6|  12|   9|  11|   8|   9|[39]| 641|  56|
 +----+----+----+----+----+----+----+----+----+----+----+----+----+----+----+----+----+----+----+----+----+----+----+----+----+----+----+----+----+----+----+----+----+----+----+----+----+----+----+----+----+----+----+----+----+----+----+----+----+----+----+----+----+----+----+----+----+----+----+----+----+----+----+----+----+----+----+----+
 |[40]|   1|   1|   2|   3|   2|   1|   1|   3|   1|    |    |   2|   3|   2|    |   2|   1|   3|   5|    |   2|   1|   4|   1|   2|   5|   2|   1|   1|    |    |   2|   1|    |   4|   2|   1|   2|   1|   1| ## |   2|    |   1|   2|   1|   2|   1|   2|    |   1|   4|    |   4|    |    |   2|   3|   1|   1|   3|   1|   1|   3|[40]| 101|  57|
 +----+----+----+----+----+----+----+----+----+----+----+----+----+----+----+----+----+----+----+----+----+----+----+----+----+----+----+----+----+----+----+----+----+----+----+----+----+----+----+----+----+----+----+----+----+----+----+----+----+----+----+----+----+----+----+----+----+----+----+----+----+----+----+----+----+----+----+----+
 |[41]|    |   1|    |    |    |    |    |    |    |    |   1|    |    |    |    |    |    |    |    |    |    |    |    |    |    |    |    |    |    |    |    |    |    |    |   1|    |    |    |    |    |   1| ## |    |    |    |    |    |    |    |    |    |   1|   1|    |    |    |   1|    |    |    |    |    |    |   1|[41]|   8|  12|
 +----+----+----+----+----+----+----+----+----+----+----+----+----+----+----+----+----+----+----+----+----+----+----+----+----+----+----+----+----+----+----+----+----+----+----+----+----+----+----+----+----+----+----+----+----+----+----+----+----+----+----+----+----+----+----+----+----+----+----+----+----+----+----+----+----+----+----+----+
 |[42]|    |   2|   2|   1|    |    |   1|   2|   1|    |   1|   2|    |    |   1|   1|   1|   1|    |   1|    |    |    |    |    |    |    |    |   1|    |   1|   1|   1|   1|    |    |   1|   1|    |    |    |   2| ## |   1|   1|    |   1|    |   1|    |   1|    |    |   1|   1|    |    |   1|    |   1|    |   1|   2|   1|[42]|  39|   4|
 +----+----+----+----+----+----+----+----+----+----+----+----+----+----+----+----+----+----+----+----+----+----+----+----+----+----+----+----+----+----+----+----+----+----+----+----+----+----+----+----+----+----+----+----+----+----+----+----+----+----+----+----+----+----+----+----+----+----+----+----+----+----+----+----+----+----+----+----+
 |[43]|    |   2|   2|   1|    |   1|   1|   3|    |    |   1|    |    |    |   1|   2|    |   1|   1|   2|   1|    |   1|   1|    |   1|   1|   1|   1|   1|   1|   2|   1|   1|   1|   3|    |    |    |    |    |   1|   1| ## |   1|   1|    |   3|    |   1|   1|   1|   2|   2|   2|   2|   1|    |   1|   1|    |    |   1|    |[43]|  57|  17|
 +----+----+----+----+----+----+----+----+----+----+----+----+----+----+----+----+----+----+----+----+----+----+----+----+----+----+----+----+----+----+----+----+----+----+----+----+----+----+----+----+----+----+----+----+----+----+----+----+----+----+----+----+----+----+----+----+----+----+----+----+----+----+----+----+----+----+----+----+
 |[44]|    |   2|    |    |   1|   1|   2|   1|   2|    |   2|   1|    |    |   1|    |    |   2|    |   1|   1|   2|    |    |    |   1|    |   1|   1|   2|   1|   1|   1|   2|   1|   2|   1|   2|   1|   2|   1|   1|   1|   1| ## |   1|   2|   1|   1|   1|   1|   1|    |   1|    |    |    |   1|   1|    |   1|   1|   1|   1|[44]|  57|   4|
 +----+----+----+----+----+----+----+----+----+----+----+----+----+----+----+----+----+----+----+----+----+----+----+----+----+----+----+----+----+----+----+----+----+----+----+----+----+----+----+----+----+----+----+----+----+----+----+----+----+----+----+----+----+----+----+----+----+----+----+----+----+----+----+----+----+----+----+----+
 |[45]|   2|   1|   1|   1|   1|   2|    |   2|   2|    |   1|   2|   1|   3|   2|   1|   2|   2|   2|   1|    |   2|   2|   5|   2|   1|   2|   3|   1|   1|    |   3|   3|    |   2|    |   2|   2|   2|   3|   2|   1|    |   1|   1| ## |   2|   1|   1|   3|    |   2|    |   1|   2|    |   1|   2|   2|   2|   1|   1|   2|   3|[45]|  96|   8|
 +----+----+----+----+----+----+----+----+----+----+----+----+----+----+----+----+----+----+----+----+----+----+----+----+----+----+----+----+----+----+----+----+----+----+----+----+----+----+----+----+----+----+----+----+----+----+----+----+----+----+----+----+----+----+----+----+----+----+----+----+----+----+----+----+----+----+----+----+
 |[46]|    |    |   1|   1|    |    |    |    |    |    |    |    |   1|    |    |    |    |    |    |    |    |    |    |    |   1|   1|    |    |   1|    |    |    |    |    |    |    |    |    |    |    |    |    |   1|   2|    |    | ## |    |    |    |    |    |    |    |    |   1|    |    |    |    |    |    |    |    |[46]|  10|   7|
 +----+----+----+----+----+----+----+----+----+----+----+----+----+----+----+----+----+----+----+----+----+----+----+----+----+----+----+----+----+----+----+----+----+----+----+----+----+----+----+----+----+----+----+----+----+----+----+----+----+----+----+----+----+----+----+----+----+----+----+----+----+----+----+----+----+----+----+----+
 |[47]|    |    |    |    |    |   1|    |    |    |    |   1|   2|    |    |    |    |    |    |   1|    |    |   1|    |    |    |   1|    |    |    |    |    |    |    |    |    |    |    |    |   1|    |    |    |    |    |    |    |    | ## |    |    |    |    |    |    |    |    |    |    |    |    |    |   1|    |    |[47]|   9|   3|
 +----+----+----+----+----+----+----+----+----+----+----+----+----+----+----+----+----+----+----+----+----+----+----+----+----+----+----+----+----+----+----+----+----+----+----+----+----+----+----+----+----+----+----+----+----+----+----+----+----+----+----+----+----+----+----+----+----+----+----+----+----+----+----+----+----+----+----+----+
 |[48]|    |   1|    |    |   1|    |   1|   1|   1|   1|    |    |   1|   1|    |    |   1|    |    |    |    |   1|   2|   1|    |   1|   1|    |    |    |    |    |    |    |   1|   1|    |    |    |    |   1|   1|    |   1|   1|    |   1|    | ## |    |   1|   1|   1|   1|   1|    |    |   1|   1|   1|    |   1|   1|    |[48]|  32|   4|
 +----+----+----+----+----+----+----+----+----+----+----+----+----+----+----+----+----+----+----+----+----+----+----+----+----+----+----+----+----+----+----+----+----+----+----+----+----+----+----+----+----+----+----+----+----+----+----+----+----+----+----+----+----+----+----+----+----+----+----+----+----+----+----+----+----+----+----+----+
 |[49]|   1|   1|   1|   4|   1|   2|   4|   3|   4|   2|   3|   1|   2|   1|    |    |   1|   5|   2|   5|   2|   4|   2|   4|   3|   1|   2|   2|   2|   3|   2|   6|   2|   2|   3|   2|   3|   1|   1|   4|   4|   2|   2|   2|   2|   2|   1|   3|   3| ## |   1|   2|   5|   3|   3|    |   3|   2|   4|   3|   2|   1|   2|   2|[49]| 148|   6|
 +----+----+----+----+----+----+----+----+----+----+----+----+----+----+----+----+----+----+----+----+----+----+----+----+----+----+----+----+----+----+----+----+----+----+----+----+----+----+----+----+----+----+----+----+----+----+----+----+----+----+----+----+----+----+----+----+----+----+----+----+----+----+----+----+----+----+----+----+
 |[50]|    |    |    |    |    |   1|    |    |    |    |    |    |    |   1|    |    |    |    |   1|    |   1|    |    |   1|   1|    |    |    |   2|    |    |    |    |    |   1|    |    |    |    |   1|   1|    |    |    |   2|    |    |   1|   1|    | ## |    |   2|    |   1|   1|   1|    |    |    |    |    |    |    |[50]|  20|  15|
 +----+----+----+----+----+----+----+----+----+----+----+----+----+----+----+----+----+----+----+----+----+----+----+----+----+----+----+----+----+----+----+----+----+----+----+----+----+----+----+----+----+----+----+----+----+----+----+----+----+----+----+----+----+----+----+----+----+----+----+----+----+----+----+----+----+----+----+----+
 |[51]|   2|   1|    |   3|   3|   6|    |    |   2|   1|    |   1|   3|   1|   1|    |   3|   3|   1|   2|   4|   2|   1|    |   2|   1|   2|    |   1|   3|   2|   2|   2|   2|   4|   2|   4|   1|   4|   3|   5|   2|   1|   2|   4|   3|    |   2|   1|   1|    | ## |   2|   3|    |   3|   1|   2|   1|   2|    |   1|   2|   2|[51]| 115|  39|
 +----+----+----+----+----+----+----+----+----+----+----+----+----+----+----+----+----+----+----+----+----+----+----+----+----+----+----+----+----+----+----+----+----+----+----+----+----+----+----+----+----+----+----+----+----+----+----+----+----+----+----+----+----+----+----+----+----+----+----+----+----+----+----+----+----+----+----+----+
 |[52]|   1|   2|   3|   3|   1|   3|   3|   2|   2|   2|   2|   1|   4|   2|   3|   2|   2|   3|   1|   3|   1|   4|    |   1|   2|   2|   1|   1|   2|   4|    |   3|   4|   3|   4|   2|   1|   2|   3|   3|   2|   3|   3|   2|   3|   2|   4|   4|   3|   4|   4|   4| ## |   3|   2|   4|   1|   1|   2|   2|   3|   2|   2|   1|[52]| 149|  18|
 +----+----+----+----+----+----+----+----+----+----+----+----+----+----+----+----+----+----+----+----+----+----+----+----+----+----+----+----+----+----+----+----+----+----+----+----+----+----+----+----+----+----+----+----+----+----+----+----+----+----+----+----+----+----+----+----+----+----+----+----+----+----+----+----+----+----+----+----+
 |[53]|   1|   2|   1|    |   3|   2|   3|   2|   1|   3|    |   1|   2|   2|   1|   2|   1|   1|   5|   3|   2|   2|   1|   4|   1|   2|   3|   1|   2|   2|   1|   5|   4|   1|   2|    |   2|   1|    |   3|   3|   3|   1|   1|   3|   4|   1|   1|   3|   1|   3|   1|   1| ## |   3|   2|   3|   2|   1|    |   1|   2|   2|   5|[53]| 122|  27|
 +----+----+----+----+----+----+----+----+----+----+----+----+----+----+----+----+----+----+----+----+----+----+----+----+----+----+----+----+----+----+----+----+----+----+----+----+----+----+----+----+----+----+----+----+----+----+----+----+----+----+----+----+----+----+----+----+----+----+----+----+----+----+----+----+----+----+----+----+
 |[54]|    |    |    |   1|    |   1|    |    |    |    |    |    |    |    |    |    |    |    |    |    |   1|    |    |    |   1|    |    |    |    |   1|    |   1|    |    |    |    |    |   1|   1|    |    |    |    |   1|    |    |    |    |    |    |   1|    |    |   1| ## |    |   1|    |    |    |    |   1|    |    |[54]|  13|   1|
 +----+----+----+----+----+----+----+----+----+----+----+----+----+----+----+----+----+----+----+----+----+----+----+----+----+----+----+----+----+----+----+----+----+----+----+----+----+----+----+----+----+----+----+----+----+----+----+----+----+----+----+----+----+----+----+----+----+----+----+----+----+----+----+----+----+----+----+----+
 |[55]|    |    |    |    |    |   1|    |    |    |    |    |    |    |    |    |    |    |    |    |    |    |    |    |    |    |    |    |    |    |    |    |    |    |    |   1|    |    |    |    |    |    |    |    |    |    |    |    |    |    |    |    |   2|    |    |    | ## |    |    |    |    |    |    |    |    |[55]|   4|   5|
 +----+----+----+----+----+----+----+----+----+----+----+----+----+----+----+----+----+----+----+----+----+----+----+----+----+----+----+----+----+----+----+----+----+----+----+----+----+----+----+----+----+----+----+----+----+----+----+----+----+----+----+----+----+----+----+----+----+----+----+----+----+----+----+----+----+----+----+----+
 |[56]|   6|   6|   5|   7|   4|   7|  11|   5|   5|   5|   6|  11|   8|   6|   7|   8|   7|   6|  14|   6|   8|   3|   5|   8|   8|   6|  10|   4|   7|   6|   6|  11|   7|   9|   8|   6|   8|   8|   4|   8|   6|   9|   5|   7|   9|   8|   8|   7|   5|   9|   5|   6|  10|   8|   6|   6| ## |   5|  10|   3|   8|   8|  10|   8|[56]| 446|  17|
 +----+----+----+----+----+----+----+----+----+----+----+----+----+----+----+----+----+----+----+----+----+----+----+----+----+----+----+----+----+----+----+----+----+----+----+----+----+----+----+----+----+----+----+----+----+----+----+----+----+----+----+----+----+----+----+----+----+----+----+----+----+----+----+----+----+----+----+----+
 |[57]|    |    |    |    |    |    |    |    |    |    |   1|    |    |    |    |    |    |    |    |    |    |    |    |    |    |    |    |    |    |    |    |    |    |    |    |    |    |    |    |    |    |    |    |    |    |    |    |    |    |    |    |   1|    |    |    |    |    | ## |    |    |    |    |    |    |[57]|   2|   3|
 +----+----+----+----+----+----+----+----+----+----+----+----+----+----+----+----+----+----+----+----+----+----+----+----+----+----+----+----+----+----+----+----+----+----+----+----+----+----+----+----+----+----+----+----+----+----+----+----+----+----+----+----+----+----+----+----+----+----+----+----+----+----+----+----+----+----+----+----+
 |[58]|    |   1|   1|   1|    |   1|   1|    |    |    |    |   1|   1|   1|   1|    |    |    |    |    |    |    |   1|    |   2|    |   1|    |    |   1|    |   1|    |   1|   1|    |    |    |   1|    |    |    |    |   1|   1|    |   1|   1|    |    |    |    |   1|    |   1|   1|   1|    | ## |    |    |   1|    |    |[58]|  27|   3|
 +----+----+----+----+----+----+----+----+----+----+----+----+----+----+----+----+----+----+----+----+----+----+----+----+----+----+----+----+----+----+----+----+----+----+----+----+----+----+----+----+----+----+----+----+----+----+----+----+----+----+----+----+----+----+----+----+----+----+----+----+----+----+----+----+----+----+----+----+
 |[59]|   1|    |   1|    |   1|   1|    |    |   1|   1|    |    |   1|    |    |    |    |    |    |    |    |    |   1|    |   1|    |    |    |   1|   1|   1|   1|   1|    |    |   1|    |    |   1|    |   1|   1|   1|    |   1|    |   1|    |   1|   1|   1|   1|   1|   1|    |    |   1|    |    | ## |    |    |    |    |[59]|  28|   1|
 +----+----+----+----+----+----+----+----+----+----+----+----+----+----+----+----+----+----+----+----+----+----+----+----+----+----+----+----+----+----+----+----+----+----+----+----+----+----+----+----+----+----+----+----+----+----+----+----+----+----+----+----+----+----+----+----+----+----+----+----+----+----+----+----+----+----+----+----+
 |[60]|    |   1|    |   1|   2|   1|   2|   1|    |    |   2|    |   1|   1|   2|   1|   1|    |    |    |   1|   1|   1|    |   1|   2|   1|   1|    |   1|    |    |    |    |    |   2|   1|   1|   1|    |   1|   1|    |    |   1|   1|    |   2|   1|   2|   1|   1|   1|    |    |   1|   1|    |   2|   2| ## |   1|   2|   1|[60]|  52|   3|
 +----+----+----+----+----+----+----+----+----+----+----+----+----+----+----+----+----+----+----+----+----+----+----+----+----+----+----+----+----+----+----+----+----+----+----+----+----+----+----+----+----+----+----+----+----+----+----+----+----+----+----+----+----+----+----+----+----+----+----+----+----+----+----+----+----+----+----+----+
 |[61]|    |    |    |    |    |   1|    |   1|   1|    |   1|    |   1|   1|   1|   1|    |    |    |    |    |   1|    |   1|    |    |    |    |   1|    |   1|    |    |    |   1|   1|   1|   1|   1|    |   1|    |    |   1|    |    |    |   1|    |    |    |    |    |    |   1|   1|    |   1|    |    |    | ## |   1|   1|[61]|  25|   2|
 +----+----+----+----+----+----+----+----+----+----+----+----+----+----+----+----+----+----+----+----+----+----+----+----+----+----+----+----+----+----+----+----+----+----+----+----+----+----+----+----+----+----+----+----+----+----+----+----+----+----+----+----+----+----+----+----+----+----+----+----+----+----+----+----+----+----+----+----+
 |[62]|   1|   3|   2|   1|   1|   2|   2|   2|   3|   1|   2|   2|   2|   1|   2|   2|    |   2|   3|    |   2|   3|   2|   5|   4|   3|   2|   1|   3|   2|   2|   3|   3|   2|   2|   1|   1|   3|   3|   1|   3|   3|   1|   4|   2|   1|   2|   2|   3|   2|   2|   2|   3|   3|   3|   3|   2|   1|   1|   2|   2|   1| ## |   3|[62]| 133|   8|
 +----+----+----+----+----+----+----+----+----+----+----+----+----+----+----+----+----+----+----+----+----+----+----+----+----+----+----+----+----+----+----+----+----+----+----+----+----+----+----+----+----+----+----+----+----+----+----+----+----+----+----+----+----+----+----+----+----+----+----+----+----+----+----+----+----+----+----+----+
 |[63]|   5|   2|   3|   8|   4|  11|  10|   1|   9|  10|   4|   7|   6|   6|   6|   5|   6|   8|  17|  12|  10|   5|   6|  11|   4|   4|   7|   6|   1|   5|   6|   5|   2|   3|   6|   4|   7|   5|    |   7|   6|   4|   3|   3|   4|   4|   4|   5|   2|   6|   7|   4|   8|   8|   6|   3|   8|   8|   7|   5|   7|   6|   5| ## |[63]| 367|  43|
 +----+----+----+----+----+----+----+----+----+----+----+----+----+----+----+----+----+----+----+----+----+----+----+----+----+----+----+----+----+----+----+----+----+----+----+----+----+----+----+----+----+----+----+----+----+----+----+----+----+----+----+----+----+----+----+----+----+----+----+----+----+----+----+----+----+----+----+----+
 | ## |[ 0]|[ 1]|[ 2]|[ 3]|[ 4]|[ 5]|[ 6]|[ 7]|[ 8]|[ 9]|[10]|[11]|[12]|[13]|[14]|[15]|[16]|[17]|[18]|[19]|[20]|[21]|[22]|[23]|[24]|[25]|[26]|[27]|[28]|[29]|[30]|[31]|[32]|[33]|[34]|[35]|[36]|[37]|[38]|[39]|[40]|[41]|[42]|[43]|[44]|[45]|[46]|[47]|[48]|[49]|[50]|[51]|[52]|[53]|[54]|[55]|[56]|[57]|[58]|[59]|[60]|[61]|[62]|[63]| ## | ## |1024|
 +----+----+----+----+----+----+----+----+----+----+----+----+----+----+----+----+----+----+----+----+----+----+----+----+----+----+----+----+----+----+----+----+----+----+----+----+----+----+----+----+----+----+----+----+----+----+----+----+----+----+----+----+----+----+----+----+----+----+----+----+----+----+----+----+----+----+----+----+
 | TTL| 111| 122|  84| 111| 113| 129| 130| 120| 129| 120| 135| 107| 121| 112| 111| 106| 111| 142| 155| 127| 121| 126| 123| 140| 143| 122| 128|  88| 103| 121| 103| 167| 113|  79| 135| 107| 135| 119| 127| 157| 149| 122|  94| 122| 121| 138| 112| 126| 120| 131|  97| 134| 129| 131| 139|  94| 109| 122| 127| 122| 120| 115| 114| 119| ## | ## | ## |
 +----+----+----+----+----+----+----+----+----+----+----+----+----+----+----+----+----+----+----+----+----+----+----+----+----+----+----+----+----+----+----+----+----+----+----+----+----+----+----+----+----+----+----+----+----+----+----+----+----+----+----+----+----+----+----+----+----+----+----+----+----+----+----+----+----+----+----+----+






