

 Use image  :  barbara.bmp




  Relationship between basis and replaceable basis


  Number of basis used : 0, 1 


  [basis number] : Number of substitutable basis for basis number 


 *Total on the right : Number of replacements (Be done)

  Total below : Number of replacements (To do)


  Of the amount of improvement  : 0 ~ 50.000000

----------------------------------------------------------------------------------

 +----+----+----+----+----+----+----+----+----+----+----+----+----+----+----+----+----+----+----+----+----+----+----+----+----+----+----+----+----+----+----+----+----+----+----+----+----+----+----+----+----+----+----+----+----+----+----+----+----+----+----+----+----+----+----+----+----+----+----+----+----+----+----+----+----+----+----+----+
 | ## |[ 0]|[ 1]|[ 2]|[ 3]|[ 4]|[ 5]|[ 6]|[ 7]|[ 8]|[ 9]|[10]|[11]|[12]|[13]|[14]|[15]|[16]|[17]|[18]|[19]|[20]|[21]|[22]|[23]|[24]|[25]|[26]|[27]|[28]|[29]|[30]|[31]|[32]|[33]|[34]|[35]|[36]|[37]|[38]|[39]|[40]|[41]|[42]|[43]|[44]|[45]|[46]|[47]|[48]|[49]|[50]|[51]|[52]|[53]|[54]|[55]|[56]|[57]|[58]|[59]|[60]|[61]|[62]|[63]| ## | TTL| ## |                                                                                    
 +----+----+----+----+----+----+----+----+----+----+----+----+----+----+----+----+----+----+----+----+----+----+----+----+----+----+----+----+----+----+----+----+----+----+----+----+----+----+----+----+----+----+----+----+----+----+----+----+----+----+----+----+----+----+----+----+----+----+----+----+----+----+----+----+----+----+----+----+
 |[ 0]| ## |   2|   2|   2|   2|   2|   3|   2|   3|   1|   1|   2|   3|   1|   3|   1|   2|   3|   1|   3|   1|   1|    |    |   2|   2|   1|   1|   1|   3|   1|   2|    |   2|   1|   3|   2|   2|   2|   3|   1|   1|   1|   3|   1|    |   3|   2|   2|   1|    |   2|   2|   1|   2|   2|    |   2|   1|   3|   2|   3|    |    |[ 0]| 104|   3|
 +----+----+----+----+----+----+----+----+----+----+----+----+----+----+----+----+----+----+----+----+----+----+----+----+----+----+----+----+----+----+----+----+----+----+----+----+----+----+----+----+----+----+----+----+----+----+----+----+----+----+----+----+----+----+----+----+----+----+----+----+----+----+----+----+----+----+----+----+
 |[ 1]|    | ## |   1|    |   1|    |   1|    |   1|   2|   1|   2|    |   1|    |   2|   1|    |    |    |   2|   2|   2|   1|    |    |    |    |   1|   2|   1|   2|   1|    |   1|   2|    |   1|   1|    |    |   2|   1|   1|    |   2|   1|    |   2|   1|    |   2|   1|   2|   2|    |    |    |    |   1|   1|   1|   1|    |[ 1]|  53|   3|
 +----+----+----+----+----+----+----+----+----+----+----+----+----+----+----+----+----+----+----+----+----+----+----+----+----+----+----+----+----+----+----+----+----+----+----+----+----+----+----+----+----+----+----+----+----+----+----+----+----+----+----+----+----+----+----+----+----+----+----+----+----+----+----+----+----+----+----+----+
 |[ 2]|   2|   1| ## |    |    |    |    |   1|    |    |   1|   1|   1|    |   1|    |    |    |    |    |    |   2|   1|    |    |    |   1|    |    |    |    |    |    |    |    |    |   1|    |   1|    |    |    |    |    |   1|    |    |    |    |    |    |   1|    |    |   1|    |    |    |    |    |    |    |    |    |[ 2]|  17|  11|
 +----+----+----+----+----+----+----+----+----+----+----+----+----+----+----+----+----+----+----+----+----+----+----+----+----+----+----+----+----+----+----+----+----+----+----+----+----+----+----+----+----+----+----+----+----+----+----+----+----+----+----+----+----+----+----+----+----+----+----+----+----+----+----+----+----+----+----+----+
 |[ 3]|   6|   7|   5| ## |   5|   6|   4|   9|   7|   5|   9|   3|   7|   7|   5|   6|   7|   6|   5|   6|   5|   6|   4|   5|   7|   6|   7|   6|   4|   5|   7|   4|   5|   4|   9|   4|   8|   5|   5|   5|   7|   5|   5|   5|   8|   6|   5|   7|   4|   6|   3|   7|   5|   6|   5|   4|   7|   6|   6|   9|   6|   7|   7|   5|[ 3]| 367|  23|
 +----+----+----+----+----+----+----+----+----+----+----+----+----+----+----+----+----+----+----+----+----+----+----+----+----+----+----+----+----+----+----+----+----+----+----+----+----+----+----+----+----+----+----+----+----+----+----+----+----+----+----+----+----+----+----+----+----+----+----+----+----+----+----+----+----+----+----+----+
 |[ 4]|   4|   3|   5|   3| ## |   4|   5|   3|   5|   6|   6|   6|   4|   7|   3|   4|   4|   3|   4|   5|   5|   4|   7|   8|   3|   5|   5|   2|   7|   1|   5|   6|   3|   2|   8|   2|   4|   4|   7|   6|   8|   5|   2|   5|   4|   3|   3|   3|   5|   3|   4|   4|   5|   4|   8|   2|   6|   5|   5|   5|   4|   3|   1|   2|[ 4]| 277|  17|
 +----+----+----+----+----+----+----+----+----+----+----+----+----+----+----+----+----+----+----+----+----+----+----+----+----+----+----+----+----+----+----+----+----+----+----+----+----+----+----+----+----+----+----+----+----+----+----+----+----+----+----+----+----+----+----+----+----+----+----+----+----+----+----+----+----+----+----+----+
 |[ 5]|    |   1|    |    |    | ## |   1|    |    |   1|    |    |    |    |    |    |    |   1|   1|   1|   1|   1|   1|   1|   1|   1|    |    |    |   1|    |   1|   1|    |   2|    |   2|   1|    |   1|    |    |    |    |   1|    |   1|   1|    |   1|    |   1|    |    |    |    |   1|    |   1|   1|    |   1|   1|    |[ 5]|  31|   6|
 +----+----+----+----+----+----+----+----+----+----+----+----+----+----+----+----+----+----+----+----+----+----+----+----+----+----+----+----+----+----+----+----+----+----+----+----+----+----+----+----+----+----+----+----+----+----+----+----+----+----+----+----+----+----+----+----+----+----+----+----+----+----+----+----+----+----+----+----+
 |[ 6]|   4|   6|   3|   6|   5|   7| ## |   6|   5|   4|   7|   3|   8|   6|   6|   8|   5|   4|   9|   2|   6|   6|   2|  11|   6|   4|   6|   7|   5|   6|   5|   8|   6|   3|   6|   6|   4|   8|   8|   6|   4|   5|   4|   4|   3|   5|   7|   6|   4|   5|   4|   4|   6|   2|   4|   5|   4|   5|   8|   4|   6|   5|   8|   6|[ 6]| 341|  14|
 +----+----+----+----+----+----+----+----+----+----+----+----+----+----+----+----+----+----+----+----+----+----+----+----+----+----+----+----+----+----+----+----+----+----+----+----+----+----+----+----+----+----+----+----+----+----+----+----+----+----+----+----+----+----+----+----+----+----+----+----+----+----+----+----+----+----+----+----+
 |[ 7]|    |    |    |    |    |    |    | ## |    |    |    |    |    |    |    |    |    |    |    |    |    |    |    |    |    |    |    |    |    |    |    |    |    |    |    |    |    |    |    |    |    |    |    |    |    |    |    |    |    |    |    |    |    |    |    |    |    |    |    |    |    |    |    |    |[ 7]|   0|   1|
 +----+----+----+----+----+----+----+----+----+----+----+----+----+----+----+----+----+----+----+----+----+----+----+----+----+----+----+----+----+----+----+----+----+----+----+----+----+----+----+----+----+----+----+----+----+----+----+----+----+----+----+----+----+----+----+----+----+----+----+----+----+----+----+----+----+----+----+----+
 |[ 8]|   1|   1|   1|   1|    |   1|   1|   2| ## |   1|    |   1|   1|   1|   2|   1|   1|   1|   1|   1|    |   2|   1|   2|   2|   2|   1|   1|    |   1|    |   2|   2|    |   2|   2|    |   2|   1|   1|   1|   2|   2|   1|   2|    |   2|    |    |    |   2|    |   1|   1|   1|   1|   2|    |   1|   1|   1|   2|   3|   2|[ 8]|  71|   4|
 +----+----+----+----+----+----+----+----+----+----+----+----+----+----+----+----+----+----+----+----+----+----+----+----+----+----+----+----+----+----+----+----+----+----+----+----+----+----+----+----+----+----+----+----+----+----+----+----+----+----+----+----+----+----+----+----+----+----+----+----+----+----+----+----+----+----+----+----+
 |[ 9]|   1|   3|   1|   3|   3|   1|   2|   3|   3| ## |   3|   3|   4|   3|   2|   3|   2|   4|   3|   1|   2|   3|   4|   3|   3|   3|   4|   2|   3|   4|   2|   2|   2|   2|   2|   2|   3|   3|   4|   4|   5|   2|   3|   4|   2|   1|   1|   2|   5|   4|   3|   2|   3|   1|   4|   3|   4|   2|    |   3|   3|   1|   3|   1|[ 9]| 167|   6|
 +----+----+----+----+----+----+----+----+----+----+----+----+----+----+----+----+----+----+----+----+----+----+----+----+----+----+----+----+----+----+----+----+----+----+----+----+----+----+----+----+----+----+----+----+----+----+----+----+----+----+----+----+----+----+----+----+----+----+----+----+----+----+----+----+----+----+----+----+
 |[10]|   1|   1|   1|   1|    |   1|   2|   1|   1|   1| ## |   2|   1|   1|    |    |   1|   4|   1|    |   2|    |   2|    |    |   1|   1|   1|   1|   1|   1|   3|   2|    |   2|   1|   1|    |   1|   5|   2|    |    |   1|    |   3|   2|    |    |   1|    |   2|   3|   1|    |    |   3|   1|   2|   1|    |   1|   1|   3|[10]|  72|  21|
 +----+----+----+----+----+----+----+----+----+----+----+----+----+----+----+----+----+----+----+----+----+----+----+----+----+----+----+----+----+----+----+----+----+----+----+----+----+----+----+----+----+----+----+----+----+----+----+----+----+----+----+----+----+----+----+----+----+----+----+----+----+----+----+----+----+----+----+----+
 |[11]|   2|   3|   3|   4|   1|   2|    |   2|   2|   1|   3| ## |   4|   1|   1|   2|   4|   1|   2|   3|   2|   2|   3|   3|   1|   2|   2|    |    |   2|   2|   1|   2|    |   2|   1|   2|   2|   2|   3|   3|   2|   2|   3|   2|   1|   2|   2|    |   1|   2|   2|   2|   2|   3|   3|   1|   2|   1|   4|   3|   2|   1|   2|[11]| 123|   6|
 +----+----+----+----+----+----+----+----+----+----+----+----+----+----+----+----+----+----+----+----+----+----+----+----+----+----+----+----+----+----+----+----+----+----+----+----+----+----+----+----+----+----+----+----+----+----+----+----+----+----+----+----+----+----+----+----+----+----+----+----+----+----+----+----+----+----+----+----+
 |[12]|    |    |    |    |    |    |    |    |    |    |    |    | ## |    |   1|    |    |    |    |    |    |    |    |    |    |    |    |    |   1|    |   1|    |    |    |    |    |    |    |    |    |    |    |    |   2|    |    |   1|    |    |    |    |    |    |    |   1|    |    |    |    |    |    |    |    |    |[12]|   7|  18|
 +----+----+----+----+----+----+----+----+----+----+----+----+----+----+----+----+----+----+----+----+----+----+----+----+----+----+----+----+----+----+----+----+----+----+----+----+----+----+----+----+----+----+----+----+----+----+----+----+----+----+----+----+----+----+----+----+----+----+----+----+----+----+----+----+----+----+----+----+
 |[13]|    |    |    |   1|    |    |   1|    |    |    |   1|   1|    | ## |    |   1|    |    |    |    |   1|    |    |    |    |    |   1|    |   1|   1|    |   1|    |    |   1|    |    |    |    |    |    |   1|   1|    |   1|    |    |    |   1|    |    |    |    |   1|   1|   1|    |    |    |   1|   1|    |    |    |[13]|  20|   4|
 +----+----+----+----+----+----+----+----+----+----+----+----+----+----+----+----+----+----+----+----+----+----+----+----+----+----+----+----+----+----+----+----+----+----+----+----+----+----+----+----+----+----+----+----+----+----+----+----+----+----+----+----+----+----+----+----+----+----+----+----+----+----+----+----+----+----+----+----+
 |[14]|    |    |    |    |    |   1|   1|   3|   1|    |   1|    |    |   1| ## |    |    |    |    |   1|   2|   1|   1|    |   1|    |    |    |   1|   2|    |   1|   1|   1|    |    |    |   1|   2|    |   1|    |    |   3|    |   1|   1|   2|   1|   1|    |    |   1|   1|   1|   1|   1|   1|    |    |   2|   1|    |   1|[14]|  43|   9|
 +----+----+----+----+----+----+----+----+----+----+----+----+----+----+----+----+----+----+----+----+----+----+----+----+----+----+----+----+----+----+----+----+----+----+----+----+----+----+----+----+----+----+----+----+----+----+----+----+----+----+----+----+----+----+----+----+----+----+----+----+----+----+----+----+----+----+----+----+
 |[15]|   1|   1|   1|   2|    |    |   2|   1|    |   2|   1|   1|   1|   1|   2| ## |    |   2|    |    |   1|    |   2|    |    |    |   1|   1|   1|   1|   1|   2|   2|   1|    |    |    |    |   1|   2|    |   1|    |   2|    |   1|   1|   1|    |   1|   1|   1|    |   2|    |   1|    |   1|   1|   1|   1|    |   1|    |[15]|  51|   2|
 +----+----+----+----+----+----+----+----+----+----+----+----+----+----+----+----+----+----+----+----+----+----+----+----+----+----+----+----+----+----+----+----+----+----+----+----+----+----+----+----+----+----+----+----+----+----+----+----+----+----+----+----+----+----+----+----+----+----+----+----+----+----+----+----+----+----+----+----+
 |[16]|    |    |    |    |    |    |    |    |    |    |    |    |    |    |    |    | ## |    |    |    |    |    |    |    |    |    |    |    |    |    |    |    |    |    |    |    |    |    |    |    |    |    |    |    |    |    |    |    |    |    |    |    |    |    |    |    |    |    |    |    |   1|    |    |    |[16]|   1|   3|
 +----+----+----+----+----+----+----+----+----+----+----+----+----+----+----+----+----+----+----+----+----+----+----+----+----+----+----+----+----+----+----+----+----+----+----+----+----+----+----+----+----+----+----+----+----+----+----+----+----+----+----+----+----+----+----+----+----+----+----+----+----+----+----+----+----+----+----+----+
 |[17]|  10|  14|   4|  11|  14|  11|  13|   9|   8|  12|  16|   7|  12|   5|  13|   7|   8| ## |  11|  14|   4|  12|  19|  11|  11|   9|  10|  12|   7|  14|  11|   7|   6|   3|   7|   9|  12|   8|   9|  26|  12|   8|   8|  12|   6|  12|   9|  15|  10|  11|   9|   9|   9|   9|  15|  10|   9|   6|   8|  15|   6|  13|   8|  11|[17]| 646|  51|
 +----+----+----+----+----+----+----+----+----+----+----+----+----+----+----+----+----+----+----+----+----+----+----+----+----+----+----+----+----+----+----+----+----+----+----+----+----+----+----+----+----+----+----+----+----+----+----+----+----+----+----+----+----+----+----+----+----+----+----+----+----+----+----+----+----+----+----+----+
 |[18]|   7|   8|   7|   6|   6|   6|  10|   8|   5|   8|  10|   9|   7|  10|   7|   4|   6|   9| ## |   4|   9|   8|   7|  17|   8|   7|   7|   7|   6|   8|   6|   8|   8|   6|   6|   7|   8|   6|   8|   7|   8|  10|   2|   7|   7|   7|  12|   7|   6|   8|   8|   9|   9|   7|   8|   6|  10|   8|   9|  10|  10|   6|  12|  15|[18]| 492|  62|
 +----+----+----+----+----+----+----+----+----+----+----+----+----+----+----+----+----+----+----+----+----+----+----+----+----+----+----+----+----+----+----+----+----+----+----+----+----+----+----+----+----+----+----+----+----+----+----+----+----+----+----+----+----+----+----+----+----+----+----+----+----+----+----+----+----+----+----+----+
 |[19]|   5|   4|    |   2|   5|   6|   1|   3|   3|   4|   3|   6|   4|   1|   1|   1|   2|   4|   4| ## |   1|   4|   6|   3|   3|   2|   3|    |   4|   3|   2|   5|   4|   4|   4|   3|   5|   1|   1|   3|   4|   3|   1|   2|   4|   3|   3|   2|   5|   5|   3|   4|   1|   4|   3|   3|   2|   4|   2|   4|   1|   4|   2|   3|[19]| 192|  11|
 +----+----+----+----+----+----+----+----+----+----+----+----+----+----+----+----+----+----+----+----+----+----+----+----+----+----+----+----+----+----+----+----+----+----+----+----+----+----+----+----+----+----+----+----+----+----+----+----+----+----+----+----+----+----+----+----+----+----+----+----+----+----+----+----+----+----+----+----+
 |[20]|   4|   2|   1|   1|   2|   5|   3|   3|   2|   2|   2|   2|   4|   1|   2|   4|   1|   1|   5|    | ## |   2|   3|   2|   5|   1|   3|   2|    |   3|   1|   4|   3|   3|   3|   1|   2|    |   3|   2|   3|   2|   1|   3|   2|   2|   4|    |   2|    |    |   2|   2|   1|   2|   2|   4|   3|   3|   2|   3|   4|   2|   2|[20]| 141|   8|
 +----+----+----+----+----+----+----+----+----+----+----+----+----+----+----+----+----+----+----+----+----+----+----+----+----+----+----+----+----+----+----+----+----+----+----+----+----+----+----+----+----+----+----+----+----+----+----+----+----+----+----+----+----+----+----+----+----+----+----+----+----+----+----+----+----+----+----+----+
 |[21]|   1|   1|    |    |    |   1|   1|   1|    |    |   1|    |   1|   1|    |   1|    |   1|    |   1|   1| ## |   1|   1|   1|   1|    |    |   1|   1|    |    |    |    |    |   1|   1|    |   1|   1|    |   1|   1|   1|   1|   1|    |    |   1|   1|    |   1|   1|   1|   1|    |    |   1|   1|   1|   1|    |    |    |[21]|  37|   2|
 +----+----+----+----+----+----+----+----+----+----+----+----+----+----+----+----+----+----+----+----+----+----+----+----+----+----+----+----+----+----+----+----+----+----+----+----+----+----+----+----+----+----+----+----+----+----+----+----+----+----+----+----+----+----+----+----+----+----+----+----+----+----+----+----+----+----+----+----+
 |[22]|  23|  26|  16|  20|  35|  24|  25|  26|  29|  36|  30|  24|  24|  27|  19|  21|  24|  38|  35|  27|  28|  31| ## |  31|  34|  33|  20|  17|  30|  22|  37|  28|  16|  20|  34|  24|  32|  18|  33|  42|  43|  27|  23|  17|  33|  36|  23|  28|  26|  26|  23|  33|  28|  26|  33|  21|  17|  31|  27|  30|  23|  22|  19|  24|[22]|1698| 152|
 +----+----+----+----+----+----+----+----+----+----+----+----+----+----+----+----+----+----+----+----+----+----+----+----+----+----+----+----+----+----+----+----+----+----+----+----+----+----+----+----+----+----+----+----+----+----+----+----+----+----+----+----+----+----+----+----+----+----+----+----+----+----+----+----+----+----+----+----+
 |[23]|  17|  14|  16|  18|  22|  11|  23|  14|  15|  12|  18|  14|  14|  22|  17|  19|  16|  16|  35|  20|  25|  18|  16| ## |  30|  15|  22|  18|  15|  17|  10|  29|  18|  14|  21|  14|  19|  18|  23|  21|  19|  16|  15|  12|  13|  25|  20|  16|  16|  16|  11|  16|  23|  24|  22|  12|  22|  20|  20|  14|  16|  17|  21|  17|[23]|1139|  60|
 +----+----+----+----+----+----+----+----+----+----+----+----+----+----+----+----+----+----+----+----+----+----+----+----+----+----+----+----+----+----+----+----+----+----+----+----+----+----+----+----+----+----+----+----+----+----+----+----+----+----+----+----+----+----+----+----+----+----+----+----+----+----+----+----+----+----+----+----+
 |[24]|   3|   4|   3|   5|    |   2|   5|   1|   3|   3|   5|   1|   2|   3|   4|   2|   3|   5|   5|   2|   7|   4|   5|   4| ## |   3|   3|   4|   2|   3|   3|   8|   3|   1|   1|   4|   5|   5|   4|   5|   2|   4|   3|   5|   2|   5|   1|   3|   7|   3|   4|   2|   2|   4|   6|   2|   6|   5|   3|   4|   6|   3|   3|   2|[24]| 222|  12|
 +----+----+----+----+----+----+----+----+----+----+----+----+----+----+----+----+----+----+----+----+----+----+----+----+----+----+----+----+----+----+----+----+----+----+----+----+----+----+----+----+----+----+----+----+----+----+----+----+----+----+----+----+----+----+----+----+----+----+----+----+----+----+----+----+----+----+----+----+
 |[25]|    |    |    |    |    |    |    |    |    |    |    |    |    |    |    |    |    |    |    |    |    |    |    |    |    | ## |    |    |    |    |    |    |    |    |    |    |    |    |    |    |   1|    |    |    |    |    |    |    |    |    |   1|    |    |    |    |    |    |    |    |    |    |    |    |    |[25]|   2|   4|
 +----+----+----+----+----+----+----+----+----+----+----+----+----+----+----+----+----+----+----+----+----+----+----+----+----+----+----+----+----+----+----+----+----+----+----+----+----+----+----+----+----+----+----+----+----+----+----+----+----+----+----+----+----+----+----+----+----+----+----+----+----+----+----+----+----+----+----+----+
 |[26]|   1|   1|    |    |   1|   1|   1|   1|   1|    |    |   1|   1|    |    |   1|    |    |    |    |   1|    |    |    |   1|   1| ## |   1|    |   1|    |   1|   1|   1|   1|    |   1|   1|    |   1|    |   1|   1|   1|    |   1|   1|   1|   1|    |   1|    |   1|    |   1|   1|    |   1|    |   1|    |    |   1|    |[26]|  36|   1|
 +----+----+----+----+----+----+----+----+----+----+----+----+----+----+----+----+----+----+----+----+----+----+----+----+----+----+----+----+----+----+----+----+----+----+----+----+----+----+----+----+----+----+----+----+----+----+----+----+----+----+----+----+----+----+----+----+----+----+----+----+----+----+----+----+----+----+----+----+
 |[27]|   2|   1|    |    |   1|   2|   1|   1|   1|   1|   2|   1|   1|   2|   1|   1|   2|   1|   1|   1|   2|   1|   1|   2|   2|   1|    | ## |   1|    |    |    |   2|   1|   1|    |   1|   1|   1|   1|   1|    |   1|   1|    |    |   2|   1|   2|   2|   1|   1|   2|    |   1|   2|   2|    |   2|    |   1|    |   2|   1|[27]|  66|   5|
 +----+----+----+----+----+----+----+----+----+----+----+----+----+----+----+----+----+----+----+----+----+----+----+----+----+----+----+----+----+----+----+----+----+----+----+----+----+----+----+----+----+----+----+----+----+----+----+----+----+----+----+----+----+----+----+----+----+----+----+----+----+----+----+----+----+----+----+----+
 |[28]|    |   1|    |   1|    |   1|    |   1|   1|    |    |    |   1|    |    |   1|    |    |   1|    |   1|   1|   1|    |    |   1|    |   1| ## |   1|    |    |   1|   2|    |   1|   1|   1|   1|   1|   1|   1|    |    |    |    |   1|   1|   1|   1|    |   1|    |   1|   1|   1|    |   1|    |    |    |   1|    |    |[28]|  34|   9|
 +----+----+----+----+----+----+----+----+----+----+----+----+----+----+----+----+----+----+----+----+----+----+----+----+----+----+----+----+----+----+----+----+----+----+----+----+----+----+----+----+----+----+----+----+----+----+----+----+----+----+----+----+----+----+----+----+----+----+----+----+----+----+----+----+----+----+----+----+
 |[29]|   3|   2|   3|   2|   4|   1|   1|   1|   2|   1|   2|   4|   2|   2|   4|   1|   2|   2|   1|    |    |   1|    |   1|   2|   2|   4|   4|   2| ## |   3|   4|   2|   1|   2|   3|   3|   4|   2|   4|   2|   1|   3|   1|   3|   3|   3|   2|   1|   4|   1|   1|   1|   1|   3|   1|   2|   2|   6|   1|   2|   2|   2|   1|[29]| 133|  14|
 +----+----+----+----+----+----+----+----+----+----+----+----+----+----+----+----+----+----+----+----+----+----+----+----+----+----+----+----+----+----+----+----+----+----+----+----+----+----+----+----+----+----+----+----+----+----+----+----+----+----+----+----+----+----+----+----+----+----+----+----+----+----+----+----+----+----+----+----+
 |[30]|   1|   1|    |    |   1|    |    |   1|    |    |   1|    |   1|   1|   1|    |   1|   1|    |    |    |   1|    |   1|   1|    |    |    |   1|   1| ## |    |   1|    |   1|   1|   1|    |   1|    |   1|    |    |    |   1|   1|   1|    |    |   1|   1|    |   1|   1|   1|    |    |    |    |   1|   1|   1|   1|   1|[30]|  34|   3|
 +----+----+----+----+----+----+----+----+----+----+----+----+----+----+----+----+----+----+----+----+----+----+----+----+----+----+----+----+----+----+----+----+----+----+----+----+----+----+----+----+----+----+----+----+----+----+----+----+----+----+----+----+----+----+----+----+----+----+----+----+----+----+----+----+----+----+----+----+
 |[31]|   6|   9|   4|   8|   7|   8|  10|   9|  11|   6|  11|  10|   6|  10|   9|   3|   8|  12|   8|   9|   9|  11|   9|  11|   8|   7|   7|   6|   5|   9|   3| ## |   8|   6|   7|   9|  10|  11|   6|  10|   5|   5|   7|  11|   9|  12|   8|   7|   8|  10|   3|   7|   7|  11|   9|   5|   8|   6|   9|   8|   7|  10|   5|   5|[31]| 498|  28|
 +----+----+----+----+----+----+----+----+----+----+----+----+----+----+----+----+----+----+----+----+----+----+----+----+----+----+----+----+----+----+----+----+----+----+----+----+----+----+----+----+----+----+----+----+----+----+----+----+----+----+----+----+----+----+----+----+----+----+----+----+----+----+----+----+----+----+----+----+
 |[32]|   1|   1|   2|   1|   1|   2|   1|   1|   1|   2|   1|    |   2|    |    |   1|    |   2|   1|    |    |   2|    |   1|   2|   2|   2|    |    |   1|   2|   1| ## |   2|   1|   1|   1|   3|   3|   2|   2|   3|   1|   1|   1|    |    |   1|   1|   2|    |   2|   2|   1|   2|    |   1|   2|   2|   1|   1|   2|   1|   1|[32]|  76|   6|
 +----+----+----+----+----+----+----+----+----+----+----+----+----+----+----+----+----+----+----+----+----+----+----+----+----+----+----+----+----+----+----+----+----+----+----+----+----+----+----+----+----+----+----+----+----+----+----+----+----+----+----+----+----+----+----+----+----+----+----+----+----+----+----+----+----+----+----+----+
 |[33]|   1|   1|    |   1|    |   1|   1|   1|    |    |    |    |   1|   1|   1|    |   1|   1|    |    |    |    |    |    |    |   1|    |   1|    |    |    |   1|    | ## |   1|   1|   1|    |    |    |   1|    |    |    |   1|   1|    |    |   1|   1|   1|    |   1|   1|    |    |    |   1|   1|    |    |    |   1|    |[33]|  28|   1|
 +----+----+----+----+----+----+----+----+----+----+----+----+----+----+----+----+----+----+----+----+----+----+----+----+----+----+----+----+----+----+----+----+----+----+----+----+----+----+----+----+----+----+----+----+----+----+----+----+----+----+----+----+----+----+----+----+----+----+----+----+----+----+----+----+----+----+----+----+
 |[34]|   6|   5|   4|   6|   6|   6|   3|   8|   7|   4|   5|   3|   3|   4|   3|   5|   5|   9|   7|   4|   4|   6|   7|   7|   3|   3|   6|   5|   4|   7|   6|   5|   3|   4| ## |   5|   6|   3|   5|  11|   6|   2|   5|   5|   6|   3|   3|   5|   3|   5|   3|   8|   6|   6|   4|   6|   8|   4|   3|   3|   7|   6|   4|   7|[34]| 321|  54|
 +----+----+----+----+----+----+----+----+----+----+----+----+----+----+----+----+----+----+----+----+----+----+----+----+----+----+----+----+----+----+----+----+----+----+----+----+----+----+----+----+----+----+----+----+----+----+----+----+----+----+----+----+----+----+----+----+----+----+----+----+----+----+----+----+----+----+----+----+
 |[35]|   1|   1|   1|   1|   1|   1|   1|   2|   1|   1|   2|    |    |    |   1|   1|    |   2|    |   1|   1|   2|    |    |   1|    |   1|    |    |   1|   1|   2|   1|   1|   1| ## |   2|    |    |   1|    |   1|   2|   1|   1|   2|   1|   1|   2|   1|   1|    |   2|    |   2|    |   2|   2|   2|    |    |   1|   1|   1|[35]|  59|   3|
 +----+----+----+----+----+----+----+----+----+----+----+----+----+----+----+----+----+----+----+----+----+----+----+----+----+----+----+----+----+----+----+----+----+----+----+----+----+----+----+----+----+----+----+----+----+----+----+----+----+----+----+----+----+----+----+----+----+----+----+----+----+----+----+----+----+----+----+----+
 |[36]|   4|   2|   4|   3|   2|   3|   2|   7|   6|   2|   5|   1|   3|   2|   1|   3|   3|   2|   2|   6|   5|   3|   4|   5|   2|   3|   1|   2|   2|   3|   5|   5|   5|    |   5|   3| ## |   2|   1|   4|   2|   2|   5|   4|   4|   5|    |   4|   1|   7|   1|   5|   7|   3|   4|    |   2|   3|   4|   4|   5|   2|   1|   3|[36]| 201|  15|
 +----+----+----+----+----+----+----+----+----+----+----+----+----+----+----+----+----+----+----+----+----+----+----+----+----+----+----+----+----+----+----+----+----+----+----+----+----+----+----+----+----+----+----+----+----+----+----+----+----+----+----+----+----+----+----+----+----+----+----+----+----+----+----+----+----+----+----+----+
 |[37]|   1|   4|   3|   1|   1|   1|   2|    |   2|   1|   3|   2|    |    |   1|    |   4|    |    |    |    |   3|   1|   1|   3|   1|   2|   1|   3|   2|   1|   3|   1|   2|   3|   1|   2| ## |   2|   2|   1|   2|   1|   1|    |   1|   1|   1|   3|    |   1|   2|   4|   1|   2|   2|   1|   1|   4|   1|   2|   3|    |   1|[37]|  96|   5|
 +----+----+----+----+----+----+----+----+----+----+----+----+----+----+----+----+----+----+----+----+----+----+----+----+----+----+----+----+----+----+----+----+----+----+----+----+----+----+----+----+----+----+----+----+----+----+----+----+----+----+----+----+----+----+----+----+----+----+----+----+----+----+----+----+----+----+----+----+
 |[38]|    |   1|   2|   2|   1|    |    |   1|   3|   2|   1|    |   1|   2|    |   3|   1|   2|    |   2|   1|   1|    |    |   1|   2|   1|   1|   2|    |    |   2|   1|   1|    |   1|    |   1| ## |   2|   2|   1|   1|   2|   2|   1|   1|   2|    |   1|    |   1|    |    |   1|   2|   1|    |   1|   1|   2|   1|   1|   1|[38]|  66|   4|
 +----+----+----+----+----+----+----+----+----+----+----+----+----+----+----+----+----+----+----+----+----+----+----+----+----+----+----+----+----+----+----+----+----+----+----+----+----+----+----+----+----+----+----+----+----+----+----+----+----+----+----+----+----+----+----+----+----+----+----+----+----+----+----+----+----+----+----+----+
 |[39]|  14|   7|  10|  13|  16|  15|  12|  11|  11|  18|  16|  13|  15|  12|  15|  14|  13|  21|  15|  16|   9|  13|  20|  14|  15|  15|  17|  15|  10|  14|  11|  17|  10|  10|  20|  12|  17|  19|  14| ## |  23|  10|  15|  16|  11|  21|  11|  12|  15|  17|  12|  17|  13|  15|  11|   8|  12|  15|   8|  14|  11|  14|  11|  13|[39]| 874|  56|
 +----+----+----+----+----+----+----+----+----+----+----+----+----+----+----+----+----+----+----+----+----+----+----+----+----+----+----+----+----+----+----+----+----+----+----+----+----+----+----+----+----+----+----+----+----+----+----+----+----+----+----+----+----+----+----+----+----+----+----+----+----+----+----+----+----+----+----+----+
 |[40]|   2|   3|   4|   8|   9|   4|   3|   6|   3|   4|   3|   3|   5|   3|   4|   6|   5|   6|   9|   5|   5|   4|   6|   3|   3|   6|   5|   3|   5|   3|   1|   4|   5|   2|   9|   6|   3|   6|   4|   3| ## |   5|   1|   5|   3|   5|   6|   2|   4|   2|   2|   6|   5|   7|   5|   4|   4|   7|   2|   3|   5|   3|   3|   3|[40]| 273|  57|
 +----+----+----+----+----+----+----+----+----+----+----+----+----+----+----+----+----+----+----+----+----+----+----+----+----+----+----+----+----+----+----+----+----+----+----+----+----+----+----+----+----+----+----+----+----+----+----+----+----+----+----+----+----+----+----+----+----+----+----+----+----+----+----+----+----+----+----+----+
 |[41]|    |   1|    |   1|    |    |    |   2|    |    |   1|   1|   1|   1|    |   1|   1|   1|    |    |   1|   1|    |   1|    |   1|   1|    |   1|   1|   1|   2|   1|    |   1|    |   1|   1|   1|   1|   2| ## |    |   1|    |    |   1|   1|   1|    |   1|   1|   1|   1|   1|    |   2|    |   1|   1|    |    |    |   1|[41]|  43|  12|
 +----+----+----+----+----+----+----+----+----+----+----+----+----+----+----+----+----+----+----+----+----+----+----+----+----+----+----+----+----+----+----+----+----+----+----+----+----+----+----+----+----+----+----+----+----+----+----+----+----+----+----+----+----+----+----+----+----+----+----+----+----+----+----+----+----+----+----+----+
 |[42]|    |   2|   2|   1|    |    |   1|   2|   1|    |   1|   2|    |    |   1|   1|   1|   1|    |   1|    |    |    |    |    |    |    |    |   1|    |   1|   1|   1|   1|    |    |   1|   1|    |    |    |   2| ## |   1|   1|    |   1|    |   1|    |   1|    |    |   1|   1|    |    |   1|    |   1|    |   1|   2|   1|[42]|  39|   4|
 +----+----+----+----+----+----+----+----+----+----+----+----+----+----+----+----+----+----+----+----+----+----+----+----+----+----+----+----+----+----+----+----+----+----+----+----+----+----+----+----+----+----+----+----+----+----+----+----+----+----+----+----+----+----+----+----+----+----+----+----+----+----+----+----+----+----+----+----+
 |[43]|    |   2|   2|   1|    |   2|   1|   3|    |    |   2|    |    |    |   2|   2|    |   1|   1|   2|   2|    |   1|   1|    |   1|   1|   1|   1|   1|   2|   2|   1|   1|   1|   3|    |    |   1|    |    |   2|   2| ## |   1|   2|    |   3|    |   1|   1|   1|   2|   2|   2|   2|   1|    |   2|   1|    |    |   2|    |[43]|  68|  17|
 +----+----+----+----+----+----+----+----+----+----+----+----+----+----+----+----+----+----+----+----+----+----+----+----+----+----+----+----+----+----+----+----+----+----+----+----+----+----+----+----+----+----+----+----+----+----+----+----+----+----+----+----+----+----+----+----+----+----+----+----+----+----+----+----+----+----+----+----+
 |[44]|    |   3|    |    |   2|   1|   2|   1|   2|    |   3|   1|    |    |   1|    |    |   2|   1|   1|   1|   2|    |    |    |   1|    |   1|   1|   2|   1|   1|   1|   2|   2|   2|   1|   2|   1|   2|   1|   1|   2|   2| ## |   1|   2|   1|   1|   1|   1|   1|    |   1|    |    |    |   1|   1|    |   1|   1|   1|   1|[44]|  64|   4|
 +----+----+----+----+----+----+----+----+----+----+----+----+----+----+----+----+----+----+----+----+----+----+----+----+----+----+----+----+----+----+----+----+----+----+----+----+----+----+----+----+----+----+----+----+----+----+----+----+----+----+----+----+----+----+----+----+----+----+----+----+----+----+----+----+----+----+----+----+
 |[45]|   2|   2|   2|   2|   1|   2|   1|   2|   4|   1|   2|   2|   2|   5|   3|   3|   3|   2|   4|   3|    |   3|   3|   5|   3|   2|   3|   4|   2|   3|    |   4|   4|   2|   2|    |   2|   2|   4|   3|   3|   1|   1|   2|   3| ## |   2|   1|   2|   3|    |   2|   2|   2|   2|    |   2|   2|   3|   3|   1|   2|   3|   3|[45]| 144|   8|
 +----+----+----+----+----+----+----+----+----+----+----+----+----+----+----+----+----+----+----+----+----+----+----+----+----+----+----+----+----+----+----+----+----+----+----+----+----+----+----+----+----+----+----+----+----+----+----+----+----+----+----+----+----+----+----+----+----+----+----+----+----+----+----+----+----+----+----+----+
 |[46]|    |    |   1|   1|   1|   1|   1|    |   1|   1|   1|    |   1|    |   1|    |    |   1|    |    |    |    |    |   1|   1|   1|    |    |   2|    |   1|    |    |    |    |    |    |    |    |   1|    |    |   2|   2|    |    | ## |   1|    |    |    |   1|   1|    |    |   1|   1|    |   1|    |    |    |    |   1|[46]|  29|   7|
 +----+----+----+----+----+----+----+----+----+----+----+----+----+----+----+----+----+----+----+----+----+----+----+----+----+----+----+----+----+----+----+----+----+----+----+----+----+----+----+----+----+----+----+----+----+----+----+----+----+----+----+----+----+----+----+----+----+----+----+----+----+----+----+----+----+----+----+----+
 |[47]|   1|   1|   1|    |    |   2|    |    |   1|    |   1|   2|   1|    |    |   1|   1|    |   2|    |   1|   1|    |    |   1|   1|   1|   1|    |    |   1|    |    |    |    |    |   1|   1|   2|   1|   1|   1|    |   1|    |   1|    | ## |   1|   1|    |    |    |   1|    |    |   1|    |   1|   1|    |   1|    |   1|[47]|  38|   3|
 +----+----+----+----+----+----+----+----+----+----+----+----+----+----+----+----+----+----+----+----+----+----+----+----+----+----+----+----+----+----+----+----+----+----+----+----+----+----+----+----+----+----+----+----+----+----+----+----+----+----+----+----+----+----+----+----+----+----+----+----+----+----+----+----+----+----+----+----+
 |[48]|    |   2|    |    |   1|    |   1|   1|   1|   1|    |    |   1|   1|    |    |   1|    |    |    |    |   1|   2|   1|    |   1|   1|    |    |    |    |    |    |    |   1|   1|    |    |    |    |   1|   1|    |   1|   1|    |   1|    | ## |    |   1|   1|   1|   1|   1|    |    |   1|   1|   1|    |   1|   1|    |[48]|  33|   4|
 +----+----+----+----+----+----+----+----+----+----+----+----+----+----+----+----+----+----+----+----+----+----+----+----+----+----+----+----+----+----+----+----+----+----+----+----+----+----+----+----+----+----+----+----+----+----+----+----+----+----+----+----+----+----+----+----+----+----+----+----+----+----+----+----+----+----+----+----+
 |[49]|   1|   4|   3|   5|   2|   4|   5|   3|   5|   4|   3|   1|   3|   2|   2|   2|   2|   5|   4|   5|   3|   4|   2|   5|   4|   3|   4|   3|   5|   5|   4|   6|   3|   2|   5|   4|   3|   3|   2|   4|   5|   3|   3|   3|   2|   3|   3|   5|   3| ## |   2|   4|   6|   4|   5|   2|   5|   4|   5|   3|   4|   3|   3|   3|[49]| 222|   6|
 +----+----+----+----+----+----+----+----+----+----+----+----+----+----+----+----+----+----+----+----+----+----+----+----+----+----+----+----+----+----+----+----+----+----+----+----+----+----+----+----+----+----+----+----+----+----+----+----+----+----+----+----+----+----+----+----+----+----+----+----+----+----+----+----+----+----+----+----+
 |[50]|    |   1|    |    |   2|   1|   1|    |   2|   2|   1|    |   1|   2|    |   1|   1|   2|   1|   1|   2|   1|   1|   1|   2|   2|   2|   1|   3|   1|   2|   1|    |   1|   2|   2|    |    |   1|   1|   1|   1|    |   1|   2|    |    |   2|   1|   1| ## |    |   2|   2|   3|   3|   2|   1|   1|   2|   1|   1|    |    |[50]|  72|  15|
 +----+----+----+----+----+----+----+----+----+----+----+----+----+----+----+----+----+----+----+----+----+----+----+----+----+----+----+----+----+----+----+----+----+----+----+----+----+----+----+----+----+----+----+----+----+----+----+----+----+----+----+----+----+----+----+----+----+----+----+----+----+----+----+----+----+----+----+----+
 |[51]|   5|   3|   2|   7|   5|   9|   2|   3|   3|   4|   3|   4|   6|   5|   5|   3|   7|   7|   5|   5|   8|   5|   6|   4|   5|   4|   5|   1|   6|   9|   3|   7|   8|   7|   9|   4|   6|   4|   9|   8|   9|   5|   6|   4|   5|   7|   1|   6|   4|   4|   3| ## |   6|   6|   3|   5|   6|   5|   3|   5|   2|   4|   7|   6|[51]| 323|  39|
 +----+----+----+----+----+----+----+----+----+----+----+----+----+----+----+----+----+----+----+----+----+----+----+----+----+----+----+----+----+----+----+----+----+----+----+----+----+----+----+----+----+----+----+----+----+----+----+----+----+----+----+----+----+----+----+----+----+----+----+----+----+----+----+----+----+----+----+----+
 |[52]|   2|   3|   3|   3|   2|   6|   5|   3|   4|   3|   5|   3|   6|   2|   4|   3|   4|   3|   3|   6|   3|   5|   3|   4|   5|   4|   3|   2|   3|   6|   2|   4|   7|   5|   5|   3|   1|   3|   3|   6|   2|   3|   5|   4|   4|   5|   5|   4|   4|   4|   5|   6| ## |   5|   3|   4|   3|   3|   4|   4|   4|   4|   3|   2|[52]| 240|  18|
 +----+----+----+----+----+----+----+----+----+----+----+----+----+----+----+----+----+----+----+----+----+----+----+----+----+----+----+----+----+----+----+----+----+----+----+----+----+----+----+----+----+----+----+----+----+----+----+----+----+----+----+----+----+----+----+----+----+----+----+----+----+----+----+----+----+----+----+----+
 |[53]|   2|   3|   2|   2|   3|   4|   3|   3|   2|   4|   2|   2|   2|   2|   1|   3|   1|   3|   5|   4|   3|   2|   4|   6|   2|   3|   3|   2|   2|   3|   4|   7|   7|   3|   5|   2|   3|   3|   1|   4|   5|   5|   1|   3|   4|   5|   1|   3|   4|   1|   4|   3|   3| ## |   3|   3|   4|   3|   3|   2|   3|   3|   3|   9|[53]| 200|  27|
 +----+----+----+----+----+----+----+----+----+----+----+----+----+----+----+----+----+----+----+----+----+----+----+----+----+----+----+----+----+----+----+----+----+----+----+----+----+----+----+----+----+----+----+----+----+----+----+----+----+----+----+----+----+----+----+----+----+----+----+----+----+----+----+----+----+----+----+----+
 |[54]|    |    |    |   1|    |   1|    |    |    |    |    |    |    |    |    |    |    |    |    |    |   1|    |    |    |   1|    |    |    |    |   1|    |   1|    |    |    |    |    |   1|   1|    |    |    |    |   1|    |    |    |    |    |    |   1|    |    |   1| ## |    |   1|    |    |    |    |   1|    |    |[54]|  13|   1|
 +----+----+----+----+----+----+----+----+----+----+----+----+----+----+----+----+----+----+----+----+----+----+----+----+----+----+----+----+----+----+----+----+----+----+----+----+----+----+----+----+----+----+----+----+----+----+----+----+----+----+----+----+----+----+----+----+----+----+----+----+----+----+----+----+----+----+----+----+
 |[55]|   1|    |   1|    |    |   1|    |    |    |    |   1|    |    |    |   1|    |    |    |    |    |    |    |    |    |    |    |    |   1|    |   1|    |    |    |   1|   1|    |    |    |   1|    |    |    |    |    |   1|    |    |    |    |    |   1|   2|    |    |    | ## |    |    |    |    |    |    |    |   2|[55]|  16|   5|
 +----+----+----+----+----+----+----+----+----+----+----+----+----+----+----+----+----+----+----+----+----+----+----+----+----+----+----+----+----+----+----+----+----+----+----+----+----+----+----+----+----+----+----+----+----+----+----+----+----+----+----+----+----+----+----+----+----+----+----+----+----+----+----+----+----+----+----+----+
 |[56]|   7|  10|   5|   9|   6|   8|  14|   6|   7|   7|   7|  13|  10|  10|   8|   9|   9|   7|  14|   8|   8|   5|   9|  10|  10|   7|  11|   7|   9|   8|   9|  12|   8|  10|   9|   7|  12|  11|   6|  11|   9|   9|   5|   8|   9|   9|  11|  10|   5|  11|   7|   7|  12|  11|   8|  10| ## |   7|  11|   3|  10|  10|  11|   9|[56]| 555|  17|
 +----+----+----+----+----+----+----+----+----+----+----+----+----+----+----+----+----+----+----+----+----+----+----+----+----+----+----+----+----+----+----+----+----+----+----+----+----+----+----+----+----+----+----+----+----+----+----+----+----+----+----+----+----+----+----+----+----+----+----+----+----+----+----+----+----+----+----+----+
 |[57]|    |    |    |    |    |    |    |    |    |    |   1|    |    |    |    |    |    |    |    |   1|    |    |    |    |    |    |    |    |    |    |    |    |    |    |    |    |    |    |    |    |    |    |    |    |    |    |    |    |    |    |    |   1|    |   1|    |    |    | ## |    |    |    |    |    |    |[57]|   4|   3|
 +----+----+----+----+----+----+----+----+----+----+----+----+----+----+----+----+----+----+----+----+----+----+----+----+----+----+----+----+----+----+----+----+----+----+----+----+----+----+----+----+----+----+----+----+----+----+----+----+----+----+----+----+----+----+----+----+----+----+----+----+----+----+----+----+----+----+----+----+
 |[58]|    |   1|   1|   1|    |   1|   1|    |    |    |    |   1|   1|   1|   1|    |    |    |    |    |    |    |   1|    |   2|    |   1|    |    |   1|    |   1|    |   1|   2|    |    |    |   1|    |    |    |    |   1|   1|    |   1|   1|    |    |    |    |   1|    |   1|   1|   1|    | ## |    |    |   1|    |    |[58]|  28|   3|
 +----+----+----+----+----+----+----+----+----+----+----+----+----+----+----+----+----+----+----+----+----+----+----+----+----+----+----+----+----+----+----+----+----+----+----+----+----+----+----+----+----+----+----+----+----+----+----+----+----+----+----+----+----+----+----+----+----+----+----+----+----+----+----+----+----+----+----+----+
 |[59]|   1|    |   1|    |   1|   1|    |    |   1|   1|    |    |   1|    |    |    |    |    |    |    |    |    |   1|    |   1|    |    |    |   1|   1|   1|   1|   1|    |    |   1|    |    |   1|    |   1|   1|   1|    |   1|    |   1|    |   1|   1|   1|   1|   1|   1|    |    |   1|    |    | ## |    |    |    |    |[59]|  28|   1|
 +----+----+----+----+----+----+----+----+----+----+----+----+----+----+----+----+----+----+----+----+----+----+----+----+----+----+----+----+----+----+----+----+----+----+----+----+----+----+----+----+----+----+----+----+----+----+----+----+----+----+----+----+----+----+----+----+----+----+----+----+----+----+----+----+----+----+----+----+
 |[60]|    |   1|    |   1|   2|   1|   3|   1|    |    |   2|    |   2|   1|   2|   1|   1|    |    |    |   1|   1|   1|    |   1|   2|   1|   1|    |   1|    |    |    |    |    |   2|   1|   1|   1|    |   1|   1|    |    |   1|   1|    |   2|   1|   2|   1|   1|   1|    |    |   1|   1|    |   2|   2| ## |   1|   2|   1|[60]|  54|   3|
 +----+----+----+----+----+----+----+----+----+----+----+----+----+----+----+----+----+----+----+----+----+----+----+----+----+----+----+----+----+----+----+----+----+----+----+----+----+----+----+----+----+----+----+----+----+----+----+----+----+----+----+----+----+----+----+----+----+----+----+----+----+----+----+----+----+----+----+----+
 |[61]|    |    |    |    |    |   1|    |   1|   1|    |   1|    |   1|   1|   1|   1|    |    |    |    |    |   1|    |   1|    |    |    |   1|   1|    |   1|    |    |    |   1|   1|   2|   1|   1|    |   1|    |    |   1|    |    |    |   1|    |    |    |    |    |    |   1|   1|    |   1|    |    |    | ## |   1|   1|[61]|  27|   2|
 +----+----+----+----+----+----+----+----+----+----+----+----+----+----+----+----+----+----+----+----+----+----+----+----+----+----+----+----+----+----+----+----+----+----+----+----+----+----+----+----+----+----+----+----+----+----+----+----+----+----+----+----+----+----+----+----+----+----+----+----+----+----+----+----+----+----+----+----+
 |[62]|   1|   4|   3|   1|   2|   3|   3|   3|   3|   1|   2|   2|   2|   2|   3|   3|   1|   3|   3|    |   3|   4|   3|   5|   5|   3|   2|   2|   4|   3|   2|   4|   4|   4|   3|   1|   1|   3|   4|   2|   3|   3|   1|   5|   3|   1|   3|   2|   4|   3|   3|   2|   5|   4|   4|   3|   2|   1|   1|   3|   3|   2| ## |   4|[62]| 172|   8|
 +----+----+----+----+----+----+----+----+----+----+----+----+----+----+----+----+----+----+----+----+----+----+----+----+----+----+----+----+----+----+----+----+----+----+----+----+----+----+----+----+----+----+----+----+----+----+----+----+----+----+----+----+----+----+----+----+----+----+----+----+----+----+----+----+----+----+----+----+
 |[63]|  10|   7|   7|  13|   8|  18|  12|   6|  13|  16|  11|  13|  10|  13|  13|  12|  12|  14|  23|  17|  14|   9|  12|  15|  11|  10|  12|  10|   5|  10|   8|  11|  10|   9|  12|  12|  13|  12|   5|  11|  11|   9|  10|  11|  10|  10|   8|  12|  11|   8|  15|  11|  14|  14|  11|   7|  13|  14|  11|  12|  13|  15|  14| ## |[63]| 723|  43|
 +----+----+----+----+----+----+----+----+----+----+----+----+----+----+----+----+----+----+----+----+----+----+----+----+----+----+----+----+----+----+----+----+----+----+----+----+----+----+----+----+----+----+----+----+----+----+----+----+----+----+----+----+----+----+----+----+----+----+----+----+----+----+----+----+----+----+----+----+
 | ## |[ 0]|[ 1]|[ 2]|[ 3]|[ 4]|[ 5]|[ 6]|[ 7]|[ 8]|[ 9]|[10]|[11]|[12]|[13]|[14]|[15]|[16]|[17]|[18]|[19]|[20]|[21]|[22]|[23]|[24]|[25]|[26]|[27]|[28]|[29]|[30]|[31]|[32]|[33]|[34]|[35]|[36]|[37]|[38]|[39]|[40]|[41]|[42]|[43]|[44]|[45]|[46]|[47]|[48]|[49]|[50]|[51]|[52]|[53]|[54]|[55]|[56]|[57]|[58]|[59]|[60]|[61]|[62]|[63]| ## | ## |1024|
 +----+----+----+----+----+----+----+----+----+----+----+----+----+----+----+----+----+----+----+----+----+----+----+----+----+----+----+----+----+----+----+----+----+----+----+----+----+----+----+----+----+----+----+----+----+----+----+----+----+----+----+----+----+----+----+----+----+----+----+----+----+----+----+----+----+----+----+----+
 | TTL| 168| 192| 143| 182| 190| 204| 198| 189| 194| 188| 221| 173| 195| 187| 179| 173| 177| 216| 233| 189| 194| 203| 185| 209| 216| 188| 195| 159| 173| 201| 172| 234| 182| 148| 225| 175| 208| 186| 203| 240| 227| 179| 157| 194| 184| 215| 182| 192| 184| 190| 154| 200| 214| 206| 219| 154| 188| 192| 194| 196| 183| 193| 181| 179| ## | ## | ## |
 +----+----+----+----+----+----+----+----+----+----+----+----+----+----+----+----+----+----+----+----+----+----+----+----+----+----+----+----+----+----+----+----+----+----+----+----+----+----+----+----+----+----+----+----+----+----+----+----+----+----+----+----+----+----+----+----+----+----+----+----+----+----+----+----+----+----+----+----+






