

 [80] ******************************************************

 [3 , 12, 40]  121891.745328 vs 118378.511232 >>  3513.234096  :  15.609375  (48)
 [32]    0.281250 (1)
 [33]    0.343750 (1)
 [45]    0.062500 (1)
 [88]    0.312500 (1)
 [107]    0.062500 (1)
 [111]    0.625000 (1)
 [113]    0.312500 (1)
 [116]    0.187500 (1)
 [120]    0.093750 (1)
 [122]    0.218750 (1)
 [123]    0.406250 (1)
 [130]    0.562500 (1)
 [133]    0.468750 (1)
 [134]    0.171875 (1)
 [136]    0.640625 (2)
 [146]    0.562500 (1)
 [152]    0.468750 (1)
 [153]    0.484375 (1)
 [166]    0.281250 (1)
 [174]    1.453125 (1)
 [177]    0.093750 (1)
 [186]    0.375000 (1)
 [191]    0.062500 (1)
 [210]    0.406250 (1)
 [219]    0.406250 (1)
 [220]    0.625000 (1)
 [245]    0.093750 (1)
 [277]    0.921875 (1)
 [283]    0.812500 (1)
 [286]    0.031250 (1)
 [287]    0.031250 (1)
 [288]    0.062500 (1)
 [289]    0.125000 (1)
 [292]    0.062500 (1)
 [298]    0.640625 (1)
 [311]    0.250000 (1)
 [316]    0.375000 (1)
 [317]    0.437500 (1)
 [323]    0.109375 (1)
 [342]    0.296875 (1)
 [344]    0.125000 (1)
 [376]    0.312500 (1)
 [377]    0.375000 (1)
 [384]    0.156250 (1)
 [407]    0.125000 (1)
 [411]    0.187500 (1)
 [412]    0.156250 (1)
 [436]    0.125000 (1)

 [70] ******************************************************

 [0 , 9, 41]  100181.443032 vs 97426.930635 >>  2754.512397  :  6.265625  (5)
 [17]    0.437500 (1)
 [120]    1.203125 (1)
 [122]    1.093750 (1)
 [177]    1.187500 (1)
 [286]    2.343750 (1)

 [60] ******************************************************

 [4 , 14, 61]  86232.334477 vs 84178.192297 >>  2054.142179  :  35.046875  (2)
 [15]    1.406250 (1)
 [755]    33.640625 (3)

 [50] ******************************************************

 [4 , 14, 61]  75162.802696 vs 73769.175592 >>  1393.627104  :  25.046875  (1)
 [755]    25.046875 (3)

 [40] ******************************************************

 [4 , 14, 61]  64956.747797 vs 63806.010201 >>  1150.737596  :  261.875000  (2)
 [722]    253.609375 (3)
 [755]    8.265625 (3)

 [30] ******************************************************

 [4 , 14, 61]  54436.507764 vs 53565.930234 >>  870.577531  :  534.906250  (2)
 [722]    327.640625 (3)
 [755]    207.265625 (3)