

 [80] ******************************************************

 [10 , 52, 56]  131347.645610 vs 127056.883762 >>  4290.761848  :  62.375000  (1)
[422]    62  [10, 52, 56]

 [70] ******************************************************

 [9 , 21, 25]  109138.657973 vs 106295.601629 >>  2843.056345  :  138.593750  (1)
[466]    139  [9, 21, 25]

 [60] ******************************************************

 [9 , 21, 47]  95498.035203 vs 92794.706802 >>  2703.328402  :  255.187500  (2)
[466]    190  [9, 21, 47]
[615]    66  [47]

 [50] ******************************************************

 [5 , 19, 30]  84826.251863 vs 82538.333353 >>  2287.918510  :  411.328125  (2)
[391]    257  [5, 19, 30]
[421]    154  [5, 19]

 [40] ******************************************************

 [11 , 21, 47]  73554.422273 vs 71697.861031 >>  1856.561242  :  670.078125  (3)
[466]    384  [21, 47]
[609]    141  [11, 21]
[615]    145  [11, 47]

 [30] ******************************************************

 [11 , 21, 47]  62483.579989 vs 61286.113538 >>  1197.466451  :  971.156250  (3)
[466]    467  [21, 47]
[609]    349  [11, 21]
[615]    155  [11, 47]