

 [80] ******************************************************

 [7 , 58, 59]  121891.745328 vs 117059.693656 >>  4832.051671  :  192.484375  (2)
[306]    103  [7, 58, 59]
[755]    89  [7, 58, 59]
[306]    98  [0, 7, 59]
[755]    65  [0, 59]
[366]    62  [58, 59, 61]
[755]    89  [58, 59]
[366]    67  [0, 59, 61]
[755]    65  [0, 59]
[366]    53  [17, 59, 61]
[755]    78  [17, 59]

 [70] ******************************************************

 [37 , 56, 61]  100181.443032 vs 96893.286925 >>  3288.156107  :  414.234375  (3)
[366]    187  [37, 61]
[941]    112  [37, 56, 61]
[1011]    122  [56]
[366]    206  [10, 45, 61]
[821]    202  [10, 45]
[306]    95  [7]
[366]    186  [7, 61]
[1011]    122  [56]
[306]    98  [7, 37, 61]
[366]    192  [7, 37, 61]
[941]    110  [7, 37, 61]
[306]    161  [7, 58]
[366]    238  [7, 58, 61]

 [60] ******************************************************

 [7 , 59, 61]  86232.334477 vs 83803.898134 >>  2428.436343  :  745.250000  (3)
[306]    199  [7, 59]
[366]    278  [7, 59, 61]
[755]    268  [59]
[366]    286  [45, 59, 61]
[755]    291  [45, 59]
[788]    130  [45, 59, 61]
[722]    228  [45, 54, 59]
[755]    346  [45, 54, 59]
[788]    130  [45, 59]
[366]    309  [47, 59, 61]
[755]    358  [47, 59]
[959]    35  [47, 59]
[240]    108  [59, 60]
[366]    289  [59, 60, 61]
[755]    303  [59, 60]

 [50] ******************************************************

 [7 , 59, 61]  75162.802696 vs 73346.489739 >>  1816.312957  :  972.453125  (4)
[306]    306  [7, 59]
[366]    360  [7, 59, 61]
[722]    46  [7, 59, 61]
[755]    260  [59]
[240]    231  [59, 60]
[366]    371  [59, 60, 61]
[722]    53  [59, 60]
[755]    294  [59, 60]
[722]    98  [10, 59]
[755]    334  [10, 45, 59]
[788]    146  [45, 59]
[821]    371  [10, 45]
[240]    269  [7, 59, 60]
[306]    316  [7, 59, 60]
[722]    53  [59, 60]
[755]    294  [59, 60]
[366]    363  [10, 59, 61]
[722]    100  [10, 59, 61]
[755]    315  [10, 59]
[821]    100  [10, 59]

 [40] ******************************************************

 [7 , 59, 61]  64956.747797 vs 63542.532007 >>  1414.215790  :  1191.453125  (4)
[306]    379  [7, 59]
[366]    464  [7, 59, 61]
[722]    104  [7, 59, 61]
[755]    243  [59]
[307]    328  [25, 59]
[366]    475  [25, 59, 61]
[722]    114  [25, 59, 61]
[755]    265  [25, 59]
[240]    339  [25, 59, 60]
[307]    422  [25, 59, 60]
[722]    123  [25, 59, 60]
[755]    295  [25, 59, 60]
[307]    461  [10, 25, 59]
[722]    167  [10, 25, 59]
[755]    299  [10, 59]
[821]    232  [10, 25, 59]
[240]    288  [59, 60]
[366]    475  [59, 60, 61]
[722]    112  [59, 60]
[755]    278  [59, 60]

 [30] ******************************************************

 [10 , 45, 59]  54436.507764 vs 53528.896561 >>  907.611203  :  1861.515625  (4)
[722]    230  [10, 59]
[755]    516  [10, 45, 59]
[788]    498  [45, 59]
[821]    617  [10, 45]
[987]    8  [45]
[274]    606  [59, 61, 62]
[366]    587  [59, 61]
[722]    179  [59, 62]
[755]    442  [59]
[274]    657  [45, 59, 62]
[722]    179  [59, 62]
[755]    465  [45, 59]
[788]    498  [45, 59]
[987]    8  [45]
[366]    601  [45, 59, 61]
[722]    176  [59, 61]
[755]    465  [45, 59]
[788]    498  [45, 59, 61]
[987]    8  [45]
[274]    706  [8, 59, 62]
[690]    344  [8, 59]
[722]    180  [8, 59, 62]
[755]    506  [8, 59]