

 [80] ******************************************************

 [9 , 19, 36]  192129.397680 vs 188266.746994 >>  3862.650687  :  375.296875  (3)
[32]    147  [9, 36]
[200]    90  [9, 36]
[231]    138  [9, 19, 36]

 [70] ******************************************************

 [9 , 19, 39]  159044.609240 vs 156046.910248 >>  2997.698992  :  690.000000  (3)
[32]    243  [9]
[152]    240  [9, 19, 39]
[231]    207  [9, 19]

 [60] ******************************************************

 [9 , 54, 56]  136158.699355 vs 133559.095690 >>  2599.603666  :  1116.406250  (3)
[4]    358  [9, 54, 56]
[32]    420  [9, 54, 56]
[820]    338  [9, 54, 56]

 [50] ******************************************************

 [1 , 9, 25]  118403.661005 vs 115671.858476 >>  2731.802529  :  1339.843750  (3)
[22]    391  [1]
[32]    478  [1, 9, 25]
[842]    470  [1, 25]

 [40] ******************************************************

 [1 , 15, 25]  100180.338028 vs 97714.112849 >>  2466.225179  :  1686.812500  (4)
[22]    463  [1]
[25]    715  [1, 15, 25]
[842]    506  [1, 25]
[993]    3  [15]

 [30] ******************************************************

 [15 , 47, 54]  80083.370882 vs 77945.763571 >>  2137.607310  :  2178.015625  (3)
[4]    645  [15, 54]
[25]    720  [15]
[128]    813  [15, 47, 54]