

 [80] ******************************************************

 [4 , 6, 41]  131347.645610 vs 126728.976682 >>  4618.668928  :  64.546875  (2)
[466]    32  [4, 6, 41]
[609]    33  [4, 6, 41]

 [70] ******************************************************

 [4 , 16, 19]  109138.657973 vs 105927.430257 >>  3211.227716  :  335.031250  (2)
[466]    127  [4, 19]
[467]    208  [4, 16, 19]

 [60] ******************************************************

 [4 , 16, 19]  95498.035203 vs 92787.052880 >>  2710.982323  :  430.546875  (2)
[466]    197  [4, 19]
[467]    234  [4, 16, 19]

 [50] ******************************************************

 [4 , 16, 19]  84826.251863 vs 82639.430733 >>  2186.821130  :  572.484375  (2)
[466]    230  [4, 19]
[467]    343  [4, 16, 19]

 [40] ******************************************************

 [4 , 40, 41]  73554.422273 vs 71706.372382 >>  1848.049891  :  942.421875  (3)
[466]    488  [4, 40]
[609]    288  [4, 40, 41]
[792]    166  [4, 40, 41]

 [30] ******************************************************

 [4 , 32, 41]  62483.579989 vs 61283.523940 >>  1200.056048  :  1335.046875  (3)
[465]    304  [32]
[466]    575  [4, 32]
[609]    457  [4, 32, 41]