

 [80] ******************************************************

 [99 , 99, 99]  152718.430809 vs 149461.962712 >>  3256.468097  :  0.000000  (0)

 [70] ******************************************************

 [33 , 43, 55]  131002.014504 vs 128660.992646 >>  2341.021859  :  105.750000  (1)
[423]    106  [33, 43, 55]

 [60] ******************************************************

 [8 , 37, 41]  116495.898057 vs 114691.831503 >>  1804.066554  :  138.265625  (1)
[375]    138  [8, 37, 41]

 [50] ******************************************************

 [33 , 43, 55]  102911.142500 vs 100726.370228 >>  2184.772271  :  199.906250  (1)
[423]    200  [33, 43, 55]

 [40] ******************************************************

 [3 , 5, 58]  88822.025518 vs 86648.946636 >>  2173.078882  :  553.234375  (3)
[311]    215  [3, 5, 58]
[707]    151  [5, 58]
[740]    187  [5, 58]

 [30] ******************************************************

 [5 , 7, 58]  72878.288091 vs 71119.367943 >>  1758.920148  :  1424.093750  (5)
[674]    57  [5, 7, 58]
[678]    112  [5, 7]
[707]    328  [5, 7, 58]
[740]    553  [5, 7, 58]
[805]    374  [5, 7, 58]