 [ 40 ] 10.593750
 [ 42 ] 10.843750
 [ 44 ] 3.093750
 [ 74 ] 6.921875
 [ 83 ] 6.703125
 [ 91 ] 10.312500
 [ 102 ] 28.781250
 [ 109 ] 5.265625
 [ 110 ] 6.531250
 [ 111 ] 9.828125
 [ 124 ] 6.109375
 [ 133 ] 4.156250
 [ 150 ] 5.812500
 [ 151 ] 7.953125
 [ 152 ] 11.968750
 [ 153 ] 5.546875
 [ 158 ] 7.859375
 [ 178 ] 19.031250
 [ 182 ] 6.406250
 [ 183 ] 10.343750
 [ 190 ] 3.609375
 [ 195 ] 6.968750
 [ 197 ] 5.500000
 [ 198 ] 5.687500
 [ 199 ] 6.578125
 [ 200 ] 4.828125
 [ 201 ] 9.484375
 [ 208 ] 8.406250
 [ 213 ] 10.000000
 [ 215 ] 7.421875
 [ 217 ] 6.484375
 [ 221 ] 10.078125
 [ 226 ] 8.921875
 [ 227 ] 10.390625
 [ 240 ] 9.921875
 [ 241 ] 15.078125
 [ 244 ] 15.500000
 [ 245 ] 11.171875
 [ 252 ] 6.734375
 [ 262 ] 7.515625
 [ 266 ] 6.609375
 [ 269 ] 7.953125
 [ 276 ] 5.484375
 [ 277 ] 6.265625
 [ 295 ] 11.281250
 [ 298 ] 7.593750
 [ 302 ] 5.406250
 [ 303 ] 5.546875
 [ 305 ] 3.531250
 [ 306 ] 7.062500
 [ 309 ] 7.343750
 [ 312 ] 11.296875
 [ 324 ] 6.390625
 [ 329 ] 6.093750
 [ 330 ] 7.062500
 [ 331 ] 2.703125
 [ 332 ] 11.312500
 [ 336 ] 15.187500
 [ 337 ] 10.968750
 [ 339 ] 8.125000
 [ 341 ] 7.031250
 [ 343 ] 2.906250
 [ 347 ] 4.796875
 [ 360 ] 4.578125
 [ 367 ] 6.812500
 [ 381 ] 4.531250
 [ 382 ] 3.609375
 [ 386 ] 4.984375
 [ 394 ] 6.015625
 [ 395 ] 8.468750
 [ 400 ] 7.265625
 [ 402 ] 9.265625
 [ 418 ] 10.640625
 [ 447 ] 40.968750
 [ 454 ] 10.343750
 [ 459 ] 14.390625
 [ 460 ] 59.265625
 [ 538 ] 9.875000
 [ 543 ] 21.390625
 [ 572 ] 4.421875
 [ 598 ] 6.046875
 [ 600 ] 7.187500
 [ 705 ] 6.781250
 [ 772 ] 5.453125
 [ 801 ] 6.125000
 [ 807 ] 18.343750
 [ 861 ] 31.656250
 [ 872 ] 5.375000
 [ 874 ] 10.531250
 [ 876 ] 3.125000
 [ 894 ] 3.875000
 [ 904 ] 3.281250
 [ 905 ] 12.015625
 [ 936 ] 5.031250
 [ 937 ] 4.968750
 [ 969 ] 16.171875
 [ 971 ] 10.140625
 [ 975 ] 3.843750
 [ 1005 ] 109.171875
 [ 1007 ] 6.125000