basis_ent0 = 0.003705
 [10 , 28, 63]  0.003705 + 0.001255 <  0.010801  :  28.156250  (10)
 [10 , 62, 63]  0.003705 + 0.001351 <  0.010801  :  27.000000  (13)
 [10 , 28, 43]  0.003705 + 0.001138 <  0.010801  :  26.515625  (10)
 [10 , 28, 46]  0.003705 + 0.001067 <  0.010801  :  26.515625  (8)
 [10 , 46, 63]  0.003705 + 0.001229 <  0.010801  :  25.078125  (10)
 [9 , 10, 63]  0.003705 + 0.001372 <  0.010801  :  24.890625  (11)
 [10 , 37, 63]  0.003705 + 0.001296 <  0.010801  :  24.875000  (10)
 [10 , 43, 63]  0.003705 + 0.001419 <  0.010801  :  24.687500  (12)
 [10 , 12, 63]  0.003705 + 0.001533 <  0.010801  :  24.500000  (14)
 [10 , 39, 63]  0.003705 + 0.001118 <  0.010801  :  24.484375  (11)

 [10 , 63, 99]  0.003705 + 0.000860 <  0.007201  :  19.218750  (7)
 [10 , 43, 99]  0.003705 + 0.000759 <  0.007201  :  17.312500  (7)
 [10 , 46, 99]  0.003705 + 0.000584 <  0.007201  :  16.140625  (4)
 [10 , 34, 99]  0.003705 + 0.000835 <  0.007201  :  15.625000  (7)
 [2 , 10, 99]  0.003705 + 0.000897 <  0.007201  :  15.593750  (9)
 [10 , 29, 99]  0.003705 + 0.000755 <  0.007201  :  15.484375  (7)
 [10 , 30, 99]  0.003705 + 0.000797 <  0.007201  :  15.453125  (7)
 [9 , 10, 99]  0.003705 + 0.000811 <  0.007201  :  14.968750  (6)
 [10 , 23, 99]  0.003705 + 0.000702 <  0.007201  :  14.781250  (5)
 [10 , 51, 99]  0.003705 + 0.000778 <  0.007201  :  14.734375  (8)

 [63 , 99, 99]  0.003705 + 0.000304 >>  0.003600  :  5.375000  (2)
 [62 , 99, 99]  0.003705 + 0.000528 <  0.003600  :  5.187500  (5)
 [37 , 99, 99]  0.003705 + 0.000322 <  0.003600  :  5.031250  (2)
 [10 , 99, 99]  0.003705 + 0.000244 <  0.003600  :  4.687500  (2)
 [46 , 99, 99]  0.003705 + 0.000373 <  0.003600  :  4.625000  (2)
 [45 , 99, 99]  0.003705 + 0.000320 <  0.003600  :  4.375000  (2)
 [43 , 99, 99]  0.003705 + 0.000436 <  0.003600  :  3.984375  (4)
 [39 , 99, 99]  0.003705 + 0.000494 <  0.003600  :  3.906250  (4)
 [23 , 99, 99]  0.003705 + 0.000380 <  0.003600  :  3.578125  (2)
 [12 , 99, 99]  0.003705 + 0.000565 <  0.003600  :  3.468750  (5)
63, 99, 99