

 [80] ******************************************************

 [5 , 26, 41]  131347.645610 vs 127032.373924 >>  4315.271685  :  23.250000  (4)
[7]    6  [26, 41]
[8]    2  [5, 26, 41]
[10]    9  [5, 26, 41]
[11]    7  [5, 41]

 [70] ******************************************************

 [11 , 15, 32]  109138.657973 vs 106069.877945 >>  3068.780028  :  82.734375  (2)
[466]    78  [11, 15, 32]
[1007]    4  [11, 15, 32]

 [60] ******************************************************

 [6 , 15, 41]  95498.035203 vs 92805.491591 >>  2692.543613  :  445.453125  (28)
[3]    7  [6, 41]
[4]    35  [6, 41]
[5]    25  [6, 41]
[6]    9  [41]
[7]    52  [6, 41]
[8]    43  [6, 41]
[9]    7  [6, 41]
[10]    35  [41]
[11]    46  [41]
[19]    10  [6, 41]
[993]    3  [6, 15]
[994]    14  [6, 15, 41]
[995]    15  [6, 15, 41]
[996]    23  [6, 15, 41]
[997]    1  [6, 15, 41]
[998]    17  [6, 15, 41]
[999]    4  [6, 15, 41]
[1000]    9  [6, 15, 41]
[1001]    3  [6, 15, 41]
[1004]    3  [6, 15, 41]
[1005]    4  [6, 15]
[1006]    15  [6, 15, 41]
[1007]    16  [6, 15, 41]
[1008]    4  [6, 15, 41]
[1009]    19  [6, 15]
[1010]    15  [6, 15]
[1012]    12  [6, 15, 41]
[1013]    2  [6, 15, 41]

 [50] ******************************************************

 [6 , 15, 41]  84826.251863 vs 82801.373332 >>  2024.878531  :  730.531250  (29)
[2]    34  [41]
[3]    42  [6, 41]
[4]    67  [6, 41]
[5]    56  [6, 41]
[6]    38  [41]
[7]    53  [6, 41]
[8]    46  [6, 41]
[9]    32  [6, 41]
[10]    45  [41]
[11]    51  [41]
[19]    5  [6, 41]
[993]    5  [6, 15]
[994]    20  [6, 15, 41]
[995]    21  [6, 15, 41]
[996]    27  [6, 15, 41]
[997]    13  [6, 15, 41]
[998]    21  [6, 15, 41]
[999]    12  [6, 15, 41]
[1000]    10  [6, 15, 41]
[1001]    13  [6, 15, 41]
[1004]    17  [6, 15, 41]
[1005]    5  [6, 15]
[1006]    16  [6, 15, 41]
[1007]    13  [6, 15, 41]
[1008]    5  [6, 15, 41]
[1009]    20  [6, 15]
[1010]    19  [6, 15]
[1011]    4  [6, 15, 41]
[1012]    21  [6, 15, 41]

 [40] ******************************************************

 [11 , 15, 41]  73554.422273 vs 71868.471445 >>  1685.950829  :  1043.078125  (25)
[2]    43  [11, 41]
[3]    39  [41]
[4]    57  [11, 41]
[5]    55  [41]
[6]    67  [11, 41]
[7]    64  [11, 41]
[8]    56  [11, 41]
[9]    53  [11, 41]
[10]    55  [41]
[11]    50  [41]
[19]    9  [11, 41]
[466]    365  [11, 15, 41]
[522]    9  [15, 41]
[994]    9  [15, 41]
[995]    11  [15, 41]
[997]    11  [15, 41]
[1000]    7  [11, 15, 41]
[1004]    14  [11, 15, 41]
[1005]    11  [11, 15, 41]
[1006]    16  [11, 15, 41]
[1007]    16  [11, 15, 41]
[1008]    3  [11, 15, 41]
[1009]    9  [15]
[1010]    1  [15, 41]
[1012]    14  [11, 15, 41]

 [30] ******************************************************

 [11 , 15, 41]  62483.579989 vs 61573.357474 >>  910.222515  :  1446.671875  (31)
[2]    51  [11, 41]
[3]    51  [41]
[4]    48  [11, 41]
[5]    46  [41]
[6]    86  [11, 41]
[7]    70  [11, 41]
[8]    53  [11, 41]
[9]    49  [11, 41]
[10]    47  [41]
[11]    52  [41]
[19]    36  [11, 41]
[62]    1  [41]
[466]    448  [11, 15, 41]
[522]    4  [15, 41]
[746]    1  [11]
[782]    5  [41]
[994]    5  [15, 41]
[997]    14  [15, 41]
[1000]    48  [11, 15, 41]
[1003]    11  [11, 15, 41]
[1004]    28  [11, 15, 41]
[1005]    31  [11, 15, 41]
[1006]    42  [11, 15, 41]
[1007]    44  [11, 15, 41]
[1008]    29  [11, 15, 41]
[1009]    36  [15]
[1011]    9  [11, 15]
[1012]    50  [11, 15, 41]
[1013]    18  [15]
[1014]    23  [11, 15]
[1021]    12  [15]