
 now Q is 30

 now outputing  - - - -> end


basis_ent0 = 0.010908
 [1 , 23, 45]  0.010908 + 0.001081 <  0.012727  :  1113.687500  (4)
 [0 , 29, 47]  0.010908 + 0.001216 <  0.012727  :  959.250000  (5)
 [0 , 29, 38]  0.010908 + 0.001276 <  0.012727  :  884.218750  (4)
 [1 , 20, 45]  0.010908 + 0.001185 <  0.012727  :  643.406250  (6)
 [1 , 39, 45]  0.010908 + 0.000637 <  0.012727  :  643.125000  (4)
 [1 , 45, 58]  0.010908 + 0.001366 <  0.012727  :  622.390625  (13)
 [0 , 9, 29]  0.010908 + 0.001062 <  0.012727  :  621.484375  (6)
 [8 , 23, 45]  0.010908 + 0.001313 <  0.012727  :  619.015625  (7)
 [1 , 11, 45]  0.010908 + 0.000790 <  0.012727  :  616.734375  (5)
 [1 , 22, 45]  0.010908 + 0.000930 <  0.012727  :  609.546875  (5)

 [1 , 45, 99]  0.010908 + 0.000671 >>  0.008485  :  568.703125  (3)
 [23 , 45, 99]  0.010908 + 0.000493 <  0.008485  :  523.296875  (2)
 [0 , 29, 99]  0.010908 + 0.001006 <  0.008485  :  424.421875  (4)
 [0 , 38, 99]  0.010908 + 0.000414 <  0.008485  :  396.281250  (2)
 [0 , 47, 99]  0.010908 + 0.000430 <  0.008485  :  361.562500  (3)
 [37 , 56, 99]  0.010908 + 0.000184 <  0.008485  :  297.281250  (2)
 [27 , 39, 99]  0.010908 + 0.000853 <  0.008485  :  202.015625  (7)
 [22 , 30, 99]  0.010908 + 0.000315 <  0.008485  :  181.578125  (4)
 [24 , 46, 99]  0.010908 + 0.000136 <  0.008485  :  179.859375  (5)
 [10 , 15, 99]  0.010908 + 0.000187 <  0.008485  :  176.937500  (3)

 [39 , 99, 99]  0.010908 + 0.000105 <  0.004242  :  73.625000  (1)
 [58 , 99, 99]  0.010908 + 0.000763 <  0.004242  :  52.859375  (10)
 [15 , 99, 99]  0.010908 + 0.000037 <  0.004242  :  37.828125  (2)
 [16 , 99, 99]  0.010908 + 0.000311 <  0.004242  :  27.406250  (4)
 [5 , 99, 99]  0.010908 + 0.000226 <  0.004242  :  25.015625  (5)
 [33 , 99, 99]  0.010908 + 0.000012 <  0.004242  :  22.937500  (1)
 [49 , 99, 99]  0.010908 + 0.000206 <  0.004242  :  22.765625  (3)
 [21 , 99, 99]  0.010908 + 0.000021 <  0.004242  :  22.062500  (1)
 [27 , 99, 99]  0.010908 + 0.000195 <  0.004242  :  20.609375  (5)
 [8 , 99, 99]  0.010908 + 0.000372 <  0.004242  :  19.218750  (5)
1, 45, 99