

 [80] ******************************************************

 [45 , 60, 62]  152718.430809 vs 149271.987073 >>  3446.443735  :  135.875000  (3)
[709]    40  [45, 60]
[740]    61  [45, 60, 62]
[932]    34  [60, 62]

 [70] ******************************************************

 [12 , 60, 62]  131002.014504 vs 128359.801438 >>  2642.213067  :  368.531250  (3)
[517]    111  [12, 60, 62]
[740]    177  [60, 62]
[932]    87  [60, 62]

 [60] ******************************************************

 [52 , 60, 62]  116495.898057 vs 114375.338584 >>  2120.559473  :  545.375000  (3)
[740]    208  [52, 60, 62]
[771]    171  [52, 60, 62]
[932]    166  [52, 60, 62]

 [50] ******************************************************

 [12 , 49, 62]  102911.142500 vs 100499.340366 >>  2411.802134  :  617.609375  (3)
[340]    241  [12, 49]
[517]    203  [12, 49, 62]
[740]    173  [62]

 [40] ******************************************************

 [52 , 60, 62]  88822.025518 vs 86659.165408 >>  2162.860109  :  1188.437500  (3)
[740]    495  [52, 60, 62]
[771]    373  [52, 60, 62]
[932]    320  [52, 60, 62]

 [30] ******************************************************

 [25 , 52, 62]  72878.288091 vs 71167.879603 >>  1710.408488  :  2013.390625  (6)
[673]    436  [25, 52]
[678]    10  [25, 52, 62]
[740]    737  [25, 52, 62]
[771]    563  [25, 52, 62]
[800]    5  [62]
[931]    263  [25, 52]