

 [80] ******************************************************

 [3 , 10, 33]  152718.430809 vs 149415.116547 >>  3303.314261  :  63.921875  (2)
[437]    33  [3, 10, 33]
[750]    30  [3, 10, 33]
[437]    31  [10, 31, 33]
[750]    27  [10, 31, 33]
[403]    12  [10, 33, 38]
[437]    24  [10, 33]
[750]    21  [10, 33, 38]
[403]    23  [10, 38, 60]
[437]    33  [10, 60]
[437]    24  [10, 33]
[750]    29  [10, 33, 42]

 [70] ******************************************************

 [10 , 33, 50]  131002.014504 vs 128299.516129 >>  2702.498375  :  200.531250  (3)
[437]    36  [10, 33]
[740]    107  [33, 50]
[750]    59  [10, 33, 50]
[403]    42  [38, 50]
[740]    107  [33, 50]
[750]    50  [33, 38, 50]
[403]    45  [10, 38, 50]
[437]    36  [10]
[740]    105  [50]
[371]    37  [38, 43, 50]
[403]    42  [38, 50]
[740]    105  [50]
[371]    36  [33, 43]
[740]    107  [33, 50]
[750]    40  [33, 43, 50]

 [60] ******************************************************

 [6 , 42, 56]  116495.898057 vs 114470.407038 >>  2025.491019  :  490.109375  (3)
[375]    111  [6, 42, 56]
[771]    235  [6, 42, 56]
[837]    144  [6, 42, 56]
[375]    97  [6, 10]
[437]    90  [10]
[771]    215  [6, 10, 56]
[375]    91  [6, 45]
[404]    137  [6, 45, 56]
[771]    160  [6, 45, 56]
[437]    90  [10]
[738]    89  [8]
[771]    193  [8, 10, 56]
[375]    75  [6, 56]
[738]    89  [8]
[771]    203  [6, 8, 56]

 [50] ******************************************************

 [6 , 42, 56]  102911.142500 vs 100536.452491 >>  2374.690009  :  680.609375  (3)
[375]    154  [6, 42, 56]
[771]    263  [6, 42, 56]
[837]    264  [6, 42, 56]
[740]    142  [33, 50]
[750]    165  [33, 50, 63]
[804]    295  [33, 50, 63]
[375]    126  [6, 33, 42]
[750]    179  [6, 33, 42]
[837]    242  [6, 42]
[375]    137  [6, 42, 45]
[404]    149  [6, 45]
[837]    242  [6, 42]
[343]    125  [50, 54, 63]
[740]    140  [50]
[804]    248  [50, 63]

 [40] ******************************************************

 [6 , 42, 56]  88822.025518 vs 86722.946155 >>  2099.079363  :  1048.312500  (4)
[375]    224  [6, 42, 56]
[581]    1  [42, 56]
[771]    438  [6, 42, 56]
[837]    386  [6, 42, 56]
[375]    196  [6, 42]
[581]    0  [42, 50]
[740]    424  [50]
[837]    368  [6, 42, 50]
[581]    1  [50, 56]
[740]    424  [50]
[771]    274  [42, 56]
[837]    264  [42, 50, 56]
[581]    0  [42, 50]
[738]    196  [8, 42]
[740]    424  [50]
[837]    266  [8, 42, 50]
[581]    3  [50, 63]
[740]    424  [46, 50]
[804]    255  [46, 50, 63]
[808]    206  [46, 50, 63]

 [30] ******************************************************

 [42 , 50, 56]  72878.288091 vs 71113.950297 >>  1764.337793  :  1602.765625  (4)
[678]    4  [42, 50, 56]
[740]    685  [50]
[771]    540  [42, 56]
[837]    374  [42, 50, 56]
[340]    135  [7, 36]
[673]    196  [7, 36]
[674]    83  [7, 36]
[678]    194  [7, 36]
[740]    685  [50]
[933]    310  [7, 36]
[340]    139  [8, 36]
[673]    63  [36]
[678]    328  [8, 36, 50]
[738]    286  [8]
[740]    685  [50]
[340]    108  [36]
[673]    70  [36, 63]
[678]    152  [36]
[740]    685  [50]
[804]    454  [36, 50, 63]
[673]    52  [7]
[674]    74  [7]
[740]    685  [50]
[837]    342  [42, 50]
[933]    311  [7, 42]