

 [80] ******************************************************

 [12 , 37, 38]  121891.745328 vs 117209.681606 >>  4682.063722  :  157.078125  (2)
 [978]    83.312500 (1)
 [1022]    73.765625 (3)

 [70] ******************************************************

 [11 , 31, 47]  100181.443032 vs 97112.504279 >>  3068.938753  :  258.375000  (2)
 [722]    166.250000 (3)
 [989]    92.125000 (1)

 [60] ******************************************************

 [11 , 17, 31]  86232.334477 vs 84005.328684 >>  2227.005793  :  433.921875  (4)
 [722]    301.843750 (3)
 [756]    118.109375 (3)
 [944]    1.984375 (3)
 [946]    11.984375 (3)

 [50] ******************************************************

 [11 , 17, 31]  75162.802696 vs 73699.151392 >>  1463.651304  :  674.656250  (4)
 [722]    386.046875 (3)
 [756]    248.234375 (3)
 [944]    29.656250 (2)
 [946]    10.718750 (3)

 [40] ******************************************************

 [11 , 17, 31]  64956.747797 vs 63942.619458 >>  1014.128339  :  798.671875  (8)
 [536]    0.890625 (1)
 [722]    444.328125 (3)
 [756]    259.843750 (3)
 [777]    1.703125 (1)
 [794]    4.421875 (1)
 [944]    50.203125 (2)
 [946]    27.125000 (3)
 [987]    10.953125 (2)

 [30] ******************************************************

 [11 , 15, 31]  54436.507764 vs 53857.690964 >>  578.816800  :  999.781250  (17)
 [299]    9.687500 (1)
 [555]    1.734375 (1)
 [568]    6.515625 (1)
 [660]    380.015625 (2)
 [705]    3.359375 (1)
 [722]    434.781250 (3)
 [745]    6.093750 (1)
 [777]    2.359375 (1)
 [800]    4.265625 (1)
 [802]    2.640625 (1)
 [803]    1.828125 (2)
 [809]    0.750000 (1)
 [838]    2.484375 (1)
 [865]    0.640625 (1)
 [944]    63.546875 (2)
 [946]    49.515625 (1)
 [953]    9.062500 (2)
 [987]    28.750000 (1)