

 [80] ******************************************************

 [16 , 41, 53]  121891.745328 vs 117124.079721 >>  4767.665607  :  150.640625  (2)
 [755]    106.562500 (3)
 [989]    44.078125 (2)

 [70] ******************************************************

 [16 , 41, 53]  100181.443032 vs 96898.513643 >>  3282.929389  :  265.562500  (3)
 [722]    82.062500 (1)
 [755]    85.140625 (3)
 [989]    98.359375 (2)

 [60] ******************************************************

 [16 , 41, 53]  86232.334477 vs 83978.174621 >>  2254.159855  :  726.093750  (3)
 [722]    191.687500 (1)
 [755]    393.265625 (3)
 [989]    141.140625 (2)

 [50] ******************************************************

 [16 , 41, 53]  75162.802696 vs 73659.551121 >>  1503.251575  :  812.343750  (3)
 [722]    275.890625 (1)
 [755]    384.671875 (3)
 [989]    151.781250 (2)

 [40] ******************************************************

 [16 , 41, 53]  64956.747797 vs 63861.953857 >>  1094.793940  :  866.625000  (6)
 [536]    1.234375 (1)
 [722]    334.171875 (1)
 [755]    367.890625 (3)
 [777]    1.781250 (1)
 [794]    5.218750 (1)
 [989]    158.031250 (2)

 [30] ******************************************************

 [6 , 16, 49]  54436.507764 vs 53579.531159 >>  856.976605  :  1286.000000  (13)
 [299]    9.625000 (1)
 [524]    13.031250 (2)
 [568]    5.984375 (1)
 [705]    1.718750 (1)
 [722]    415.656250 (2)
 [723]    442.984375 (2)
 [745]    5.515625 (1)
 [755]    278.000000 (3)
 [756]    106.984375 (2)
 [777]    1.484375 (1)
 [800]    3.500000 (1)
 [801]    0.234375 (1)
 [803]    5.078125 (2)
 [809]    0.437500 (1)
 [946]    7.953125 (1)