

 [80] ******************************************************

 [38 , 41, 44]  121891.745328 vs 117153.001375 >>  4738.743953  :  233.375000  (2)
 [755]    137.312500 (2)
 [978]    97.000000 (3)

 [70] ******************************************************

 [12 , 41, 44]  100181.443032 vs 96812.583129 >>  3368.859903  :  455.937500  (3)
 [722]    176.546875 (2)
 [755]    115.890625 (2)
 [788]    173.234375 (3)

 [60] ******************************************************

 [12 , 41, 44]  86232.334477 vs 83904.926324 >>  2327.408152  :  998.578125  (3)
 [722]    286.171875 (2)
 [755]    424.015625 (2)
 [788]    298.125000 (3)

 [50] ******************************************************

 [12 , 41, 44]  75162.802696 vs 73569.810342 >>  1592.992354  :  1090.359375  (3)
 [722]    370.375000 (2)
 [755]    415.421875 (2)
 [788]    314.296875 (3)

 [40] ******************************************************

 [12 , 41, 44]  64956.747797 vs 63742.823204 >>  1213.924592  :  1113.500000  (5)
 [536]    0.875000 (1)
 [555]    0.484375 (2)
 [722]    428.656250 (2)
 [755]    398.640625 (2)
 [788]    291.531250 (3)
 [794]    3.531250 (1)

 [30] ******************************************************

 [12 , 41, 44]  54436.507764 vs 53543.561299 >>  892.946465  :  1865.750000  (10)
 [299]    9.875000 (1)
 [555]    0.562500 (1)
 [568]    4.953125 (1)
 [705]    1.093750 (1)
 [722]    502.687500 (2)
 [755]    597.640625 (2)
 [788]    666.171875 (3)
 [800]    3.031250 (1)
 [821]    83.921875 (3)
 [946]    5.546875 (1)