
 now Q is 40

basis_ent0 = 0.008997
 [10 , 21, 61]  0.008997 + 0.005996 <  0.015930  :  691.921875  (58)
 [10 , 52, 61]  0.008997 + 0.006029 <  0.015930  :  660.859375  (54)
 [10 , 14, 61]  0.008997 + 0.005686 <  0.015930  :  648.031250  (53)
 [3 , 10, 61]  0.008997 + 0.005669 <  0.015930  :  638.796875  (54)
 [10 , 21, 24]  0.008997 + 0.003780 <  0.015930  :  630.843750  (40)
 [10 , 21, 52]  0.008997 + 0.002771 <  0.015930  :  626.156250  (25)
 [10 , 21, 63]  0.008997 + 0.002712 <  0.015930  :  626.140625  (23)
 [0 , 10, 61]  0.008997 + 0.006078 <  0.015930  :  621.875000  (55)
 [3 , 10, 21]  0.008997 + 0.002730 <  0.015930  :  616.640625  (27)
 [10 , 20, 61]  0.008997 + 0.005573 <  0.015930  :  614.578125  (54)

 [10 , 21, 99]  0.008997 + 0.003703 >>  0.010620  :  476.921875  (28)
 [10 , 52, 99]  0.008997 + 0.003749 <  0.010620  :  442.703125  (21)
 [10 , 63, 99]  0.008997 + 0.003689 <  0.010620  :  434.234375  (20)
 [10 , 14, 99]  0.008997 + 0.004114 <  0.010620  :  432.093750  (23)
 [3 , 10, 99]  0.008997 + 0.003716 <  0.010620  :  427.093750  (22)
 [10 , 61, 99]  0.008997 + 0.006671 <  0.010620  :  420.703125  (51)
 [0 , 10, 99]  0.008997 + 0.003749 <  0.010620  :  420.328125  (24)
 [10 , 53, 99]  0.008997 + 0.003527 <  0.010620  :  407.796875  (28)
 [10 , 24, 99]  0.008997 + 0.004939 <  0.010620  :  401.843750  (37)
 [10 , 20, 99]  0.008997 + 0.003934 <  0.010620  :  388.234375  (26)

 [10 , 99, 99]  0.008997 + 0.003834 <  0.005310  :  222.437500  (18)
 [61 , 99, 99]  0.008997 + 0.001970 <  0.005310  :  105.500000  (35)
 [24 , 99, 99]  0.008997 + 0.000852 <  0.005310  :  55.312500  (21)
 [42 , 99, 99]  0.008997 + 0.000631 <  0.005310  :  42.828125  (13)
 [51 , 99, 99]  0.008997 + 0.000496 <  0.005310  :  24.593750  (15)
 [53 , 99, 99]  0.008997 + 0.000163 <  0.005310  :  23.906250  (10)
 [13 , 99, 99]  0.008997 + 0.000266 <  0.005310  :  19.421875  (13)
 [40 , 99, 99]  0.008997 + 0.000308 <  0.005310  :  18.468750  (12)
 [39 , 99, 99]  0.008997 + 0.000130 <  0.005310  :  17.796875  (7)
 [21 , 99, 99]  0.008997 + 0.000236 <  0.005310  :  13.812500  (11)
10, 21, 99