

 [80] ******************************************************

 [16 , 30, 49]  131347.645610 vs 127178.011983 >>  4169.633627  :  74.343750  (1)
[422]    74  [16, 30, 49]

 [70] ******************************************************

 [39 , 51, 63]  109138.657973 vs 105911.069775 >>  3227.588198  :  276.640625  (2)
[467]    204  [39, 63]
[592]    73  [39, 51, 63]

 [60] ******************************************************

 [26 , 39, 63]  95498.035203 vs 92708.193727 >>  2789.841476  :  347.093750  (2)
[466]    143  [26, 39]
[467]    229  [39, 63]

 [50] ******************************************************

 [26 , 39, 63]  84826.251863 vs 82560.546484 >>  2265.705380  :  489.031250  (2)
[466]    176  [26, 39]
[467]    338  [39, 63]

 [40] ******************************************************

 [26 , 39, 63]  73554.422273 vs 71750.487276 >>  1803.934997  :  804.781250  (2)
[466]    430  [26, 39]
[467]    400  [39, 63]

 [30] ******************************************************

 [4 , 26, 63]  62483.579989 vs 61260.010413 >>  1223.569575  :  933.609375  (3)
[466]    438  [4, 26]
[467]    331  [4, 63]
[910]    165  [4]