

 [80] ******************************************************

 [1 , 38, 54]  192129.397680 vs 188798.407675 >>  3330.990005  :  2.750000  (1)
[845]    3  [1, 38, 54]
[845]    3  [22, 38, 53]
[832]    2  [5, 14, 23]
[845]    2  [38, 53, 54]
[845]    2  [1, 22, 34]

 [70] ******************************************************

 [18 , 25, 57]  159044.609240 vs 156594.815724 >>  2449.793516  :  19.453125  (5)
[299]    2  [57]
[430]    2  [25, 57]
[462]    1  [18, 25]
[746]    2  [18, 25]
[866]    12  [18, 25, 57]
[299]    2  [57]
[430]    2  [25, 57]
[462]    0  [5, 25]
[494]    0  [5]
[746]    0  [25]
[832]    3  [5, 25]
[866]    10  [5, 25, 57]
[299]    2  [57]
[430]    2  [25, 57]
[462]    2  [25, 33]
[746]    2  [25, 33]
[866]    8  [25, 57]
[299]    2  [57]
[430]    2  [25, 57]
[462]    2  [25, 49]
[746]    2  [25, 49]
[866]    8  [25, 57]
[299]    1  [25]
[462]    2  [46]
[746]    2  [18, 25]
[866]    10  [18, 25, 46]

 [60] ******************************************************

 [0 , 29, 47]  136158.699355 vs 133988.012524 >>  2170.686831  :  31.562500  (3)
[299]    1  [47]
[654]    0  [0, 47]
[720]    2  [29]
[840]    30  [0, 29, 47]
[299]    2  [57]
[398]    3  [25, 57]
[430]    1  [25, 57]
[574]    8  [17, 25, 57]
[654]    1  [17, 25]
[685]    1  [17, 57]
[746]    0  [17]
[819]    0  [57]
[866]    17  [25, 57]
[299]    2  [57]
[398]    3  [25, 57]
[430]    1  [25, 57]
[494]    0  [5]
[654]    0  [25]
[688]    2  [5]
[746]    0  [25]
[819]    0  [57]
[832]    7  [5, 25]
[866]    17  [25, 57]
[28]    25  [0, 14, 42]
[299]    1  [14]
[494]    1  [14]
[654]    1  [14]
[832]    2  [0, 14, 42]
[299]    1  [25]
[342]    4  [5, 43]
[494]    0  [5]
[654]    4  [25, 43]
[688]    2  [5]
[720]    1  [43]
[746]    0  [25]
[832]    7  [5, 25, 43]
[866]    11  [25]

 [50] ******************************************************

 [0 , 29, 47]  118403.661005 vs 116098.372239 >>  2305.288767  :  109.578125  (6)
[342]    2  [0]
[494]    1  [0]
[687]    3  [0, 47]
[720]    4  [29]
[817]    0  [0]
[840]    101  [0, 29, 47]
[8]    77  [0, 12, 61]
[342]    2  [0]
[494]    1  [0]
[656]    1  [0, 61]
[687]    1  [61]
[817]    5  [12]
[8]    53  [0, 19, 61]
[342]    2  [0]
[494]    1  [0]
[656]    1  [0, 61]
[687]    3  [19, 61]
[811]    5  [19]
[817]    1  [61]
[176]    44  [18, 24, 55]
[342]    2  [55]
[494]    1  [18]
[526]    4  [24, 55]
[656]    1  [18]
[687]    5  [18, 24]
[817]    2  [18]
[1013]    3  [18, 24]
[8]    48  [0, 26, 61]
[342]    3  [26]
[494]    1  [26]
[656]    1  [0, 61]
[687]    1  [61]
[720]    0  [26]
[817]    2  [26]

 [40] ******************************************************

 [12 , 35, 57]  100180.338028 vs 98443.153662 >>  1737.184367  :  170.671875  (23)
[339]    3  [35, 57]
[340]    4  [57]
[342]    4  [35]
[371]    2  [57]
[373]    1  [12, 57]
[398]    8  [57]
[430]    9  [57]
[434]    2  [57]
[436]    6  [57]
[526]    2  [57]
[590]    5  [12, 57]
[639]    3  [12, 35]
[744]    89  [12, 35, 57]
[800]    3  [12, 57]
[812]    1  [35]
[816]    0  [12, 35]
[831]    2  [35, 57]
[847]    5  [57]
[864]    2  [12]
[866]    11  [57]
[924]    2  [12]
[993]    4  [57]
[1003]    2  [35]
[25]    28  [19, 23, 56]
[76]    10  [56]
[199]    71  [19, 23, 56]
[340]    3  [56]
[342]    4  [56]
[430]    2  [19]
[436]    11  [56]
[526]    3  [23]
[590]    2  [19]
[687]    3  [56]
[811]    9  [19]
[831]    1  [23, 56]
[847]    6  [19]
[866]    4  [56]
[897]    7  [19, 56]
[924]    3  [19]
[1003]    0  [19, 56]
[8]    124  [0, 12, 61]
[340]    4  [12]
[342]    3  [0]
[371]    2  [61]
[430]    2  [61]
[436]    5  [61]
[526]    2  [61]
[575]    1  [61]
[687]    0  [61]
[778]    1  [0]
[832]    2  [61]
[847]    3  [61]
[864]    2  [12]
[866]    5  [61]
[924]    2  [12]
[993]    7  [0]
[8]    101  [0, 19, 61]
[340]    3  [61]
[342]    3  [0]
[371]    2  [61]
[430]    2  [61]
[436]    5  [61]
[526]    2  [61]
[575]    1  [61]
[590]    2  [19]
[640]    0  [0, 19]
[687]    1  [19]
[778]    1  [0]
[811]    9  [19]
[832]    2  [61]
[847]    6  [19]
[864]    2  [61]
[866]    5  [61]
[897]    10  [0, 19]
[924]    3  [19]
[993]    7  [0]
[1003]    0  [0, 19]
[340]    4  [12]
[342]    4  [13]
[430]    2  [13]
[436]    4  [12]
[526]    3  [13]
[590]    0  [13]
[639]    3  [12, 35]
[744]    126  [12, 13, 35]
[812]    1  [35]
[816]    0  [12, 35]
[831]    1  [13, 35]
[832]    0  [13]
[847]    4  [13]
[864]    2  [12]
[866]    5  [35]
[924]    2  [12]
[1003]    2  [13, 35]

 [30] ******************************************************

 [12 , 35, 45]  80083.370882 vs 78380.836940 >>  1702.533941  :  306.250000  (15)
[2]    142  [12, 35, 45]
[76]    2  [12]
[304]    5  [35]
[396]    2  [12]
[403]    6  [35]
[405]    4  [35]
[433]    3  [35]
[434]    2  [12]
[523]    3  [12, 45]
[590]    0  [12]
[609]    4  [45]
[639]    1  [35]
[703]    7  [35, 45]
[736]    2  [12]
[744]    127  [12, 35, 45]
[831]    9  [35]
[1010]    8  [35]
[25]    125  [19, 23, 56]
[76]    16  [56]
[199]    107  [19, 23, 56]
[304]    7  [23]
[339]    1  [56]
[396]    0  [23]
[403]    2  [23]
[405]    4  [56]
[433]    2  [56]
[434]    3  [23]
[523]    2  [23, 56]
[590]    3  [19]
[609]    3  [19]
[811]    6  [19]
[831]    12  [23]
[844]    4  [56]
[895]    7  [19]
[897]    7  [19, 56]
[992]    0  [56]
[2]    167  [45, 53]
[76]    3  [53]
[199]    89  [23, 45, 53]
[304]    7  [23]
[396]    0  [23]
[403]    5  [53]
[405]    3  [45]
[434]    3  [23]
[523]    4  [23, 45]
[590]    0  [45]
[609]    4  [45]
[736]    0  [53]
[831]    12  [23]
[970]    5  [53]
[2]    106  [45]
[25]    112  [19, 45, 56]
[76]    16  [56]
[304]    3  [19]
[339]    1  [45, 56]
[396]    0  [56]
[403]    4  [45]
[405]    4  [56]
[433]    2  [56]
[434]    1  [45]
[523]    6  [45, 56]
[590]    3  [19]
[609]    4  [45]
[703]    4  [45, 56]
[811]    6  [19]
[831]    10  [56]
[844]    4  [56]
[895]    7  [19]
[897]    7  [19, 56]
[992]    0  [56]
[2]    106  [45]
[76]    1  [45]
[128]    135  [6, 38]
[304]    2  [45]
[403]    4  [45]
[405]    5  [38]
[434]    3  [6]
[523]    3  [6, 45]
[590]    0  [38]
[609]    11  [6]
[703]    13  [6, 45]
[736]    1  [6]
[831]    10  [38]