

 [80] ******************************************************

 [4 , 5, 26]  121891.745328 vs 117128.989702 >>  4762.755625  :  86.437500  (2)
[722]    73  [4, 5, 26]
[788]    13  [4, 5, 26]
[465]    15  [5, 26, 55]
[722]    50  [5, 26]
[465]    63  [25, 35, 55]
[788]    58  [4, 30, 47]
[465]    57  [35, 55, 63]

 [70] ******************************************************

 [4 , 26, 57]  100181.443032 vs 96946.966671 >>  3234.476361  :  409.828125  (3)
[722]    112  [4, 26, 57]
[788]    186  [4, 26, 57]
[821]    111  [4, 26, 57]
[722]    184  [4, 5, 26]
[788]    174  [4, 5, 26]
[821]    34  [4, 5, 26]
[722]    150  [4, 26, 40]
[788]    170  [4, 26]
[821]    66  [4, 26, 40]
[465]    66  [26, 55]
[722]    103  [26]
[788]    171  [4, 26, 55]
[821]    25  [4, 26, 55]
[529]    31  [4, 41]
[722]    103  [26]
[788]    195  [4, 26, 41]
[821]    23  [4, 26]

 [60] ******************************************************

 [4 , 26, 34]  86232.334477 vs 83672.353359 >>  2559.981118  :  865.093750  (5)
[240]    94  [26, 34]
[722]    230  [4, 26, 34]
[755]    208  [4, 26, 34]
[788]    312  [4, 26, 34]
[821]    26  [4, 26, 34]
[722]    293  [4, 5, 26]
[755]    216  [4, 5, 26]
[788]    299  [4, 5, 26]
[821]    35  [4, 5, 26]
[722]    222  [4, 26, 57]
[755]    197  [4, 26, 57]
[788]    311  [4, 26, 57]
[821]    112  [4, 26, 57]
[465]    143  [26, 55]
[722]    213  [26]
[755]    151  [4, 26]
[788]    295  [4, 26, 55]
[821]    26  [4, 26, 55]
[722]    223  [4, 26, 30]
[755]    231  [4, 26, 30]
[788]    319  [4, 26, 30]
[821]    32  [4, 26, 30]

 [50] ******************************************************

 [4 , 26, 34]  75162.802696 vs 73404.623737 >>  1758.178959  :  1247.906250  (5)
[240]    217  [26, 34]
[722]    314  [4, 26, 34]
[755]    200  [4, 26, 34]
[788]    328  [4, 26, 34]
[821]    195  [4, 26, 34]
[336]    187  [19]
[722]    297  [26]
[755]    143  [4, 26]
[788]    312  [4, 19, 26]
[821]    192  [4, 26]
[722]    299  [4, 26, 29]
[723]    120  [26, 29]
[755]    214  [4, 26, 29]
[788]    311  [4, 26]
[821]    192  [4, 26]
[465]    190  [26, 55]
[722]    297  [26]
[755]    143  [4, 26]
[788]    312  [4, 26, 55]
[821]    194  [4, 26, 55]
[722]    378  [4, 5, 26]
[755]    208  [4, 5, 26]
[788]    315  [4, 5, 26]
[821]    203  [4, 5, 26]

 [40] ******************************************************

 [4 , 26, 34]  64956.747797 vs 63599.566149 >>  1357.181648  :  1444.125000  (5)
[240]    273  [26, 34]
[722]    372  [4, 26, 34]
[755]    183  [4, 26, 34]
[788]    305  [4, 26, 34]
[821]    316  [4, 26, 34]
[465]    306  [26, 55]
[722]    355  [26]
[755]    126  [4, 26]
[788]    289  [4, 26, 55]
[821]    315  [4, 26, 55]
[307]    301  [26, 58]
[722]    355  [26]
[755]    152  [4, 26, 58]
[788]    304  [4, 26, 58]
[821]    313  [4, 26]
[722]    357  [4, 26, 29]
[723]    209  [26, 29]
[755]    198  [4, 26, 29]
[788]    288  [4, 26]
[821]    313  [4, 26]
[336]    261  [19]
[722]    355  [26]
[755]    126  [4, 26]
[788]    290  [4, 19, 26]
[821]    313  [4, 26]

 [30] ******************************************************

 [4 , 26, 34]  54436.507764 vs 53444.532880 >>  991.974884  :  2302.953125  (5)
[240]    360  [26, 34]
[722]    446  [4, 26, 34]
[755]    382  [4, 26, 34]
[788]    680  [4, 26, 34]
[821]    441  [4, 26, 34]
[465]    439  [26, 55]
[722]    429  [26]
[755]    325  [4, 26]
[788]    664  [4, 26, 55]
[821]    440  [4, 26, 55]
[718]    209  [26, 49]
[722]    429  [26]
[755]    325  [4, 26]
[788]    663  [4, 26]
[821]    438  [4, 26]
[877]    212  [4, 49]
[722]    431  [4, 26, 29]
[723]    337  [26, 29]
[755]    397  [4, 26, 29]
[788]    663  [4, 26]
[821]    438  [4, 26]
[336]    368  [19]
[722]    429  [26]
[755]    325  [4, 26]
[788]    664  [4, 19, 26]
[821]    438  [4, 26]