

 [80] ******************************************************

 [4 , 13, 30]  131347.645610 vs 126882.709874 >>  4464.935736  :  159.203125  (3)
[421]    86  [4, 30]
[624]    37  [4, 13, 30]
[784]    35  [4, 13]

 [70] ******************************************************

 [4 , 13, 30]  109138.657973 vs 106062.745940 >>  3075.912033  :  316.390625  (3)
[421]    183  [4, 30]
[624]    79  [4, 13, 30]
[784]    54  [4, 13]

 [60] ******************************************************

 [25 , 30, 52]  95498.035203 vs 92880.318713 >>  2617.716491  :  399.578125  (3)
[421]    216  [25, 30, 52]
[629]    121  [25, 52]
[914]    63  [25, 52]

 [50] ******************************************************

 [25 , 30, 52]  84826.251863 vs 82779.346276 >>  2046.905587  :  540.703125  (4)
[421]    307  [25, 30, 52]
[460]    2  [25, 30]
[629]    153  [25, 52]
[914]    79  [25, 52]

 [40] ******************************************************

 [30 , 48, 55]  73554.422273 vs 72040.849233 >>  1513.573040  :  758.640625  (3)
[421]    334  [30]
[466]    206  [48, 55]
[822]    221  [30, 48, 55]

 [30] ******************************************************

 [30 , 48, 55]  62483.579989 vs 61646.346548 >>  837.233441  :  948.296875  (4)
[421]    409  [30]
[460]    1  [30]
[466]    289  [48, 55]
[822]    251  [30, 48, 55]