

 [80] ******************************************************

 [14 , 20, 35]  131347.645610 vs 127068.883762 >>  4278.761848  :  93.515625  (1)
[422]    94  [14, 20, 35]

 [70] ******************************************************

 [5 , 10, 14]  109138.657973 vs 105943.107525 >>  3195.550448  :  115.703125  (2)
[389]    76  [5, 10, 14]
[422]    44  [10, 14]

 [60] ******************************************************

 [5 , 10, 14]  95498.035203 vs 92820.050781 >>  2677.984423  :  293.734375  (2)
[389]    193  [5, 10, 14]
[422]    104  [10, 14]

 [50] ******************************************************

 [5 , 10, 14]  84826.251863 vs 82658.914289 >>  2167.337574  :  348.140625  (2)
[389]    218  [5, 10, 14]
[422]    134  [10, 14]

 [40] ******************************************************

 [16 , 47, 58]  73554.422273 vs 71536.403438 >>  2018.018835  :  466.437500  (3)
[456]    156  [16, 47, 58]
[464]    83  [47]
[609]    247  [16, 58]

 [30] ******************************************************

 [16 , 47, 58]  62483.579989 vs 61149.228161 >>  1334.351828  :  874.671875  (3)
[456]    306  [16, 47, 58]
[464]    133  [47]
[609]    455  [16, 58]