
 now Q is 50

 now outputing  - - - -> end


basis_ent0 = 0.008445
 [11 , 59, 62]  0.008445 + 0.010105 >>  0.013168  :  936.859375  (35)
 [34 , 59, 62]  0.008445 + 0.009407 <  0.013168  :  936.218750  (31)
 [27 , 59, 62]  0.008445 + 0.009767 <  0.013168  :  930.750000  (32)
 [13 , 59, 62]  0.008445 + 0.010330 <  0.013168  :  929.734375  (35)
 [41 , 59, 62]  0.008445 + 0.009043 <  0.013168  :  924.421875  (32)
 [42 , 59, 62]  0.008445 + 0.009795 <  0.013168  :  917.093750  (33)
 [5 , 59, 62]  0.008445 + 0.009753 <  0.013168  :  917.062500  (32)
 [12 , 59, 62]  0.008445 + 0.009864 <  0.013168  :  916.015625  (32)
 [46 , 59, 62]  0.008445 + 0.010108 <  0.013168  :  915.656250  (32)
 [25 , 59, 62]  0.008445 + 0.010347 <  0.013168  :  913.984375  (34)

 [59 , 62, 99]  0.008445 + 0.009827 <  0.008779  :  864.718750  (29)
 [34 , 62, 99]  0.008445 + 0.009590 <  0.008779  :  834.531250  (27)
 [41 , 62, 99]  0.008445 + 0.009131 <  0.008779  :  803.828125  (27)
 [42 , 62, 99]  0.008445 + 0.009809 <  0.008779  :  794.296875  (28)
 [13 , 62, 99]  0.008445 + 0.009611 <  0.008779  :  784.484375  (28)
 [29 , 62, 99]  0.008445 + 0.009033 <  0.008779  :  783.593750  (27)
 [51 , 62, 99]  0.008445 + 0.009136 <  0.008779  :  782.890625  (28)
 [44 , 62, 99]  0.008445 + 0.009134 <  0.008779  :  774.156250  (28)
 [26 , 62, 99]  0.008445 + 0.009780 <  0.008779  :  773.296875  (32)
 [6 , 62, 99]  0.008445 + 0.009610 <  0.008779  :  773.156250  (25)

 [62 , 99, 99]  0.008445 + 0.009280 <  0.004389  :  721.281250  (24)
 [11 , 99, 99]  0.008445 + 0.000580 <  0.004389  :  11.281250  (6)
 [22 , 99, 99]  0.008445 + 0.000375 <  0.004389  :  10.656250  (4)
 [37 , 99, 99]  0.008445 + 0.000414 <  0.004389  :  9.984375  (4)
 [59 , 99, 99]  0.008445 + 0.000701 <  0.004389  :  9.390625  (6)
 [10 , 99, 99]  0.008445 + 0.000502 <  0.004389  :  7.984375  (3)
 [42 , 99, 99]  0.008445 + 0.000470 <  0.004389  :  6.843750  (4)
 [63 , 99, 99]  0.008445 + 0.000407 <  0.004389  :  6.703125  (5)
 [4 , 99, 99]  0.008445 + 0.000411 <  0.004389  :  6.093750  (4)
 [1 , 99, 99]  0.008445 + 0.000249 <  0.004389  :  5.984375  (3)
11, 59, 62