

 [80] ******************************************************

 [21 , 24, 60]  152718.430809 vs 149613.351637 >>  3105.079171  :  19.703125  (1)
 [664]    19.703125 (3)  [21, 24, 60]

 [70] ******************************************************

 [19 , 48, 50]  131002.014504 vs 128546.274737 >>  2455.739768  :  142.265625  (2)
 [342]    62.625000 (3)  [19, 48, 50]
 [646]    79.640625 (3)  [19, 48, 50]

 [60] ******************************************************

 [19 , 48, 50]  116495.898057 vs 114582.458866 >>  1913.439191  :  233.890625  (2)
 [342]    97.375000 (3)  [19, 48, 50]
 [646]    136.515625 (3)  [19, 48, 50]

 [50] ******************************************************

 [21 , 24, 43]  102911.142500 vs 100497.202804 >>  2413.939695  :  391.937500  (3)
 [436]    75.250000 (1)  [21]
 [664]    189.468750 (3)  [21, 24, 43]
 [750]    127.218750 (2)  [21, 43]

 [40] ******************************************************

 [23 , 45, 54]  88822.025518 vs 86720.948122 >>  2101.077396  :  480.828125  (2)
 [707]    185.515625 (2)  [23, 54]
 [740]    295.312500 (3)  [23, 45, 54]

 [30] ******************************************************

 [12 , 26, 45]  72878.288091 vs 71055.673102 >>  1822.614989  :  1216.218750  (5)
 [678]    153.015625 (3)  [12, 26, 45]
 [740]    276.140625 (2)  [26, 45]
 [743]    406.781250 (2)  [26, 45]
 [771]    292.015625 (2)  [12, 45]
 [931]    117.921875 (2)  [12, 45]