469 : [0, 7, 48]
 488 : [0, 15, 59]
 488 : [0, 28, 59]
 714 : [31, 34]
 488 : [0, 32, 59]
 488 : [0, 34, 59]
 469 : [0, 48, 56]
 469 : [0, 48, 61]
 488 : [0, 50, 59]
 488 : [0, 59, 61]
 290 : [1, 25, 59]
 740 : [2, 18, 59]
 714 : [31, 34]
 520 : [2, 31, 39]
 740 : [2, 35, 59]
 565 : [3, 29, 31]
 714 : [31, 34]
 790 : [3, 34, 51]
 661 : [4, 19, 55]
 661 : [4, 19, 60]
 714 : [31, 34]
 391 : [6, 9, 48]
 617 : [6, 10, 25]
 714 : [31, 34]
 576 : [7, 8, 31]
 714 : [31, 34]
 576 : [7, 31, 39]
 576 : [7, 31, 42]
 576 : [7, 31, 59]
 393 : [8, 14, 39]
 384 : [8, 25, 46]
 390 : [10, 13, 32]
 390 : [10, 13, 35]
 617 : [10, 25, 27]
 617 : [10, 25, 31]
 617 : [10, 25, 52]
 714 : [31, 34]
 393 : [11, 14, 39]
 714 : [31, 34]
 393 : [12, 14, 39]
 390 : [13, 15, 35]
 390 : [13, 17, 35]
 390 : [13, 27, 35]
 390 : [13, 32, 35]
 390 : [13, 32, 40]
 390 : [13, 35, 40]
 393 : [14, 17, 39]
 393 : [14, 19, 39]
 393 : [14, 20, 39]
 393 : [14, 24, 39]
 393 : [14, 25, 39]
 393 : [14, 32, 39]
 393 : [14, 34, 39]
 393 : [14, 35, 39]
 393 : [14, 39, 59]
 488 : [15, 28, 59]
 719 : [15, 32, 35]
 719 : [15, 33, 35]
 740 : [16, 18, 59]
 457 : [17, 29, 30]
 714 : [31, 34]
 714 : [31, 34]
 488 : [18, 34, 59]
 740 : [18, 35, 59]
 483 : [19, 25, 59]
 714 : [31, 34]
 424 : [20, 39, 59]
 714 : [31, 34]
 714 : [31, 34]
 714 : [31, 34]
 714 : [31, 34]
 579 : [25, 30, 41]
 714 : [31, 34]
 384 : [25, 46, 62]
 714 : [31, 34]
 714 : [31, 34]
 488 : [28, 34, 59]
 488 : [28, 50, 59]
 457 : [29, 30, 56]
 714 : [31, 34]
 714 : [31, 34]
 714 : [31, 34]
 714 : [31, 34]
 714 : [31, 34]
 714 : [31, 34]
 714 : [31, 34]
 714 : [31, 34]
 714 : [31, 34]
 714 : [31, 34]
 714 : [31, 34]
 714 : [31, 34]
 714 : [31, 34]
 714 : [31, 34]
 714 : [31, 34]
 714 : [31, 34]
 714 : [31, 34]
 714 : [31, 34]
 714 : [31, 34]
 714 : [31, 34]
 714 : [31, 34]
 714 : [31, 34]
 714 : [31, 34]
 714 : [31, 34]
 714 : [31, 34]
 714 : [31, 34]
 714 : [31, 34]
 714 : [31, 34]
 714 : [31, 34, 59] [31, 34]
 714 : [31, 34]
 714 : [31, 34]
 714 : [31, 34]
 714 : [31, 34]
 709 : [31, 40, 59]
 488 : [32, 34, 59]
 488 : [34, 50, 59]
 790 : [34, 51, 55]
 488 : [50, 51, 59]
 488 : [50, 56, 59]