basis_ent0 = 0.003705
 [14 , 22, 53]  0.003705 + 0.001696 <  0.009867  :  23.687500  (17)
 [14 , 53, 60]  0.003705 + 0.001153 <  0.009867  :  21.796875  (11)
 [14 , 53, 59]  0.003705 + 0.001673 <  0.009867  :  21.765625  (16)
 [14 , 49, 53]  0.003705 + 0.001337 <  0.009867  :  21.734375  (13)
 [14 , 36, 53]  0.003705 + 0.001268 <  0.009867  :  21.312500  (13)
 [49 , 53, 59]  0.003705 + 0.001495 <  0.009867  :  20.921875  (14)
 [14 , 21, 53]  0.003705 + 0.001316 <  0.009867  :  20.875000  (14)
 [14 , 33, 53]  0.003705 + 0.001818 <  0.009867  :  20.859375  (15)
 [13 , 14, 53]  0.003705 + 0.001161 <  0.009867  :  20.781250  (12)
 [22 , 49, 53]  0.003705 + 0.001851 <  0.009867  :  20.453125  (17)

 [14 , 53, 99]  0.003705 + 0.001160 <  0.006578  :  16.546875  (10)
 [49 , 53, 99]  0.003705 + 0.001024 <  0.006578  :  14.750000  (9)
 [22 , 53, 99]  0.003705 + 0.001497 <  0.006578  :  14.718750  (14)
 [53 , 59, 99]  0.003705 + 0.001406 <  0.006578  :  14.046875  (12)
 [33 , 53, 99]  0.003705 + 0.001723 <  0.006578  :  13.796875  (11)
 [36 , 53, 99]  0.003705 + 0.001122 <  0.006578  :  13.671875  (10)
 [53 , 60, 99]  0.003705 + 0.000919 <  0.006578  :  12.953125  (8)
 [18 , 53, 99]  0.003705 + 0.001000 <  0.006578  :  12.562500  (7)
 [37 , 53, 99]  0.003705 + 0.001434 <  0.006578  :  12.234375  (10)
 [14 , 22, 99]  0.003705 + 0.000806 <  0.006578  :  12.156250  (8)

 [53 , 99, 99]  0.003705 + 0.000767 >>  0.003289  :  8.531250  (5)
 [14 , 99, 99]  0.003705 + 0.000237 <  0.003289  :  6.578125  (2)
 [33 , 99, 99]  0.003705 + 0.000711 <  0.003289  :  5.296875  (6)
 [49 , 99, 99]  0.003705 + 0.000297 <  0.003289  :  5.125000  (3)
 [22 , 99, 99]  0.003705 + 0.000422 <  0.003289  :  4.765625  (5)
 [59 , 99, 99]  0.003705 + 0.000504 <  0.003289  :  4.203125  (5)
 [36 , 99, 99]  0.003705 + 0.000233 <  0.003289  :  3.500000  (3)
 [13 , 99, 99]  0.003705 + 0.000266 <  0.003289  :  3.046875  (3)
 [17 , 99, 99]  0.003705 + 0.000368 <  0.003289  :  2.796875  (4)
 [52 , 99, 99]  0.003705 + 0.000252 <  0.003289  :  2.796875  (3)
53, 99, 99