

 [80] ******************************************************

 [10 , 29, 39]  131347.645610 vs 126824.253733 >>  4523.391876  :  118.781250  (2)
[391]    39  [10, 39]
[466]    80  [10, 29, 39]
[466]    89  [16, 29, 40]
[466]    83  [27, 29, 40]
[466]    81  [5, 29, 40]
[466]    80  [29, 40, 61]

 [70] ******************************************************

 [14 , 29, 40]  109138.657973 vs 106022.098775 >>  3116.559198  :  326.109375  (2)
[466]    184  [14, 29, 40]
[467]    143  [14, 40]
[391]    96  [10, 39]
[466]    198  [10, 29, 39]
[466]    183  [29, 40, 55]
[910]    57  [29, 40, 55]
[421]    33  [22, 40]
[467]    196  [14, 22, 40]
[467]    182  [14, 40, 55]
[910]    45  [14, 40, 55]

 [60] ******************************************************

 [14 , 29, 40]  95498.035203 vs 92881.721398 >>  2616.313806  :  421.625000  (2)
[466]    253  [14, 29, 40]
[467]    168  [14, 40]
[391]    129  [10, 39]
[466]    268  [10, 29, 39]
[466]    253  [29, 40, 55]
[910]    77  [29, 40, 55]
[421]    66  [22, 40]
[466]    251  [22, 29, 40]
[421]    66  [22, 40]
[467]    221  [14, 22, 40]

 [50] ******************************************************

 [10 , 29, 39]  84826.251863 vs 82685.351788 >>  2140.900075  :  590.984375  (2)
[391]    290  [10, 39]
[466]    301  [10, 29, 39]
[466]    286  [14, 29, 40]
[467]    277  [14, 40]
[421]    158  [22, 40]
[467]    330  [14, 22, 40]
[391]    290  [10, 39]
[421]    166  [10, 22, 39]
[421]    158  [22, 40]
[466]    284  [22, 29, 40]

 [40] ******************************************************

 [14 , 29, 40]  73554.422273 vs 71924.063720 >>  1630.358554  :  879.312500  (2)
[466]    540  [14, 29, 40]
[467]    339  [14, 40]
[391]    278  [10, 39]
[466]    555  [10, 29, 39]
[466]    539  [29, 40, 55]
[910]    190  [29, 40, 55]
[421]    185  [22, 40]
[466]    538  [22, 29, 40]
[421]    152  [0, 22]
[466]    519  [0, 22, 29]

 [30] ******************************************************

 [14 , 29, 40]  62483.579989 vs 61489.170471 >>  994.409518  :  955.203125  (2)
[466]    623  [14, 29, 40]
[467]    332  [14, 40]
[391]    313  [10, 39]
[466]    637  [10, 29, 39]
[466]    622  [29, 40, 55]
[910]    267  [29, 40, 55]
[421]    261  [22, 40]
[466]    621  [22, 29, 40]
[456]    252  [0, 47]
[466]    597  [0, 29]