[   0] (  3)  |
[   1] (  3)  |
[   2] ( 11)  |
[   3] ( 23)  |
[   4] ( 17)  |
[   5] (  6)  |
[   6] ( 14)  |
[   7] (  1)  |
[   8] (  4)  |
[   9] (  6)  |
[  10] ( 21)  |
[  11] (  6)  |
[  12] ( 18)  |
[  13] (  4)  |
[  14] (  9)  |
[  15] (  2)  |
[  16] (  3)  |
[  17] ( 51)  |
[  18] ( 62)  |
[  19] ( 11)  |
[  20] (  8)  |
[  21] (  2)  |
[  22] (152)  |
[  23] ( 60)  |
[  24] ( 12)  |
[  25] (  4)  |
[  26] (  1)  |
[  27] (  5)  |
[  28] (  9)  |
[  29] ( 14)  |
[  30] (  3)  |
[  31] ( 28)  |
[  32] (  6)  |
[  33] (  1)  |
[  34] ( 54)  |
[  35] (  3)  |
[  36] ( 15)  |
[  37] (  5)  |
[  38] (  4)  |
[  39] ( 56)  |
[  40] ( 57)  |
[  41] ( 12)  |
[  42] (  4)  |
[  43] ( 17)  |
[  44] (  4)  |
[  45] (  8)  |
[  46] (  7)  |
[  47] (  3)  |
[  48] (  4)  |
[  49] (  6)  |
[  50] ( 15)  |
[  51] ( 39)  |
[  52] ( 18)  |
[  53] ( 27)  |
[  54] (  1)  |
[  55] (  5)  |
[  56] ( 17)  |
[  57] (  3)  |
[  58] (  3)  |
[  59] (  1)  |
[  60] (  3)  |
[  61] (  2)  |
[  62] (  8)  |
[  63] ( 43)  |
