

 [80] ******************************************************

 [1 , 19, 53]  121891.745328 vs 117288.674121 >>  4603.071206  :  150.906250  (2)
 [978]    74.187500 (3)
 [1014]    76.718750 (3)

 [70] ******************************************************

 [18 , 19, 22]  100181.443032 vs 97047.269148 >>  3134.173884  :  369.781250  (2)
 [788]    209.281250 (3)
 [821]    160.500000 (3)

 [60] ******************************************************

 [7 , 53, 59]  86232.334477 vs 83964.984524 >>  2267.349953  :  555.468750  (3)
 [722]    310.203125 (3)
 [755]    145.656250 (2)
 [1014]    99.609375 (2)

 [50] ******************************************************

 [7 , 36, 53]  75162.802696 vs 73424.787526 >>  1738.015170  :  720.734375  (5)
 [722]    224.937500 (3)
 [723]    74.187500 (2)
 [755]    137.062500 (2)
 [756]    111.828125 (3)
 [1014]    172.718750 (3)

 [40] ******************************************************

 [7 , 36, 53]  64956.747797 vs 63662.188297 >>  1294.559499  :  881.718750  (7)
 [536]    1.031250 (1)
 [722]    283.218750 (3)
 [723]    163.000000 (2)
 [755]    120.281250 (2)
 [756]    123.437500 (3)
 [794]    7.734375 (1)
 [1014]    183.015625 (3)

 [30] ******************************************************

 [18 , 22, 36]  54436.507764 vs 53475.826867 >>  960.680897  :  1528.765625  (10)
 [299]    9.890625 (1)
 [568]    4.984375 (1)
 [705]    3.671875 (1)
 [723]    291.265625 (3)
 [755]    195.046875 (3)
 [756]    161.828125 (2)
 [788]    701.515625 (3)
 [800]    2.312500 (1)
 [821]    155.750000 (3)
 [946]    2.500000 (1)