 now Q is 20

basis_ent0 = 0.012129
 [12 , 50, 55]  0.012129 + 0.004616 >>  0.016170  :  3474.921875  (60)
 [35 , 50, 55]  0.012129 + 0.003970 <  0.016170  :  3060.671875  (63)
 [30 , 50, 55]  0.012129 + 0.002618 <  0.016170  :  2973.140625  (46)
 [12 , 23, 50]  0.012129 + 0.002245 <  0.016170  :  2893.187500  (45)
 [44 , 50, 55]  0.012129 + 0.002648 <  0.016170  :  2876.062500  (46)
 [12 , 50, 53]  0.012129 + 0.003229 <  0.016170  :  2822.531250  (49)
 [50 , 53, 55]  0.012129 + 0.003759 <  0.016170  :  2819.625000  (50)
 [43 , 50, 55]  0.012129 + 0.003145 <  0.016170  :  2782.031250  (50)
 [46 , 50, 55]  0.012129 + 0.003779 <  0.016170  :  2730.734375  (45)
 [12 , 20, 50]  0.012129 + 0.002017 <  0.016170  :  2707.000000  (46)

 [50 , 55, 99]  0.012129 + 0.004076 <  0.010780  :  2645.375000  (46)
 [12 , 50, 99]  0.012129 + 0.004207 <  0.010780  :  2364.875000  (42)
 [35 , 50, 99]  0.012129 + 0.003179 <  0.010780  :  1869.359375  (39)
 [12 , 55, 99]  0.012129 + 0.003558 <  0.010780  :  1837.187500  (43)
 [50 , 53, 99]  0.012129 + 0.002916 <  0.010780  :  1648.437500  (31)
 [46 , 50, 99]  0.012129 + 0.002959 <  0.010780  :  1643.750000  (26)
 [18 , 50, 99]  0.012129 + 0.002211 <  0.010780  :  1635.687500  (27)
 [43 , 50, 99]  0.012129 + 0.002781 <  0.010780  :  1633.093750  (30)
 [16 , 50, 99]  0.012129 + 0.002971 <  0.010780  :  1632.078125  (28)
 [10 , 50, 99]  0.012129 + 0.002230 <  0.010780  :  1627.406250  (28)

 [50 , 99, 99]  0.012129 + 0.003204 <  0.005390  :  1538.109375  (24)
 [55 , 99, 99]  0.012129 + 0.002280 <  0.005390  :  991.765625  (23)
 [12 , 99, 99]  0.012129 + 0.002260 <  0.005390  :  802.046875  (19)
 [35 , 99, 99]  0.012129 + 0.000937 <  0.005390  :  162.546875  (21)
 [46 , 99, 99]  0.012129 + 0.000392 <  0.005390  :  98.375000  (3)
 [18 , 99, 99]  0.012129 + 0.000089 <  0.005390  :  57.375000  (7)
 [16 , 99, 99]  0.012129 + 0.000151 <  0.005390  :  55.687500  (6)
 [43 , 99, 99]  0.012129 + 0.000162 <  0.005390  :  53.234375  (9)
 [10 , 99, 99]  0.012129 + 0.000050 <  0.005390  :  47.062500  (7)
 [53 , 99, 99]  0.012129 + 0.000257 <  0.005390  :  44.578125  (11)
12, 50, 55