[   0] (  9)  |
[   1] ( 16)  |
[   2] ( 10)  |
[   3] ( 10)  |
[   4] (  3)  |
[   5] (  7)  |
[   6] ( 37)  |
[   7] (  7)  |
[   8] ( 18)  |
[   9] (  4)  |
[  10] ( 13)  |
[  11] ( 17)  |
[  12] ( 11)  |
[  13] (  7)  |
[  14] ( 11)  |
[  15] ( 12)  |
[  16] ( 28)  |
[  17] ( 35)  |
[  18] ( 30)  |
[  19] ( 19)  |
[  20] ( 13)  |
[  21] ( 13)  |
[  22] ( 95)  |
[  23] (  2)  |
[  24] (  8)  |
[  25] ( 15)  |
[  26] ( 17)  |
[  27] ( 32)  |
[  28] (  5)  |
[  29] (  9)  |
[  30] (  8)  |
[  31] ( 45)  |
[  32] ( 15)  |
[  33] (  6)  |
[  34] (  5)  |
[  35] (  5)  |
[  36] ( 11)  |
[  37] ( 69)  |
[  38] (  1)  |
[  39] (  7)  |
[  40] (  7)  |
[  41] ( 11)  |
[  42] ( 13)  |
[  43] ( 20)  |
[  44] ( 13)  |
[  45] ( 14)  |
[  46] ( 24)  |
[  47] ( 14)  |
[  48] (  3)  |
[  49] ( 57)  |
[  50] (  8)  |
[  51] ( 11)  |
[  52] ( 25)  |
[  53] ( 41)  |
[  54] (  4)  |
[  55] (  7)  |
[  56] ( 11)  |
[  57] (  6)  |
[  58] ( 17)  |
[  59] ( 10)  |
[  60] ( 12)  |
[  61] (  3)  |
[  62] (  5)  |
[  63] (  3)  |
