basis_ent0 = 0.015039
 [13 , 47, 48]  0.015039 + 0.002756 >>  0.015987  :  5775.703125  (47)
 [13 , 31, 47]  0.015039 + 0.002291 <  0.015987  :  5654.203125  (39)
 [0 , 13, 47]  0.015039 + 0.001895 <  0.015987  :  5636.750000  (41)
 [13 , 40, 47]  0.015039 + 0.002324 <  0.015987  :  5615.046875  (42)
 [13 , 41, 47]  0.015039 + 0.001795 <  0.015987  :  5527.718750  (44)
 [13 , 47, 51]  0.015039 + 0.001898 <  0.015987  :  5478.671875  (41)
 [13 , 16, 47]  0.015039 + 0.002136 <  0.015987  :  5431.203125  (42)
 [7 , 13, 47]  0.015039 + 0.001744 <  0.015987  :  5386.406250  (36)
 [13 , 47, 62]  0.015039 + 0.002471 <  0.015987  :  5383.546875  (42)
 [13 , 22, 47]  0.015039 + 0.001482 <  0.015987  :  5373.328125  (35)

 [13 , 47, 99]  0.015039 + 0.002378 <  0.010658  :  5076.640625  (35)
 [13 , 48, 99]  0.015039 + 0.002612 <  0.010658  :  3658.437500  (33)
 [13 , 31, 99]  0.015039 + 0.002247 <  0.010658  :  3599.796875  (26)
 [0 , 13, 99]  0.015039 + 0.002055 <  0.010658  :  3592.640625  (28)
 [13 , 41, 99]  0.015039 + 0.002132 <  0.010658  :  3492.703125  (33)
 [13 , 40, 99]  0.015039 + 0.002544 <  0.010658  :  3454.953125  (31)
 [13 , 51, 99]  0.015039 + 0.002054 <  0.010658  :  3415.843750  (27)
 [7 , 13, 99]  0.015039 + 0.002041 <  0.010658  :  3378.734375  (23)
 [13 , 27, 99]  0.015039 + 0.001764 <  0.010658  :  3355.921875  (25)
 [13 , 17, 99]  0.015039 + 0.001552 <  0.010658  :  3341.109375  (24)

 [13 , 99, 99]  0.015039 + 0.002165 <  0.005329  :  3068.046875  (22)
 [47 , 99, 99]  0.015039 + 0.000888 <  0.005329  :  1561.843750  (12)
 [31 , 99, 99]  0.015039 + 0.000561 <  0.005329  :  414.375000  (4)
 [48 , 99, 99]  0.015039 + 0.000844 <  0.005329  :  328.453125  (11)
 [0 , 99, 99]  0.015039 + 0.000285 <  0.005329  :  264.890625  (4)
 [51 , 99, 99]  0.015039 + 0.000356 <  0.005329  :  264.031250  (5)
 [40 , 99, 99]  0.015039 + 0.000842 <  0.005329  :  251.796875  (9)
 [41 , 99, 99]  0.015039 + 0.000442 <  0.005329  :  220.734375  (9)
 [27 , 99, 99]  0.015039 + 0.000131 <  0.005329  :  211.078125  (3)
 [62 , 99, 99]  0.015039 + 0.000416 <  0.005329  :  209.671875  (6)
13, 47, 48