


100*************************************************************************************

0


0 : 43   0.187500   0.001551
1 : 58   0.187500   0.002186
2 : 16   0.156250   0.001555
3 : 21   0.156250   0.001542
4 : 32   0.156250   0.001528
5 : 42   0.156250   0.001551
6 : 48   0.156250   0.001584
7 : 49   0.156250   0.001549
8 : 52   0.156250   0.001538
9 : 57   0.156250   0.001557
10 : 2   0.140625   0.001556
11 : 33   0.109375   0.001532
12 : 40   0.109375   0.000676
13 : 47   0.109375   0.001536
14 : 1   0.093750   0.000745
15 : 5   0.093750   0.001542
16 : 10   0.093750   0.000747
17 : 11   0.093750   0.000719
18 : 14   0.093750   0.000738
19 : 25   0.093750   0.000745
20 : 26   0.093750   0.000726
21 : 37   0.093750   0.000746
22 : 38   0.093750   0.000730
23 : 44   0.093750   0.000737
24 : 46   0.093750   0.000737
25 : 54   0.093750   0.001549
26 : 56   0.093750   0.000753
27 : 63   0.093750   0.000742
28 : 4   0.078125   0.000737
29 : 23   0.078125   0.001523
30 : 29   0.078125   0.000805
31 : 45   0.078125   0.000799
32 : 50   0.078125   0.000807
33 : 3   0.062500   0.000809
34 : 7   0.062500   0.000813
35 : 9   0.062500   0.000803
36 : 12   0.062500   0.000807
37 : 15   0.062500   0.000807
38 : 20   0.062500   0.001544
39 : 22   0.062500   0.000809
40 : 24   0.062500   0.000821
41 : 27   0.062500   0.000738
42 : 28   0.062500   0.000813
43 : 31   0.062500   0.000826
44 : 34   0.062500   0.000814
45 : 62   0.062500   0.000821
46 : 17   0.046875   0.000818
47 : 60   0.046875   0.000746
48 : 8   0.031250   0.000740
49 : 36   0.031250   0.000797
50 : 55   0.031250   0.000803

1


0 : 43   0.187500   0.001551
1 : 58   0.187500   0.002186
2 : 16   0.156250   0.001555
3 : 21   0.156250   0.001542
4 : 32   0.156250   0.001528
5 : 42   0.156250   0.001551
6 : 48   0.156250   0.001584
7 : 49   0.156250   0.001549
8 : 52   0.156250   0.001538
9 : 57   0.156250   0.001557
10 : 2   0.140625   0.001556
11 : 33   0.109375   0.001532
12 : 40   0.109375   0.000676
13 : 47   0.109375   0.001536
14 : 1   0.093750   0.000745
15 : 5   0.093750   0.001542
16 : 10   0.093750   0.000747
17 : 11   0.093750   0.000719
18 : 14   0.093750   0.000738
19 : 25   0.093750   0.000745
20 : 26   0.093750   0.000726
21 : 37   0.093750   0.000746
22 : 38   0.093750   0.000730
23 : 44   0.093750   0.000737
24 : 46   0.093750   0.000737
25 : 54   0.093750   0.001549
26 : 56   0.093750   0.000753
27 : 63   0.093750   0.000742
28 : 4   0.078125   0.000737
29 : 23   0.078125   0.001523
30 : 29   0.078125   0.000805
31 : 45   0.078125   0.000799
32 : 50   0.078125   0.000807
33 : 3   0.062500   0.000809
34 : 7   0.062500   0.000813
35 : 9   0.062500   0.000803
36 : 12   0.062500   0.000807
37 : 15   0.062500   0.000807
38 : 20   0.062500   0.001544
39 : 22   0.062500   0.000809
40 : 24   0.062500   0.000821
41 : 27   0.062500   0.000738
42 : 28   0.062500   0.000813
43 : 31   0.062500   0.000826
44 : 34   0.062500   0.000814
45 : 62   0.062500   0.000821
46 : 17   0.046875   0.000818
47 : 60   0.046875   0.000746
48 : 8   0.031250   0.000740
49 : 36   0.031250   0.000797
50 : 55   0.031250   0.000803

2


0 : 43   0.187500   0.001551
1 : 58   0.187500   0.002186
2 : 16   0.156250   0.001555
3 : 21   0.156250   0.001542
4 : 32   0.156250   0.001528
5 : 42   0.156250   0.001551
6 : 48   0.156250   0.001584
7 : 49   0.156250   0.001549
8 : 52   0.156250   0.001538
9 : 57   0.156250   0.001557
10 : 2   0.140625   0.001556
11 : 33   0.109375   0.001532
12 : 40   0.109375   0.000676
13 : 47   0.109375   0.001536
14 : 1   0.093750   0.000745
15 : 5   0.093750   0.001542
16 : 10   0.093750   0.000747
17 : 11   0.093750   0.000719
18 : 14   0.093750   0.000738
19 : 25   0.093750   0.000745
20 : 26   0.093750   0.000726
21 : 37   0.093750   0.000746
22 : 38   0.093750   0.000730
23 : 44   0.093750   0.000737
24 : 46   0.093750   0.000737
25 : 54   0.093750   0.001549
26 : 56   0.093750   0.000753
27 : 63   0.093750   0.000742
28 : 4   0.078125   0.000737
29 : 23   0.078125   0.001523
30 : 29   0.078125   0.000805
31 : 45   0.078125   0.000799
32 : 50   0.078125   0.000807
33 : 3   0.062500   0.000809
34 : 7   0.062500   0.000813
35 : 9   0.062500   0.000803
36 : 12   0.062500   0.000807
37 : 15   0.062500   0.000807
38 : 20   0.062500   0.001544
39 : 22   0.062500   0.000809
40 : 24   0.062500   0.000821
41 : 27   0.062500   0.000738
42 : 28   0.062500   0.000813
43 : 31   0.062500   0.000826
44 : 34   0.062500   0.000814
45 : 62   0.062500   0.000821
46 : 17   0.046875   0.000818
47 : 60   0.046875   0.000746
48 : 8   0.031250   0.000740
49 : 36   0.031250   0.000797
50 : 55   0.031250   0.000803

3


0 : 43   0.187500   0.001551
1 : 58   0.187500   0.002186
2 : 16   0.156250   0.001555
3 : 21   0.156250   0.001542
4 : 32   0.156250   0.001528
5 : 42   0.156250   0.001551
6 : 48   0.156250   0.001584
7 : 49   0.156250   0.001549
8 : 52   0.156250   0.001538
9 : 57   0.156250   0.001557
10 : 2   0.140625   0.001556
11 : 33   0.109375   0.001532
12 : 40   0.109375   0.000676
13 : 47   0.109375   0.001536
14 : 1   0.093750   0.000745
15 : 5   0.093750   0.001542
16 : 10   0.093750   0.000747
17 : 11   0.093750   0.000719
18 : 14   0.093750   0.000738
19 : 25   0.093750   0.000745
20 : 26   0.093750   0.000726
21 : 37   0.093750   0.000746
22 : 38   0.093750   0.000730
23 : 44   0.093750   0.000737
24 : 46   0.093750   0.000737
25 : 54   0.093750   0.001549
26 : 56   0.093750   0.000753
27 : 63   0.093750   0.000742
28 : 4   0.078125   0.000737
29 : 23   0.078125   0.001523
30 : 29   0.078125   0.000805
31 : 45   0.078125   0.000799
32 : 50   0.078125   0.000807
33 : 3   0.062500   0.000809
34 : 7   0.062500   0.000813
35 : 9   0.062500   0.000803
36 : 12   0.062500   0.000807
37 : 15   0.062500   0.000807
38 : 20   0.062500   0.001544
39 : 22   0.062500   0.000809
40 : 24   0.062500   0.000821
41 : 27   0.062500   0.000738
42 : 28   0.062500   0.000813
43 : 31   0.062500   0.000826
44 : 34   0.062500   0.000814
45 : 62   0.062500   0.000821
46 : 17   0.046875   0.000818
47 : 60   0.046875   0.000746
48 : 8   0.031250   0.000740
49 : 36   0.031250   0.000797
50 : 55   0.031250   0.000803

4


0 : 43   0.187500   0.001551
1 : 58   0.187500   0.002186
2 : 16   0.156250   0.001555
3 : 21   0.156250   0.001542
4 : 32   0.156250   0.001528
5 : 42   0.156250   0.001551
6 : 48   0.156250   0.001584
7 : 49   0.156250   0.001549
8 : 52   0.156250   0.001538
9 : 57   0.156250   0.001557
10 : 2   0.140625   0.001556
11 : 33   0.109375   0.001532
12 : 40   0.109375   0.000676
13 : 47   0.109375   0.001536
14 : 1   0.093750   0.000745
15 : 5   0.093750   0.001542
16 : 10   0.093750   0.000747
17 : 11   0.093750   0.000719
18 : 14   0.093750   0.000738
19 : 25   0.093750   0.000745
20 : 26   0.093750   0.000726
21 : 37   0.093750   0.000746
22 : 38   0.093750   0.000730
23 : 44   0.093750   0.000737
24 : 46   0.093750   0.000737
25 : 54   0.093750   0.001549
26 : 56   0.093750   0.000753
27 : 63   0.093750   0.000742
28 : 4   0.078125   0.000737
29 : 23   0.078125   0.001523
30 : 29   0.078125   0.000805
31 : 45   0.078125   0.000799
32 : 50   0.078125   0.000807
33 : 3   0.062500   0.000809
34 : 7   0.062500   0.000813
35 : 9   0.062500   0.000803
36 : 12   0.062500   0.000807
37 : 15   0.062500   0.000807
38 : 20   0.062500   0.001544
39 : 22   0.062500   0.000809
40 : 24   0.062500   0.000821
41 : 27   0.062500   0.000738
42 : 28   0.062500   0.000813
43 : 31   0.062500   0.000826
44 : 34   0.062500   0.000814
45 : 62   0.062500   0.000821
46 : 17   0.046875   0.000818
47 : 60   0.046875   0.000746
48 : 8   0.031250   0.000740
49 : 36   0.031250   0.000797
50 : 55   0.031250   0.000803

5


0 : 43   0.187500   0.001551
1 : 58   0.187500   0.002186
2 : 16   0.156250   0.001555
3 : 21   0.156250   0.001542
4 : 32   0.156250   0.001528
5 : 42   0.156250   0.001551
6 : 48   0.156250   0.001584
7 : 49   0.156250   0.001549
8 : 52   0.156250   0.001538
9 : 57   0.156250   0.001557
10 : 2   0.140625   0.001556
11 : 33   0.109375   0.001532
12 : 40   0.109375   0.000676
13 : 47   0.109375   0.001536
14 : 1   0.093750   0.000745
15 : 5   0.093750   0.001542
16 : 10   0.093750   0.000747
17 : 11   0.093750   0.000719
18 : 14   0.093750   0.000738
19 : 25   0.093750   0.000745
20 : 26   0.093750   0.000726
21 : 37   0.093750   0.000746
22 : 38   0.093750   0.000730
23 : 44   0.093750   0.000737
24 : 46   0.093750   0.000737
25 : 54   0.093750   0.001549
26 : 56   0.093750   0.000753
27 : 63   0.093750   0.000742
28 : 4   0.078125   0.000737
29 : 23   0.078125   0.001523
30 : 29   0.078125   0.000805
31 : 45   0.078125   0.000799
32 : 50   0.078125   0.000807
33 : 3   0.062500   0.000809
34 : 7   0.062500   0.000813
35 : 9   0.062500   0.000803
36 : 12   0.062500   0.000807
37 : 15   0.062500   0.000807
38 : 20   0.062500   0.001544
39 : 22   0.062500   0.000809
40 : 24   0.062500   0.000821
41 : 27   0.062500   0.000738
42 : 28   0.062500   0.000813
43 : 31   0.062500   0.000826
44 : 34   0.062500   0.000814
45 : 62   0.062500   0.000821
46 : 17   0.046875   0.000818
47 : 60   0.046875   0.000746
48 : 8   0.031250   0.000740
49 : 36   0.031250   0.000797
50 : 55   0.031250   0.000803

6


0 : 43   0.187500   0.001551
1 : 58   0.187500   0.002186
2 : 16   0.156250   0.001555
3 : 21   0.156250   0.001542
4 : 32   0.156250   0.001528
5 : 42   0.156250   0.001551
6 : 48   0.156250   0.001584
7 : 49   0.156250   0.001549
8 : 52   0.156250   0.001538
9 : 57   0.156250   0.001557
10 : 2   0.140625   0.001556
11 : 33   0.109375   0.001532
12 : 40   0.109375   0.000676
13 : 47   0.109375   0.001536
14 : 1   0.093750   0.000745
15 : 5   0.093750   0.001542
16 : 10   0.093750   0.000747
17 : 11   0.093750   0.000719
18 : 14   0.093750   0.000738
19 : 25   0.093750   0.000745
20 : 26   0.093750   0.000726
21 : 37   0.093750   0.000746
22 : 38   0.093750   0.000730
23 : 44   0.093750   0.000737
24 : 46   0.093750   0.000737
25 : 54   0.093750   0.001549
26 : 56   0.093750   0.000753
27 : 63   0.093750   0.000742
28 : 4   0.078125   0.000737
29 : 23   0.078125   0.001523
30 : 29   0.078125   0.000805
31 : 45   0.078125   0.000799
32 : 50   0.078125   0.000807
33 : 3   0.062500   0.000809
34 : 7   0.062500   0.000813
35 : 9   0.062500   0.000803
36 : 12   0.062500   0.000807
37 : 15   0.062500   0.000807
38 : 20   0.062500   0.001544
39 : 22   0.062500   0.000809
40 : 24   0.062500   0.000821
41 : 27   0.062500   0.000738
42 : 28   0.062500   0.000813
43 : 31   0.062500   0.000826
44 : 34   0.062500   0.000814
45 : 62   0.062500   0.000821
46 : 17   0.046875   0.000818
47 : 60   0.046875   0.000746
48 : 8   0.031250   0.000740
49 : 36   0.031250   0.000797
50 : 55   0.031250   0.000803

7


0 : 43   0.187500   0.001551
1 : 58   0.187500   0.002186
2 : 16   0.156250   0.001555
3 : 21   0.156250   0.001542
4 : 32   0.156250   0.001528
5 : 42   0.156250   0.001551
6 : 48   0.156250   0.001584
7 : 49   0.156250   0.001549
8 : 52   0.156250   0.001538
9 : 57   0.156250   0.001557
10 : 2   0.140625   0.001556
11 : 33   0.109375   0.001532
12 : 40   0.109375   0.000676
13 : 47   0.109375   0.001536
14 : 1   0.093750   0.000745
15 : 5   0.093750   0.001542
16 : 10   0.093750   0.000747
17 : 11   0.093750   0.000719
18 : 14   0.093750   0.000738
19 : 25   0.093750   0.000745
20 : 26   0.093750   0.000726
21 : 37   0.093750   0.000746
22 : 38   0.093750   0.000730
23 : 44   0.093750   0.000737
24 : 46   0.093750   0.000737
25 : 54   0.093750   0.001549
26 : 56   0.093750   0.000753
27 : 63   0.093750   0.000742
28 : 4   0.078125   0.000737
29 : 23   0.078125   0.001523
30 : 29   0.078125   0.000805
31 : 45   0.078125   0.000799
32 : 50   0.078125   0.000807
33 : 3   0.062500   0.000809
34 : 7   0.062500   0.000813
35 : 9   0.062500   0.000803
36 : 12   0.062500   0.000807
37 : 15   0.062500   0.000807
38 : 20   0.062500   0.001544
39 : 22   0.062500   0.000809
40 : 24   0.062500   0.000821
41 : 27   0.062500   0.000738
42 : 28   0.062500   0.000813
43 : 31   0.062500   0.000826
44 : 34   0.062500   0.000814
45 : 62   0.062500   0.000821
46 : 17   0.046875   0.000818
47 : 60   0.046875   0.000746
48 : 8   0.031250   0.000740
49 : 36   0.031250   0.000797
50 : 55   0.031250   0.000803

8


0 : 43   0.187500   0.001551
1 : 58   0.187500   0.002186
2 : 16   0.156250   0.001555
3 : 21   0.156250   0.001542
4 : 32   0.156250   0.001528
5 : 42   0.156250   0.001551
6 : 48   0.156250   0.001584
7 : 49   0.156250   0.001549
8 : 52   0.156250   0.001538
9 : 57   0.156250   0.001557
10 : 2   0.140625   0.001556
11 : 33   0.109375   0.001532
12 : 40   0.109375   0.000676
13 : 47   0.109375   0.001536
14 : 1   0.093750   0.000745
15 : 5   0.093750   0.001542
16 : 10   0.093750   0.000747
17 : 11   0.093750   0.000719
18 : 14   0.093750   0.000738
19 : 25   0.093750   0.000745
20 : 26   0.093750   0.000726
21 : 37   0.093750   0.000746
22 : 38   0.093750   0.000730
23 : 44   0.093750   0.000737
24 : 46   0.093750   0.000737
25 : 54   0.093750   0.001549
26 : 56   0.093750   0.000753
27 : 63   0.093750   0.000742
28 : 4   0.078125   0.000737
29 : 23   0.078125   0.001523
30 : 29   0.078125   0.000805
31 : 45   0.078125   0.000799
32 : 50   0.078125   0.000807
33 : 3   0.062500   0.000809
34 : 7   0.062500   0.000813
35 : 9   0.062500   0.000803
36 : 12   0.062500   0.000807
37 : 15   0.062500   0.000807
38 : 20   0.062500   0.001544
39 : 22   0.062500   0.000809
40 : 24   0.062500   0.000821
41 : 27   0.062500   0.000738
42 : 28   0.062500   0.000813
43 : 31   0.062500   0.000826
44 : 34   0.062500   0.000814
45 : 62   0.062500   0.000821
46 : 17   0.046875   0.000818
47 : 60   0.046875   0.000746
48 : 8   0.031250   0.000740
49 : 36   0.031250   0.000797
50 : 55   0.031250   0.000803

9


0 : 43   0.187500   0.001551
1 : 58   0.187500   0.002186
2 : 16   0.156250   0.001555
3 : 21   0.156250   0.001542
4 : 32   0.156250   0.001528
5 : 42   0.156250   0.001551
6 : 48   0.156250   0.001584
7 : 49   0.156250   0.001549
8 : 52   0.156250   0.001538
9 : 57   0.156250   0.001557
10 : 2   0.140625   0.001556
11 : 33   0.109375   0.001532
12 : 40   0.109375   0.000676
13 : 47   0.109375   0.001536
14 : 1   0.093750   0.000745
15 : 5   0.093750   0.001542
16 : 10   0.093750   0.000747
17 : 11   0.093750   0.000719
18 : 14   0.093750   0.000738
19 : 25   0.093750   0.000745
20 : 26   0.093750   0.000726
21 : 37   0.093750   0.000746
22 : 38   0.093750   0.000730
23 : 44   0.093750   0.000737
24 : 46   0.093750   0.000737
25 : 54   0.093750   0.001549
26 : 56   0.093750   0.000753
27 : 63   0.093750   0.000742
28 : 4   0.078125   0.000737
29 : 23   0.078125   0.001523
30 : 29   0.078125   0.000805
31 : 45   0.078125   0.000799
32 : 50   0.078125   0.000807
33 : 3   0.062500   0.000809
34 : 7   0.062500   0.000813
35 : 9   0.062500   0.000803
36 : 12   0.062500   0.000807
37 : 15   0.062500   0.000807
38 : 20   0.062500   0.001544
39 : 22   0.062500   0.000809
40 : 24   0.062500   0.000821
41 : 27   0.062500   0.000738
42 : 28   0.062500   0.000813
43 : 31   0.062500   0.000826
44 : 34   0.062500   0.000814
45 : 62   0.062500   0.000821
46 : 17   0.046875   0.000818
47 : 60   0.046875   0.000746
48 : 8   0.031250   0.000740
49 : 36   0.031250   0.000797
50 : 55   0.031250   0.000803

10


0 : 43   0.187500   0.001551
1 : 58   0.187500   0.002186
2 : 16   0.156250   0.001555
3 : 21   0.156250   0.001542
4 : 32   0.156250   0.001528
5 : 42   0.156250   0.001551
6 : 48   0.156250   0.001584
7 : 49   0.156250   0.001549
8 : 52   0.156250   0.001538
9 : 57   0.156250   0.001557
10 : 2   0.140625   0.001556
11 : 33   0.109375   0.001532
12 : 40   0.109375   0.000676
13 : 47   0.109375   0.001536
14 : 1   0.093750   0.000745
15 : 5   0.093750   0.001542
16 : 10   0.093750   0.000747
17 : 11   0.093750   0.000719
18 : 14   0.093750   0.000738
19 : 25   0.093750   0.000745
20 : 26   0.093750   0.000726
21 : 37   0.093750   0.000746
22 : 38   0.093750   0.000730
23 : 44   0.093750   0.000737
24 : 46   0.093750   0.000737
25 : 54   0.093750   0.001549
26 : 56   0.093750   0.000753
27 : 63   0.093750   0.000742
28 : 4   0.078125   0.000737
29 : 23   0.078125   0.001523
30 : 29   0.078125   0.000805
31 : 45   0.078125   0.000799
32 : 50   0.078125   0.000807
33 : 3   0.062500   0.000809
34 : 7   0.062500   0.000813
35 : 9   0.062500   0.000803
36 : 12   0.062500   0.000807
37 : 15   0.062500   0.000807
38 : 20   0.062500   0.001544
39 : 22   0.062500   0.000809
40 : 24   0.062500   0.000821
41 : 27   0.062500   0.000738
42 : 28   0.062500   0.000813
43 : 31   0.062500   0.000826
44 : 34   0.062500   0.000814
45 : 62   0.062500   0.000821
46 : 17   0.046875   0.000818
47 : 60   0.046875   0.000746
48 : 8   0.031250   0.000740
49 : 36   0.031250   0.000797
50 : 55   0.031250   0.000803

11


0 : 43   0.187500   0.001551
1 : 58   0.187500   0.002186
2 : 16   0.156250   0.001555
3 : 21   0.156250   0.001542
4 : 32   0.156250   0.001528
5 : 42   0.156250   0.001551
6 : 48   0.156250   0.001584
7 : 49   0.156250   0.001549
8 : 52   0.156250   0.001538
9 : 57   0.156250   0.001557
10 : 2   0.140625   0.001556
11 : 33   0.109375   0.001532
12 : 40   0.109375   0.000676
13 : 47   0.109375   0.001536
14 : 1   0.093750   0.000745
15 : 5   0.093750   0.001542
16 : 10   0.093750   0.000747
17 : 11   0.093750   0.000719
18 : 14   0.093750   0.000738
19 : 25   0.093750   0.000745
20 : 26   0.093750   0.000726
21 : 37   0.093750   0.000746
22 : 38   0.093750   0.000730
23 : 44   0.093750   0.000737
24 : 46   0.093750   0.000737
25 : 54   0.093750   0.001549
26 : 56   0.093750   0.000753
27 : 63   0.093750   0.000742
28 : 4   0.078125   0.000737
29 : 23   0.078125   0.001523
30 : 29   0.078125   0.000805
31 : 45   0.078125   0.000799
32 : 50   0.078125   0.000807
33 : 3   0.062500   0.000809
34 : 7   0.062500   0.000813
35 : 9   0.062500   0.000803
36 : 12   0.062500   0.000807
37 : 15   0.062500   0.000807
38 : 20   0.062500   0.001544
39 : 22   0.062500   0.000809
40 : 24   0.062500   0.000821
41 : 27   0.062500   0.000738
42 : 28   0.062500   0.000813
43 : 31   0.062500   0.000826
44 : 34   0.062500   0.000814
45 : 62   0.062500   0.000821
46 : 17   0.046875   0.000818
47 : 60   0.046875   0.000746
48 : 8   0.031250   0.000740
49 : 36   0.031250   0.000797
50 : 55   0.031250   0.000803

12


0 : 43   0.187500   0.001551
1 : 58   0.187500   0.002186
2 : 16   0.156250   0.001555
3 : 21   0.156250   0.001542
4 : 32   0.156250   0.001528
5 : 42   0.156250   0.001551
6 : 48   0.156250   0.001584
7 : 49   0.156250   0.001549
8 : 52   0.156250   0.001538
9 : 57   0.156250   0.001557
10 : 2   0.140625   0.001556
11 : 33   0.109375   0.001532
12 : 40   0.109375   0.000676
13 : 47   0.109375   0.001536
14 : 1   0.093750   0.000745
15 : 5   0.093750   0.001542
16 : 10   0.093750   0.000747
17 : 11   0.093750   0.000719
18 : 14   0.093750   0.000738
19 : 25   0.093750   0.000745
20 : 26   0.093750   0.000726
21 : 37   0.093750   0.000746
22 : 38   0.093750   0.000730
23 : 44   0.093750   0.000737
24 : 46   0.093750   0.000737
25 : 54   0.093750   0.001549
26 : 56   0.093750   0.000753
27 : 63   0.093750   0.000742
28 : 4   0.078125   0.000737
29 : 23   0.078125   0.001523
30 : 29   0.078125   0.000805
31 : 45   0.078125   0.000799
32 : 50   0.078125   0.000807
33 : 3   0.062500   0.000809
34 : 7   0.062500   0.000813
35 : 9   0.062500   0.000803
36 : 12   0.062500   0.000807
37 : 15   0.062500   0.000807
38 : 20   0.062500   0.001544
39 : 22   0.062500   0.000809
40 : 24   0.062500   0.000821
41 : 27   0.062500   0.000738
42 : 28   0.062500   0.000813
43 : 31   0.062500   0.000826
44 : 34   0.062500   0.000814
45 : 62   0.062500   0.000821
46 : 17   0.046875   0.000818
47 : 60   0.046875   0.000746
48 : 8   0.031250   0.000740
49 : 36   0.031250   0.000797
50 : 55   0.031250   0.000803

13


0 : 43   0.187500   0.001551
1 : 58   0.187500   0.002186
2 : 16   0.156250   0.001555
3 : 21   0.156250   0.001542
4 : 32   0.156250   0.001528
5 : 42   0.156250   0.001551
6 : 48   0.156250   0.001584
7 : 49   0.156250   0.001549
8 : 52   0.156250   0.001538
9 : 57   0.156250   0.001557
10 : 2   0.140625   0.001556
11 : 33   0.109375   0.001532
12 : 40   0.109375   0.000676
13 : 47   0.109375   0.001536
14 : 1   0.093750   0.000745
15 : 5   0.093750   0.001542
16 : 10   0.093750   0.000747
17 : 11   0.093750   0.000719
18 : 14   0.093750   0.000738
19 : 25   0.093750   0.000745
20 : 26   0.093750   0.000726
21 : 37   0.093750   0.000746
22 : 38   0.093750   0.000730
23 : 44   0.093750   0.000737
24 : 46   0.093750   0.000737
25 : 54   0.093750   0.001549
26 : 56   0.093750   0.000753
27 : 63   0.093750   0.000742
28 : 4   0.078125   0.000737
29 : 23   0.078125   0.001523
30 : 29   0.078125   0.000805
31 : 45   0.078125   0.000799
32 : 50   0.078125   0.000807
33 : 3   0.062500   0.000809
34 : 7   0.062500   0.000813
35 : 9   0.062500   0.000803
36 : 12   0.062500   0.000807
37 : 15   0.062500   0.000807
38 : 20   0.062500   0.001544
39 : 22   0.062500   0.000809
40 : 24   0.062500   0.000821
41 : 27   0.062500   0.000738
42 : 28   0.062500   0.000813
43 : 31   0.062500   0.000826
44 : 34   0.062500   0.000814
45 : 62   0.062500   0.000821
46 : 17   0.046875   0.000818
47 : 60   0.046875   0.000746
48 : 8   0.031250   0.000740
49 : 36   0.031250   0.000797
50 : 55   0.031250   0.000803

14


0 : 43   0.187500   0.001551
1 : 58   0.187500   0.002186
2 : 16   0.156250   0.001555
3 : 21   0.156250   0.001542
4 : 32   0.156250   0.001528
5 : 42   0.156250   0.001551
6 : 48   0.156250   0.001584
7 : 49   0.156250   0.001549
8 : 52   0.156250   0.001538
9 : 57   0.156250   0.001557
10 : 2   0.140625   0.001556
11 : 33   0.109375   0.001532
12 : 40   0.109375   0.000676
13 : 47   0.109375   0.001536
14 : 1   0.093750   0.000745
15 : 5   0.093750   0.001542
16 : 10   0.093750   0.000747
17 : 11   0.093750   0.000719
18 : 14   0.093750   0.000738
19 : 25   0.093750   0.000745
20 : 26   0.093750   0.000726
21 : 37   0.093750   0.000746
22 : 38   0.093750   0.000730
23 : 44   0.093750   0.000737
24 : 46   0.093750   0.000737
25 : 54   0.093750   0.001549
26 : 56   0.093750   0.000753
27 : 63   0.093750   0.000742
28 : 4   0.078125   0.000737
29 : 23   0.078125   0.001523
30 : 29   0.078125   0.000805
31 : 45   0.078125   0.000799
32 : 50   0.078125   0.000807
33 : 3   0.062500   0.000809
34 : 7   0.062500   0.000813
35 : 9   0.062500   0.000803
36 : 12   0.062500   0.000807
37 : 15   0.062500   0.000807
38 : 20   0.062500   0.001544
39 : 22   0.062500   0.000809
40 : 24   0.062500   0.000821
41 : 27   0.062500   0.000738
42 : 28   0.062500   0.000813
43 : 31   0.062500   0.000826
44 : 34   0.062500   0.000814
45 : 62   0.062500   0.000821
46 : 17   0.046875   0.000818
47 : 60   0.046875   0.000746
48 : 8   0.031250   0.000740
49 : 36   0.031250   0.000797
50 : 55   0.031250   0.000803

15


0 : 43   0.187500   0.001551
1 : 58   0.187500   0.002186
2 : 16   0.156250   0.001555
3 : 21   0.156250   0.001542
4 : 32   0.156250   0.001528
5 : 42   0.156250   0.001551
6 : 48   0.156250   0.001584
7 : 49   0.156250   0.001549
8 : 52   0.156250   0.001538
9 : 57   0.156250   0.001557
10 : 2   0.140625   0.001556
11 : 33   0.109375   0.001532
12 : 40   0.109375   0.000676
13 : 47   0.109375   0.001536
14 : 1   0.093750   0.000745
15 : 5   0.093750   0.001542
16 : 10   0.093750   0.000747
17 : 11   0.093750   0.000719
18 : 14   0.093750   0.000738
19 : 25   0.093750   0.000745
20 : 26   0.093750   0.000726
21 : 37   0.093750   0.000746
22 : 38   0.093750   0.000730
23 : 44   0.093750   0.000737
24 : 46   0.093750   0.000737
25 : 54   0.093750   0.001549
26 : 56   0.093750   0.000753
27 : 63   0.093750   0.000742
28 : 4   0.078125   0.000737
29 : 23   0.078125   0.001523
30 : 29   0.078125   0.000805
31 : 45   0.078125   0.000799
32 : 50   0.078125   0.000807
33 : 3   0.062500   0.000809
34 : 7   0.062500   0.000813
35 : 9   0.062500   0.000803
36 : 12   0.062500   0.000807
37 : 15   0.062500   0.000807
38 : 20   0.062500   0.001544
39 : 22   0.062500   0.000809
40 : 24   0.062500   0.000821
41 : 27   0.062500   0.000738
42 : 28   0.062500   0.000813
43 : 31   0.062500   0.000826
44 : 34   0.062500   0.000814
45 : 62   0.062500   0.000821
46 : 17   0.046875   0.000818
47 : 60   0.046875   0.000746
48 : 8   0.031250   0.000740
49 : 36   0.031250   0.000797
50 : 55   0.031250   0.000803

16


0 : 43   0.187500   0.001551
1 : 58   0.187500   0.002186
2 : 16   0.156250   0.001555
3 : 21   0.156250   0.001542
4 : 32   0.156250   0.001528
5 : 42   0.156250   0.001551
6 : 48   0.156250   0.001584
7 : 49   0.156250   0.001549
8 : 52   0.156250   0.001538
9 : 57   0.156250   0.001557
10 : 2   0.140625   0.001556
11 : 33   0.109375   0.001532
12 : 40   0.109375   0.000676
13 : 47   0.109375   0.001536
14 : 1   0.093750   0.000745
15 : 5   0.093750   0.001542
16 : 10   0.093750   0.000747
17 : 11   0.093750   0.000719
18 : 14   0.093750   0.000738
19 : 25   0.093750   0.000745
20 : 26   0.093750   0.000726
21 : 37   0.093750   0.000746
22 : 38   0.093750   0.000730
23 : 44   0.093750   0.000737
24 : 46   0.093750   0.000737
25 : 54   0.093750   0.001549
26 : 56   0.093750   0.000753
27 : 63   0.093750   0.000742
28 : 4   0.078125   0.000737
29 : 23   0.078125   0.001523
30 : 29   0.078125   0.000805
31 : 45   0.078125   0.000799
32 : 50   0.078125   0.000807
33 : 3   0.062500   0.000809
34 : 7   0.062500   0.000813
35 : 9   0.062500   0.000803
36 : 12   0.062500   0.000807
37 : 15   0.062500   0.000807
38 : 20   0.062500   0.001544
39 : 22   0.062500   0.000809
40 : 24   0.062500   0.000821
41 : 27   0.062500   0.000738
42 : 28   0.062500   0.000813
43 : 31   0.062500   0.000826
44 : 34   0.062500   0.000814
45 : 62   0.062500   0.000821
46 : 17   0.046875   0.000818
47 : 60   0.046875   0.000746
48 : 8   0.031250   0.000740
49 : 36   0.031250   0.000797
50 : 55   0.031250   0.000803

17


0 : 43   0.187500   0.001551
1 : 58   0.187500   0.002186
2 : 16   0.156250   0.001555
3 : 21   0.156250   0.001542
4 : 32   0.156250   0.001528
5 : 42   0.156250   0.001551
6 : 48   0.156250   0.001584
7 : 49   0.156250   0.001549
8 : 52   0.156250   0.001538
9 : 57   0.156250   0.001557
10 : 2   0.140625   0.001556
11 : 33   0.109375   0.001532
12 : 40   0.109375   0.000676
13 : 47   0.109375   0.001536
14 : 1   0.093750   0.000745
15 : 5   0.093750   0.001542
16 : 10   0.093750   0.000747
17 : 11   0.093750   0.000719
18 : 14   0.093750   0.000738
19 : 25   0.093750   0.000745
20 : 26   0.093750   0.000726
21 : 37   0.093750   0.000746
22 : 38   0.093750   0.000730
23 : 44   0.093750   0.000737
24 : 46   0.093750   0.000737
25 : 54   0.093750   0.001549
26 : 56   0.093750   0.000753
27 : 63   0.093750   0.000742
28 : 4   0.078125   0.000737
29 : 23   0.078125   0.001523
30 : 29   0.078125   0.000805
31 : 45   0.078125   0.000799
32 : 50   0.078125   0.000807
33 : 3   0.062500   0.000809
34 : 7   0.062500   0.000813
35 : 9   0.062500   0.000803
36 : 12   0.062500   0.000807
37 : 15   0.062500   0.000807
38 : 20   0.062500   0.001544
39 : 22   0.062500   0.000809
40 : 24   0.062500   0.000821
41 : 27   0.062500   0.000738
42 : 28   0.062500   0.000813
43 : 31   0.062500   0.000826
44 : 34   0.062500   0.000814
45 : 62   0.062500   0.000821
46 : 17   0.046875   0.000818
47 : 60   0.046875   0.000746
48 : 8   0.031250   0.000740
49 : 36   0.031250   0.000797
50 : 55   0.031250   0.000803

18


0 : 43   0.187500   0.001551
1 : 58   0.187500   0.002186
2 : 16   0.156250   0.001555
3 : 21   0.156250   0.001542
4 : 32   0.156250   0.001528
5 : 42   0.156250   0.001551
6 : 48   0.156250   0.001584
7 : 49   0.156250   0.001549
8 : 52   0.156250   0.001538
9 : 57   0.156250   0.001557
10 : 2   0.140625   0.001556
11 : 33   0.109375   0.001532
12 : 40   0.109375   0.000676
13 : 47   0.109375   0.001536
14 : 1   0.093750   0.000745
15 : 5   0.093750   0.001542
16 : 10   0.093750   0.000747
17 : 11   0.093750   0.000719
18 : 14   0.093750   0.000738
19 : 25   0.093750   0.000745
20 : 26   0.093750   0.000726
21 : 37   0.093750   0.000746
22 : 38   0.093750   0.000730
23 : 44   0.093750   0.000737
24 : 46   0.093750   0.000737
25 : 54   0.093750   0.001549
26 : 56   0.093750   0.000753
27 : 63   0.093750   0.000742
28 : 4   0.078125   0.000737
29 : 23   0.078125   0.001523
30 : 29   0.078125   0.000805
31 : 45   0.078125   0.000799
32 : 50   0.078125   0.000807
33 : 3   0.062500   0.000809
34 : 7   0.062500   0.000813
35 : 9   0.062500   0.000803
36 : 12   0.062500   0.000807
37 : 15   0.062500   0.000807
38 : 20   0.062500   0.001544
39 : 22   0.062500   0.000809
40 : 24   0.062500   0.000821
41 : 27   0.062500   0.000738
42 : 28   0.062500   0.000813
43 : 31   0.062500   0.000826
44 : 34   0.062500   0.000814
45 : 62   0.062500   0.000821
46 : 17   0.046875   0.000818
47 : 60   0.046875   0.000746
48 : 8   0.031250   0.000740
49 : 36   0.031250   0.000797
50 : 55   0.031250   0.000803

19


0 : 43   0.187500   0.001551
1 : 58   0.187500   0.002186
2 : 16   0.156250   0.001555
3 : 21   0.156250   0.001542
4 : 32   0.156250   0.001528
5 : 42   0.156250   0.001551
6 : 48   0.156250   0.001584
7 : 49   0.156250   0.001549
8 : 52   0.156250   0.001538
9 : 57   0.156250   0.001557
10 : 2   0.140625   0.001556
11 : 33   0.109375   0.001532
12 : 40   0.109375   0.000676
13 : 47   0.109375   0.001536
14 : 1   0.093750   0.000745
15 : 5   0.093750   0.001542
16 : 10   0.093750   0.000747
17 : 11   0.093750   0.000719
18 : 14   0.093750   0.000738
19 : 25   0.093750   0.000745
20 : 26   0.093750   0.000726
21 : 37   0.093750   0.000746
22 : 38   0.093750   0.000730
23 : 44   0.093750   0.000737
24 : 46   0.093750   0.000737
25 : 54   0.093750   0.001549
26 : 56   0.093750   0.000753
27 : 63   0.093750   0.000742
28 : 4   0.078125   0.000737
29 : 23   0.078125   0.001523
30 : 29   0.078125   0.000805
31 : 45   0.078125   0.000799
32 : 50   0.078125   0.000807
33 : 3   0.062500   0.000809
34 : 7   0.062500   0.000813
35 : 9   0.062500   0.000803
36 : 12   0.062500   0.000807
37 : 15   0.062500   0.000807
38 : 20   0.062500   0.001544
39 : 22   0.062500   0.000809
40 : 24   0.062500   0.000821
41 : 27   0.062500   0.000738
42 : 28   0.062500   0.000813
43 : 31   0.062500   0.000826
44 : 34   0.062500   0.000814
45 : 62   0.062500   0.000821
46 : 17   0.046875   0.000818
47 : 60   0.046875   0.000746
48 : 8   0.031250   0.000740
49 : 36   0.031250   0.000797
50 : 55   0.031250   0.000803

20


0 : 43   0.187500   0.001551
1 : 58   0.187500   0.002186
2 : 16   0.156250   0.001555
3 : 21   0.156250   0.001542
4 : 32   0.156250   0.001528
5 : 42   0.156250   0.001551
6 : 48   0.156250   0.001584
7 : 49   0.156250   0.001549
8 : 52   0.156250   0.001538
9 : 57   0.156250   0.001557
10 : 2   0.140625   0.001556
11 : 33   0.109375   0.001532
12 : 40   0.109375   0.000676
13 : 47   0.109375   0.001536
14 : 1   0.093750   0.000745
15 : 5   0.093750   0.001542
16 : 10   0.093750   0.000747
17 : 11   0.093750   0.000719
18 : 14   0.093750   0.000738
19 : 25   0.093750   0.000745
20 : 26   0.093750   0.000726
21 : 37   0.093750   0.000746
22 : 38   0.093750   0.000730
23 : 44   0.093750   0.000737
24 : 46   0.093750   0.000737
25 : 54   0.093750   0.001549
26 : 56   0.093750   0.000753
27 : 63   0.093750   0.000742
28 : 4   0.078125   0.000737
29 : 23   0.078125   0.001523
30 : 29   0.078125   0.000805
31 : 45   0.078125   0.000799
32 : 50   0.078125   0.000807
33 : 3   0.062500   0.000809
34 : 7   0.062500   0.000813
35 : 9   0.062500   0.000803
36 : 12   0.062500   0.000807
37 : 15   0.062500   0.000807
38 : 20   0.062500   0.001544
39 : 22   0.062500   0.000809
40 : 24   0.062500   0.000821
41 : 27   0.062500   0.000738
42 : 28   0.062500   0.000813
43 : 31   0.062500   0.000826
44 : 34   0.062500   0.000814
45 : 62   0.062500   0.000821
46 : 17   0.046875   0.000818
47 : 60   0.046875   0.000746
48 : 8   0.031250   0.000740
49 : 36   0.031250   0.000797
50 : 55   0.031250   0.000803

21


0 : 43   0.187500   0.001551
1 : 58   0.187500   0.002186
2 : 16   0.156250   0.001555
3 : 21   0.156250   0.001542
4 : 32   0.156250   0.001528
5 : 42   0.156250   0.001551
6 : 48   0.156250   0.001584
7 : 49   0.156250   0.001549
8 : 52   0.156250   0.001538
9 : 57   0.156250   0.001557
10 : 2   0.140625   0.001556
11 : 33   0.109375   0.001532
12 : 40   0.109375   0.000676
13 : 47   0.109375   0.001536
14 : 1   0.093750   0.000745
15 : 5   0.093750   0.001542
16 : 10   0.093750   0.000747
17 : 11   0.093750   0.000719
18 : 14   0.093750   0.000738
19 : 25   0.093750   0.000745
20 : 26   0.093750   0.000726
21 : 37   0.093750   0.000746
22 : 38   0.093750   0.000730
23 : 44   0.093750   0.000737
24 : 46   0.093750   0.000737
25 : 54   0.093750   0.001549
26 : 56   0.093750   0.000753
27 : 63   0.093750   0.000742
28 : 4   0.078125   0.000737
29 : 23   0.078125   0.001523
30 : 29   0.078125   0.000805
31 : 45   0.078125   0.000799
32 : 50   0.078125   0.000807
33 : 3   0.062500   0.000809
34 : 7   0.062500   0.000813
35 : 9   0.062500   0.000803
36 : 12   0.062500   0.000807
37 : 15   0.062500   0.000807
38 : 20   0.062500   0.001544
39 : 22   0.062500   0.000809
40 : 24   0.062500   0.000821
41 : 27   0.062500   0.000738
42 : 28   0.062500   0.000813
43 : 31   0.062500   0.000826
44 : 34   0.062500   0.000814
45 : 62   0.062500   0.000821
46 : 17   0.046875   0.000818
47 : 60   0.046875   0.000746
48 : 8   0.031250   0.000740
49 : 36   0.031250   0.000797
50 : 55   0.031250   0.000803

22


0 : 43   0.187500   0.001551
1 : 58   0.187500   0.002186
2 : 16   0.156250   0.001555
3 : 21   0.156250   0.001542
4 : 32   0.156250   0.001528
5 : 42   0.156250   0.001551
6 : 48   0.156250   0.001584
7 : 49   0.156250   0.001549
8 : 52   0.156250   0.001538
9 : 57   0.156250   0.001557
10 : 2   0.140625   0.001556
11 : 33   0.109375   0.001532
12 : 40   0.109375   0.000676
13 : 47   0.109375   0.001536
14 : 1   0.093750   0.000745
15 : 5   0.093750   0.001542
16 : 10   0.093750   0.000747
17 : 11   0.093750   0.000719
18 : 14   0.093750   0.000738
19 : 25   0.093750   0.000745
20 : 26   0.093750   0.000726
21 : 37   0.093750   0.000746
22 : 38   0.093750   0.000730
23 : 44   0.093750   0.000737
24 : 46   0.093750   0.000737
25 : 54   0.093750   0.001549
26 : 56   0.093750   0.000753
27 : 63   0.093750   0.000742
28 : 4   0.078125   0.000737
29 : 23   0.078125   0.001523
30 : 29   0.078125   0.000805
31 : 45   0.078125   0.000799
32 : 50   0.078125   0.000807
33 : 3   0.062500   0.000809
34 : 7   0.062500   0.000813
35 : 9   0.062500   0.000803
36 : 12   0.062500   0.000807
37 : 15   0.062500   0.000807
38 : 20   0.062500   0.001544
39 : 22   0.062500   0.000809
40 : 24   0.062500   0.000821
41 : 27   0.062500   0.000738
42 : 28   0.062500   0.000813
43 : 31   0.062500   0.000826
44 : 34   0.062500   0.000814
45 : 62   0.062500   0.000821
46 : 17   0.046875   0.000818
47 : 60   0.046875   0.000746
48 : 8   0.031250   0.000740
49 : 36   0.031250   0.000797
50 : 55   0.031250   0.000803

23


0 : 43   0.187500   0.001551
1 : 58   0.187500   0.002186
2 : 16   0.156250   0.001555
3 : 21   0.156250   0.001542
4 : 32   0.156250   0.001528
5 : 42   0.156250   0.001551
6 : 48   0.156250   0.001584
7 : 49   0.156250   0.001549
8 : 52   0.156250   0.001538
9 : 57   0.156250   0.001557
10 : 2   0.140625   0.001556
11 : 33   0.109375   0.001532
12 : 40   0.109375   0.000676
13 : 47   0.109375   0.001536
14 : 1   0.093750   0.000745
15 : 5   0.093750   0.001542
16 : 10   0.093750   0.000747
17 : 11   0.093750   0.000719
18 : 14   0.093750   0.000738
19 : 25   0.093750   0.000745
20 : 26   0.093750   0.000726
21 : 37   0.093750   0.000746
22 : 38   0.093750   0.000730
23 : 44   0.093750   0.000737
24 : 46   0.093750   0.000737
25 : 54   0.093750   0.001549
26 : 56   0.093750   0.000753
27 : 63   0.093750   0.000742
28 : 4   0.078125   0.000737
29 : 23   0.078125   0.001523
30 : 29   0.078125   0.000805
31 : 45   0.078125   0.000799
32 : 50   0.078125   0.000807
33 : 3   0.062500   0.000809
34 : 7   0.062500   0.000813
35 : 9   0.062500   0.000803
36 : 12   0.062500   0.000807
37 : 15   0.062500   0.000807
38 : 20   0.062500   0.001544
39 : 22   0.062500   0.000809
40 : 24   0.062500   0.000821
41 : 27   0.062500   0.000738
42 : 28   0.062500   0.000813
43 : 31   0.062500   0.000826
44 : 34   0.062500   0.000814
45 : 62   0.062500   0.000821
46 : 17   0.046875   0.000818
47 : 60   0.046875   0.000746
48 : 8   0.031250   0.000740
49 : 36   0.031250   0.000797
50 : 55   0.031250   0.000803

24


0 : 43   0.187500   0.001551
1 : 58   0.187500   0.002186
2 : 16   0.156250   0.001555
3 : 21   0.156250   0.001542
4 : 32   0.156250   0.001528
5 : 42   0.156250   0.001551
6 : 48   0.156250   0.001584
7 : 49   0.156250   0.001549
8 : 52   0.156250   0.001538
9 : 57   0.156250   0.001557
10 : 2   0.140625   0.001556
11 : 33   0.109375   0.001532
12 : 40   0.109375   0.000676
13 : 47   0.109375   0.001536
14 : 1   0.093750   0.000745
15 : 5   0.093750   0.001542
16 : 10   0.093750   0.000747
17 : 11   0.093750   0.000719
18 : 14   0.093750   0.000738
19 : 25   0.093750   0.000745
20 : 26   0.093750   0.000726
21 : 37   0.093750   0.000746
22 : 38   0.093750   0.000730
23 : 44   0.093750   0.000737
24 : 46   0.093750   0.000737
25 : 54   0.093750   0.001549
26 : 56   0.093750   0.000753
27 : 63   0.093750   0.000742
28 : 4   0.078125   0.000737
29 : 23   0.078125   0.001523
30 : 29   0.078125   0.000805
31 : 45   0.078125   0.000799
32 : 50   0.078125   0.000807
33 : 3   0.062500   0.000809
34 : 7   0.062500   0.000813
35 : 9   0.062500   0.000803
36 : 12   0.062500   0.000807
37 : 15   0.062500   0.000807
38 : 20   0.062500   0.001544
39 : 22   0.062500   0.000809
40 : 24   0.062500   0.000821
41 : 27   0.062500   0.000738
42 : 28   0.062500   0.000813
43 : 31   0.062500   0.000826
44 : 34   0.062500   0.000814
45 : 62   0.062500   0.000821
46 : 17   0.046875   0.000818
47 : 60   0.046875   0.000746
48 : 8   0.031250   0.000740
49 : 36   0.031250   0.000797
50 : 55   0.031250   0.000803

25


0 : 43   0.187500   0.001551
1 : 58   0.187500   0.002186
2 : 16   0.156250   0.001555
3 : 21   0.156250   0.001542
4 : 32   0.156250   0.001528
5 : 42   0.156250   0.001551
6 : 48   0.156250   0.001584
7 : 49   0.156250   0.001549
8 : 52   0.156250   0.001538
9 : 57   0.156250   0.001557
10 : 2   0.140625   0.001556
11 : 33   0.109375   0.001532
12 : 40   0.109375   0.000676
13 : 47   0.109375   0.001536
14 : 1   0.093750   0.000745
15 : 5   0.093750   0.001542
16 : 10   0.093750   0.000747
17 : 11   0.093750   0.000719
18 : 14   0.093750   0.000738
19 : 25   0.093750   0.000745
20 : 26   0.093750   0.000726
21 : 37   0.093750   0.000746
22 : 38   0.093750   0.000730
23 : 44   0.093750   0.000737
24 : 46   0.093750   0.000737
25 : 54   0.093750   0.001549
26 : 56   0.093750   0.000753
27 : 63   0.093750   0.000742
28 : 4   0.078125   0.000737
29 : 23   0.078125   0.001523
30 : 29   0.078125   0.000805
31 : 45   0.078125   0.000799
32 : 50   0.078125   0.000807
33 : 3   0.062500   0.000809
34 : 7   0.062500   0.000813
35 : 9   0.062500   0.000803
36 : 12   0.062500   0.000807
37 : 15   0.062500   0.000807
38 : 20   0.062500   0.001544
39 : 22   0.062500   0.000809
40 : 24   0.062500   0.000821
41 : 27   0.062500   0.000738
42 : 28   0.062500   0.000813
43 : 31   0.062500   0.000826
44 : 34   0.062500   0.000814
45 : 62   0.062500   0.000821
46 : 17   0.046875   0.000818
47 : 60   0.046875   0.000746
48 : 8   0.031250   0.000740
49 : 36   0.031250   0.000797
50 : 55   0.031250   0.000803

26


0 : 43   0.187500   0.001551
1 : 58   0.187500   0.002186
2 : 16   0.156250   0.001555
3 : 21   0.156250   0.001542
4 : 32   0.156250   0.001528
5 : 42   0.156250   0.001551
6 : 48   0.156250   0.001584
7 : 49   0.156250   0.001549
8 : 52   0.156250   0.001538
9 : 57   0.156250   0.001557
10 : 2   0.140625   0.001556
11 : 33   0.109375   0.001532
12 : 40   0.109375   0.000676
13 : 47   0.109375   0.001536
14 : 1   0.093750   0.000745
15 : 5   0.093750   0.001542
16 : 10   0.093750   0.000747
17 : 11   0.093750   0.000719
18 : 14   0.093750   0.000738
19 : 25   0.093750   0.000745
20 : 26   0.093750   0.000726
21 : 37   0.093750   0.000746
22 : 38   0.093750   0.000730
23 : 44   0.093750   0.000737
24 : 46   0.093750   0.000737
25 : 54   0.093750   0.001549
26 : 56   0.093750   0.000753
27 : 63   0.093750   0.000742
28 : 4   0.078125   0.000737
29 : 23   0.078125   0.001523
30 : 29   0.078125   0.000805
31 : 45   0.078125   0.000799
32 : 50   0.078125   0.000807
33 : 3   0.062500   0.000809
34 : 7   0.062500   0.000813
35 : 9   0.062500   0.000803
36 : 12   0.062500   0.000807
37 : 15   0.062500   0.000807
38 : 20   0.062500   0.001544
39 : 22   0.062500   0.000809
40 : 24   0.062500   0.000821
41 : 27   0.062500   0.000738
42 : 28   0.062500   0.000813
43 : 31   0.062500   0.000826
44 : 34   0.062500   0.000814
45 : 62   0.062500   0.000821
46 : 17   0.046875   0.000818
47 : 60   0.046875   0.000746
48 : 8   0.031250   0.000740
49 : 36   0.031250   0.000797
50 : 55   0.031250   0.000803

27


0 : 43   0.187500   0.001551
1 : 58   0.187500   0.002186
2 : 16   0.156250   0.001555
3 : 21   0.156250   0.001542
4 : 32   0.156250   0.001528
5 : 42   0.156250   0.001551
6 : 48   0.156250   0.001584
7 : 49   0.156250   0.001549
8 : 52   0.156250   0.001538
9 : 57   0.156250   0.001557
10 : 2   0.140625   0.001556
11 : 33   0.109375   0.001532
12 : 40   0.109375   0.000676
13 : 47   0.109375   0.001536
14 : 1   0.093750   0.000745
15 : 5   0.093750   0.001542
16 : 10   0.093750   0.000747
17 : 11   0.093750   0.000719
18 : 14   0.093750   0.000738
19 : 25   0.093750   0.000745
20 : 26   0.093750   0.000726
21 : 37   0.093750   0.000746
22 : 38   0.093750   0.000730
23 : 44   0.093750   0.000737
24 : 46   0.093750   0.000737
25 : 54   0.093750   0.001549
26 : 56   0.093750   0.000753
27 : 63   0.093750   0.000742
28 : 4   0.078125   0.000737
29 : 23   0.078125   0.001523
30 : 29   0.078125   0.000805
31 : 45   0.078125   0.000799
32 : 50   0.078125   0.000807
33 : 3   0.062500   0.000809
34 : 7   0.062500   0.000813
35 : 9   0.062500   0.000803
36 : 12   0.062500   0.000807
37 : 15   0.062500   0.000807
38 : 20   0.062500   0.001544
39 : 22   0.062500   0.000809
40 : 24   0.062500   0.000821
41 : 27   0.062500   0.000738
42 : 28   0.062500   0.000813
43 : 31   0.062500   0.000826
44 : 34   0.062500   0.000814
45 : 62   0.062500   0.000821
46 : 17   0.046875   0.000818
47 : 60   0.046875   0.000746
48 : 8   0.031250   0.000740
49 : 36   0.031250   0.000797
50 : 55   0.031250   0.000803

28


0 : 43   0.187500   0.001551
1 : 58   0.187500   0.002186
2 : 16   0.156250   0.001555
3 : 21   0.156250   0.001542
4 : 32   0.156250   0.001528
5 : 42   0.156250   0.001551
6 : 48   0.156250   0.001584
7 : 49   0.156250   0.001549
8 : 52   0.156250   0.001538
9 : 57   0.156250   0.001557
10 : 2   0.140625   0.001556
11 : 33   0.109375   0.001532
12 : 40   0.109375   0.000676
13 : 47   0.109375   0.001536
14 : 1   0.093750   0.000745
15 : 5   0.093750   0.001542
16 : 10   0.093750   0.000747
17 : 11   0.093750   0.000719
18 : 14   0.093750   0.000738
19 : 25   0.093750   0.000745
20 : 26   0.093750   0.000726
21 : 37   0.093750   0.000746
22 : 38   0.093750   0.000730
23 : 44   0.093750   0.000737
24 : 46   0.093750   0.000737
25 : 54   0.093750   0.001549
26 : 56   0.093750   0.000753
27 : 63   0.093750   0.000742
28 : 4   0.078125   0.000737
29 : 23   0.078125   0.001523
30 : 29   0.078125   0.000805
31 : 45   0.078125   0.000799
32 : 50   0.078125   0.000807
33 : 3   0.062500   0.000809
34 : 7   0.062500   0.000813
35 : 9   0.062500   0.000803
36 : 12   0.062500   0.000807
37 : 15   0.062500   0.000807
38 : 20   0.062500   0.001544
39 : 22   0.062500   0.000809
40 : 24   0.062500   0.000821
41 : 27   0.062500   0.000738
42 : 28   0.062500   0.000813
43 : 31   0.062500   0.000826
44 : 34   0.062500   0.000814
45 : 62   0.062500   0.000821
46 : 17   0.046875   0.000818
47 : 60   0.046875   0.000746
48 : 8   0.031250   0.000740
49 : 36   0.031250   0.000797
50 : 55   0.031250   0.000803

29


0 : 43   0.187500   0.001551
1 : 58   0.187500   0.002186
2 : 16   0.156250   0.001555
3 : 21   0.156250   0.001542
4 : 32   0.156250   0.001528
5 : 42   0.156250   0.001551
6 : 48   0.156250   0.001584
7 : 49   0.156250   0.001549
8 : 52   0.156250   0.001538
9 : 57   0.156250   0.001557
10 : 2   0.140625   0.001556
11 : 33   0.109375   0.001532
12 : 40   0.109375   0.000676
13 : 47   0.109375   0.001536
14 : 1   0.093750   0.000745
15 : 5   0.093750   0.001542
16 : 10   0.093750   0.000747
17 : 11   0.093750   0.000719
18 : 14   0.093750   0.000738
19 : 25   0.093750   0.000745
20 : 26   0.093750   0.000726
21 : 37   0.093750   0.000746
22 : 38   0.093750   0.000730
23 : 44   0.093750   0.000737
24 : 46   0.093750   0.000737
25 : 54   0.093750   0.001549
26 : 56   0.093750   0.000753
27 : 63   0.093750   0.000742
28 : 4   0.078125   0.000737
29 : 23   0.078125   0.001523
30 : 29   0.078125   0.000805
31 : 45   0.078125   0.000799
32 : 50   0.078125   0.000807
33 : 3   0.062500   0.000809
34 : 7   0.062500   0.000813
35 : 9   0.062500   0.000803
36 : 12   0.062500   0.000807
37 : 15   0.062500   0.000807
38 : 20   0.062500   0.001544
39 : 22   0.062500   0.000809
40 : 24   0.062500   0.000821
41 : 27   0.062500   0.000738
42 : 28   0.062500   0.000813
43 : 31   0.062500   0.000826
44 : 34   0.062500   0.000814
45 : 62   0.062500   0.000821
46 : 17   0.046875   0.000818
47 : 60   0.046875   0.000746
48 : 8   0.031250   0.000740
49 : 36   0.031250   0.000797
50 : 55   0.031250   0.000803

30


0 : 43   0.187500   0.001551
1 : 58   0.187500   0.002186
2 : 16   0.156250   0.001555
3 : 21   0.156250   0.001542
4 : 32   0.156250   0.001528
5 : 42   0.156250   0.001551
6 : 48   0.156250   0.001584
7 : 49   0.156250   0.001549
8 : 52   0.156250   0.001538
9 : 57   0.156250   0.001557
10 : 2   0.140625   0.001556
11 : 33   0.109375   0.001532
12 : 40   0.109375   0.000676
13 : 47   0.109375   0.001536
14 : 1   0.093750   0.000745
15 : 5   0.093750   0.001542
16 : 10   0.093750   0.000747
17 : 11   0.093750   0.000719
18 : 14   0.093750   0.000738
19 : 25   0.093750   0.000745
20 : 26   0.093750   0.000726
21 : 37   0.093750   0.000746
22 : 38   0.093750   0.000730
23 : 44   0.093750   0.000737
24 : 46   0.093750   0.000737
25 : 54   0.093750   0.001549
26 : 56   0.093750   0.000753
27 : 63   0.093750   0.000742
28 : 4   0.078125   0.000737
29 : 23   0.078125   0.001523
30 : 29   0.078125   0.000805
31 : 45   0.078125   0.000799
32 : 50   0.078125   0.000807
33 : 3   0.062500   0.000809
34 : 7   0.062500   0.000813
35 : 9   0.062500   0.000803
36 : 12   0.062500   0.000807
37 : 15   0.062500   0.000807
38 : 20   0.062500   0.001544
39 : 22   0.062500   0.000809
40 : 24   0.062500   0.000821
41 : 27   0.062500   0.000738
42 : 28   0.062500   0.000813
43 : 31   0.062500   0.000826
44 : 34   0.062500   0.000814
45 : 62   0.062500   0.000821
46 : 17   0.046875   0.000818
47 : 60   0.046875   0.000746
48 : 8   0.031250   0.000740
49 : 36   0.031250   0.000797
50 : 55   0.031250   0.000803

31


0 : 43   0.187500   0.001551
1 : 58   0.187500   0.002186
2 : 16   0.156250   0.001555
3 : 21   0.156250   0.001542
4 : 32   0.156250   0.001528
5 : 42   0.156250   0.001551
6 : 48   0.156250   0.001584
7 : 49   0.156250   0.001549
8 : 52   0.156250   0.001538
9 : 57   0.156250   0.001557
10 : 2   0.140625   0.001556
11 : 33   0.109375   0.001532
12 : 40   0.109375   0.000676
13 : 47   0.109375   0.001536
14 : 1   0.093750   0.000745
15 : 5   0.093750   0.001542
16 : 10   0.093750   0.000747
17 : 11   0.093750   0.000719
18 : 14   0.093750   0.000738
19 : 25   0.093750   0.000745
20 : 26   0.093750   0.000726
21 : 37   0.093750   0.000746
22 : 38   0.093750   0.000730
23 : 44   0.093750   0.000737
24 : 46   0.093750   0.000737
25 : 54   0.093750   0.001549
26 : 56   0.093750   0.000753
27 : 63   0.093750   0.000742
28 : 4   0.078125   0.000737
29 : 23   0.078125   0.001523
30 : 29   0.078125   0.000805
31 : 45   0.078125   0.000799
32 : 50   0.078125   0.000807
33 : 3   0.062500   0.000809
34 : 7   0.062500   0.000813
35 : 9   0.062500   0.000803
36 : 12   0.062500   0.000807
37 : 15   0.062500   0.000807
38 : 20   0.062500   0.001544
39 : 22   0.062500   0.000809
40 : 24   0.062500   0.000821
41 : 27   0.062500   0.000738
42 : 28   0.062500   0.000813
43 : 31   0.062500   0.000826
44 : 34   0.062500   0.000814
45 : 62   0.062500   0.000821
46 : 17   0.046875   0.000818
47 : 60   0.046875   0.000746
48 : 8   0.031250   0.000740
49 : 36   0.031250   0.000797
50 : 55   0.031250   0.000803

32


0 : 43   0.187500   0.001551
1 : 58   0.187500   0.002186
2 : 16   0.156250   0.001555
3 : 21   0.156250   0.001542
4 : 32   0.156250   0.001528
5 : 42   0.156250   0.001551
6 : 48   0.156250   0.001584
7 : 49   0.156250   0.001549
8 : 52   0.156250   0.001538
9 : 57   0.156250   0.001557
10 : 2   0.140625   0.001556
11 : 33   0.109375   0.001532
12 : 40   0.109375   0.000676
13 : 47   0.109375   0.001536
14 : 1   0.093750   0.000745
15 : 5   0.093750   0.001542
16 : 10   0.093750   0.000747
17 : 11   0.093750   0.000719
18 : 14   0.093750   0.000738
19 : 25   0.093750   0.000745
20 : 26   0.093750   0.000726
21 : 37   0.093750   0.000746
22 : 38   0.093750   0.000730
23 : 44   0.093750   0.000737
24 : 46   0.093750   0.000737
25 : 54   0.093750   0.001549
26 : 56   0.093750   0.000753
27 : 63   0.093750   0.000742
28 : 4   0.078125   0.000737
29 : 23   0.078125   0.001523
30 : 29   0.078125   0.000805
31 : 45   0.078125   0.000799
32 : 50   0.078125   0.000807
33 : 3   0.062500   0.000809
34 : 7   0.062500   0.000813
35 : 9   0.062500   0.000803
36 : 12   0.062500   0.000807
37 : 15   0.062500   0.000807
38 : 20   0.062500   0.001544
39 : 22   0.062500   0.000809
40 : 24   0.062500   0.000821
41 : 27   0.062500   0.000738
42 : 28   0.062500   0.000813
43 : 31   0.062500   0.000826
44 : 34   0.062500   0.000814
45 : 62   0.062500   0.000821
46 : 17   0.046875   0.000818
47 : 60   0.046875   0.000746
48 : 8   0.031250   0.000740
49 : 36   0.031250   0.000797
50 : 55   0.031250   0.000803

33


0 : 43   0.187500   0.001551
1 : 58   0.187500   0.002186
2 : 16   0.156250   0.001555
3 : 21   0.156250   0.001542
4 : 32   0.156250   0.001528
5 : 42   0.156250   0.001551
6 : 48   0.156250   0.001584
7 : 49   0.156250   0.001549
8 : 52   0.156250   0.001538
9 : 57   0.156250   0.001557
10 : 2   0.140625   0.001556
11 : 33   0.109375   0.001532
12 : 40   0.109375   0.000676
13 : 47   0.109375   0.001536
14 : 1   0.093750   0.000745
15 : 5   0.093750   0.001542
16 : 10   0.093750   0.000747
17 : 11   0.093750   0.000719
18 : 14   0.093750   0.000738
19 : 25   0.093750   0.000745
20 : 26   0.093750   0.000726
21 : 37   0.093750   0.000746
22 : 38   0.093750   0.000730
23 : 44   0.093750   0.000737
24 : 46   0.093750   0.000737
25 : 54   0.093750   0.001549
26 : 56   0.093750   0.000753
27 : 63   0.093750   0.000742
28 : 4   0.078125   0.000737
29 : 23   0.078125   0.001523
30 : 29   0.078125   0.000805
31 : 45   0.078125   0.000799
32 : 50   0.078125   0.000807
33 : 3   0.062500   0.000809
34 : 7   0.062500   0.000813
35 : 9   0.062500   0.000803
36 : 12   0.062500   0.000807
37 : 15   0.062500   0.000807
38 : 20   0.062500   0.001544
39 : 22   0.062500   0.000809
40 : 24   0.062500   0.000821
41 : 27   0.062500   0.000738
42 : 28   0.062500   0.000813
43 : 31   0.062500   0.000826
44 : 34   0.062500   0.000814
45 : 62   0.062500   0.000821
46 : 17   0.046875   0.000818
47 : 60   0.046875   0.000746
48 : 8   0.031250   0.000740
49 : 36   0.031250   0.000797
50 : 55   0.031250   0.000803

34


0 : 43   0.187500   0.001551
1 : 58   0.187500   0.002186
2 : 16   0.156250   0.001555
3 : 21   0.156250   0.001542
4 : 32   0.156250   0.001528
5 : 42   0.156250   0.001551
6 : 48   0.156250   0.001584
7 : 49   0.156250   0.001549
8 : 52   0.156250   0.001538
9 : 57   0.156250   0.001557
10 : 2   0.140625   0.001556
11 : 33   0.109375   0.001532
12 : 40   0.109375   0.000676
13 : 47   0.109375   0.001536
14 : 1   0.093750   0.000745
15 : 5   0.093750   0.001542
16 : 10   0.093750   0.000747
17 : 11   0.093750   0.000719
18 : 14   0.093750   0.000738
19 : 25   0.093750   0.000745
20 : 26   0.093750   0.000726
21 : 37   0.093750   0.000746
22 : 38   0.093750   0.000730
23 : 44   0.093750   0.000737
24 : 46   0.093750   0.000737
25 : 54   0.093750   0.001549
26 : 56   0.093750   0.000753
27 : 63   0.093750   0.000742
28 : 4   0.078125   0.000737
29 : 23   0.078125   0.001523
30 : 29   0.078125   0.000805
31 : 45   0.078125   0.000799
32 : 50   0.078125   0.000807
33 : 3   0.062500   0.000809
34 : 7   0.062500   0.000813
35 : 9   0.062500   0.000803
36 : 12   0.062500   0.000807
37 : 15   0.062500   0.000807
38 : 20   0.062500   0.001544
39 : 22   0.062500   0.000809
40 : 24   0.062500   0.000821
41 : 27   0.062500   0.000738
42 : 28   0.062500   0.000813
43 : 31   0.062500   0.000826
44 : 34   0.062500   0.000814
45 : 62   0.062500   0.000821
46 : 17   0.046875   0.000818
47 : 60   0.046875   0.000746
48 : 8   0.031250   0.000740
49 : 36   0.031250   0.000797
50 : 55   0.031250   0.000803

35


0 : 43   0.187500   0.001551
1 : 58   0.187500   0.002186
2 : 16   0.156250   0.001555
3 : 21   0.156250   0.001542
4 : 32   0.156250   0.001528
5 : 42   0.156250   0.001551
6 : 48   0.156250   0.001584
7 : 49   0.156250   0.001549
8 : 52   0.156250   0.001538
9 : 57   0.156250   0.001557
10 : 2   0.140625   0.001556
11 : 33   0.109375   0.001532
12 : 40   0.109375   0.000676
13 : 47   0.109375   0.001536
14 : 1   0.093750   0.000745
15 : 5   0.093750   0.001542
16 : 10   0.093750   0.000747
17 : 11   0.093750   0.000719
18 : 14   0.093750   0.000738
19 : 25   0.093750   0.000745
20 : 26   0.093750   0.000726
21 : 37   0.093750   0.000746
22 : 38   0.093750   0.000730
23 : 44   0.093750   0.000737
24 : 46   0.093750   0.000737
25 : 54   0.093750   0.001549
26 : 56   0.093750   0.000753
27 : 63   0.093750   0.000742
28 : 4   0.078125   0.000737
29 : 23   0.078125   0.001523
30 : 29   0.078125   0.000805
31 : 45   0.078125   0.000799
32 : 50   0.078125   0.000807
33 : 3   0.062500   0.000809
34 : 7   0.062500   0.000813
35 : 9   0.062500   0.000803
36 : 12   0.062500   0.000807
37 : 15   0.062500   0.000807
38 : 20   0.062500   0.001544
39 : 22   0.062500   0.000809
40 : 24   0.062500   0.000821
41 : 27   0.062500   0.000738
42 : 28   0.062500   0.000813
43 : 31   0.062500   0.000826
44 : 34   0.062500   0.000814
45 : 62   0.062500   0.000821
46 : 17   0.046875   0.000818
47 : 60   0.046875   0.000746
48 : 8   0.031250   0.000740
49 : 36   0.031250   0.000797
50 : 55   0.031250   0.000803

36


0 : 43   0.187500   0.001551
1 : 58   0.187500   0.002186
2 : 16   0.156250   0.001555
3 : 21   0.156250   0.001542
4 : 32   0.156250   0.001528
5 : 42   0.156250   0.001551
6 : 48   0.156250   0.001584
7 : 49   0.156250   0.001549
8 : 52   0.156250   0.001538
9 : 57   0.156250   0.001557
10 : 2   0.140625   0.001556
11 : 33   0.109375   0.001532
12 : 40   0.109375   0.000676
13 : 47   0.109375   0.001536
14 : 1   0.093750   0.000745
15 : 5   0.093750   0.001542
16 : 10   0.093750   0.000747
17 : 11   0.093750   0.000719
18 : 14   0.093750   0.000738
19 : 25   0.093750   0.000745
20 : 26   0.093750   0.000726
21 : 37   0.093750   0.000746
22 : 38   0.093750   0.000730
23 : 44   0.093750   0.000737
24 : 46   0.093750   0.000737
25 : 54   0.093750   0.001549
26 : 56   0.093750   0.000753
27 : 63   0.093750   0.000742
28 : 4   0.078125   0.000737
29 : 23   0.078125   0.001523
30 : 29   0.078125   0.000805
31 : 45   0.078125   0.000799
32 : 50   0.078125   0.000807
33 : 3   0.062500   0.000809
34 : 7   0.062500   0.000813
35 : 9   0.062500   0.000803
36 : 12   0.062500   0.000807
37 : 15   0.062500   0.000807
38 : 20   0.062500   0.001544
39 : 22   0.062500   0.000809
40 : 24   0.062500   0.000821
41 : 27   0.062500   0.000738
42 : 28   0.062500   0.000813
43 : 31   0.062500   0.000826
44 : 34   0.062500   0.000814
45 : 62   0.062500   0.000821
46 : 17   0.046875   0.000818
47 : 60   0.046875   0.000746
48 : 8   0.031250   0.000740
49 : 36   0.031250   0.000797
50 : 55   0.031250   0.000803

37


0 : 43   0.187500   0.001551
1 : 58   0.187500   0.002186
2 : 16   0.156250   0.001555
3 : 21   0.156250   0.001542
4 : 32   0.156250   0.001528
5 : 42   0.156250   0.001551
6 : 48   0.156250   0.001584
7 : 49   0.156250   0.001549
8 : 52   0.156250   0.001538
9 : 57   0.156250   0.001557
10 : 2   0.140625   0.001556
11 : 33   0.109375   0.001532
12 : 40   0.109375   0.000676
13 : 47   0.109375   0.001536
14 : 1   0.093750   0.000745
15 : 5   0.093750   0.001542
16 : 10   0.093750   0.000747
17 : 11   0.093750   0.000719
18 : 14   0.093750   0.000738
19 : 25   0.093750   0.000745
20 : 26   0.093750   0.000726
21 : 37   0.093750   0.000746
22 : 38   0.093750   0.000730
23 : 44   0.093750   0.000737
24 : 46   0.093750   0.000737
25 : 54   0.093750   0.001549
26 : 56   0.093750   0.000753
27 : 63   0.093750   0.000742
28 : 4   0.078125   0.000737
29 : 23   0.078125   0.001523
30 : 29   0.078125   0.000805
31 : 45   0.078125   0.000799
32 : 50   0.078125   0.000807
33 : 3   0.062500   0.000809
34 : 7   0.062500   0.000813
35 : 9   0.062500   0.000803
36 : 12   0.062500   0.000807
37 : 15   0.062500   0.000807
38 : 20   0.062500   0.001544
39 : 22   0.062500   0.000809
40 : 24   0.062500   0.000821
41 : 27   0.062500   0.000738
42 : 28   0.062500   0.000813
43 : 31   0.062500   0.000826
44 : 34   0.062500   0.000814
45 : 62   0.062500   0.000821
46 : 17   0.046875   0.000818
47 : 60   0.046875   0.000746
48 : 8   0.031250   0.000740
49 : 36   0.031250   0.000797
50 : 55   0.031250   0.000803

38


0 : 43   0.187500   0.001551
1 : 58   0.187500   0.002186
2 : 16   0.156250   0.001555
3 : 21   0.156250   0.001542
4 : 32   0.156250   0.001528
5 : 42   0.156250   0.001551
6 : 48   0.156250   0.001584
7 : 49   0.156250   0.001549
8 : 52   0.156250   0.001538
9 : 57   0.156250   0.001557
10 : 2   0.140625   0.001556
11 : 33   0.109375   0.001532
12 : 40   0.109375   0.000676
13 : 47   0.109375   0.001536
14 : 1   0.093750   0.000745
15 : 5   0.093750   0.001542
16 : 10   0.093750   0.000747
17 : 11   0.093750   0.000719
18 : 14   0.093750   0.000738
19 : 25   0.093750   0.000745
20 : 26   0.093750   0.000726
21 : 37   0.093750   0.000746
22 : 38   0.093750   0.000730
23 : 44   0.093750   0.000737
24 : 46   0.093750   0.000737
25 : 54   0.093750   0.001549
26 : 56   0.093750   0.000753
27 : 63   0.093750   0.000742
28 : 4   0.078125   0.000737
29 : 23   0.078125   0.001523
30 : 29   0.078125   0.000805
31 : 45   0.078125   0.000799
32 : 50   0.078125   0.000807
33 : 3   0.062500   0.000809
34 : 7   0.062500   0.000813
35 : 9   0.062500   0.000803
36 : 12   0.062500   0.000807
37 : 15   0.062500   0.000807
38 : 20   0.062500   0.001544
39 : 22   0.062500   0.000809
40 : 24   0.062500   0.000821
41 : 27   0.062500   0.000738
42 : 28   0.062500   0.000813
43 : 31   0.062500   0.000826
44 : 34   0.062500   0.000814
45 : 62   0.062500   0.000821
46 : 17   0.046875   0.000818
47 : 60   0.046875   0.000746
48 : 8   0.031250   0.000740
49 : 36   0.031250   0.000797
50 : 55   0.031250   0.000803

39


0 : 43   0.187500   0.001551
1 : 58   0.187500   0.002186
2 : 16   0.156250   0.001555
3 : 21   0.156250   0.001542
4 : 32   0.156250   0.001528
5 : 42   0.156250   0.001551
6 : 48   0.156250   0.001584
7 : 49   0.156250   0.001549
8 : 52   0.156250   0.001538
9 : 57   0.156250   0.001557
10 : 2   0.140625   0.001556
11 : 33   0.109375   0.001532
12 : 40   0.109375   0.000676
13 : 47   0.109375   0.001536
14 : 1   0.093750   0.000745
15 : 5   0.093750   0.001542
16 : 10   0.093750   0.000747
17 : 11   0.093750   0.000719
18 : 14   0.093750   0.000738
19 : 25   0.093750   0.000745
20 : 26   0.093750   0.000726
21 : 37   0.093750   0.000746
22 : 38   0.093750   0.000730
23 : 44   0.093750   0.000737
24 : 46   0.093750   0.000737
25 : 54   0.093750   0.001549
26 : 56   0.093750   0.000753
27 : 63   0.093750   0.000742
28 : 4   0.078125   0.000737
29 : 23   0.078125   0.001523
30 : 29   0.078125   0.000805
31 : 45   0.078125   0.000799
32 : 50   0.078125   0.000807
33 : 3   0.062500   0.000809
34 : 7   0.062500   0.000813
35 : 9   0.062500   0.000803
36 : 12   0.062500   0.000807
37 : 15   0.062500   0.000807
38 : 20   0.062500   0.001544
39 : 22   0.062500   0.000809
40 : 24   0.062500   0.000821
41 : 27   0.062500   0.000738
42 : 28   0.062500   0.000813
43 : 31   0.062500   0.000826
44 : 34   0.062500   0.000814
45 : 62   0.062500   0.000821
46 : 17   0.046875   0.000818
47 : 60   0.046875   0.000746
48 : 8   0.031250   0.000740
49 : 36   0.031250   0.000797
50 : 55   0.031250   0.000803

40


0 : 43   0.187500   0.001551
1 : 58   0.187500   0.002186
2 : 16   0.156250   0.001555
3 : 21   0.156250   0.001542
4 : 32   0.156250   0.001528
5 : 42   0.156250   0.001551
6 : 48   0.156250   0.001584
7 : 49   0.156250   0.001549
8 : 52   0.156250   0.001538
9 : 57   0.156250   0.001557
10 : 2   0.140625   0.001556
11 : 33   0.109375   0.001532
12 : 40   0.109375   0.000676
13 : 47   0.109375   0.001536
14 : 1   0.093750   0.000745
15 : 5   0.093750   0.001542
16 : 10   0.093750   0.000747
17 : 11   0.093750   0.000719
18 : 14   0.093750   0.000738
19 : 25   0.093750   0.000745
20 : 26   0.093750   0.000726
21 : 37   0.093750   0.000746
22 : 38   0.093750   0.000730
23 : 44   0.093750   0.000737
24 : 46   0.093750   0.000737
25 : 54   0.093750   0.001549
26 : 56   0.093750   0.000753
27 : 63   0.093750   0.000742
28 : 4   0.078125   0.000737
29 : 23   0.078125   0.001523
30 : 29   0.078125   0.000805
31 : 45   0.078125   0.000799
32 : 50   0.078125   0.000807
33 : 3   0.062500   0.000809
34 : 7   0.062500   0.000813
35 : 9   0.062500   0.000803
36 : 12   0.062500   0.000807
37 : 15   0.062500   0.000807
38 : 20   0.062500   0.001544
39 : 22   0.062500   0.000809
40 : 24   0.062500   0.000821
41 : 27   0.062500   0.000738
42 : 28   0.062500   0.000813
43 : 31   0.062500   0.000826
44 : 34   0.062500   0.000814
45 : 62   0.062500   0.000821
46 : 17   0.046875   0.000818
47 : 60   0.046875   0.000746
48 : 8   0.031250   0.000740
49 : 36   0.031250   0.000797
50 : 55   0.031250   0.000803

41


0 : 43   0.187500   0.001551
1 : 58   0.187500   0.002186
2 : 16   0.156250   0.001555
3 : 21   0.156250   0.001542
4 : 32   0.156250   0.001528
5 : 42   0.156250   0.001551
6 : 48   0.156250   0.001584
7 : 49   0.156250   0.001549
8 : 52   0.156250   0.001538
9 : 57   0.156250   0.001557
10 : 2   0.140625   0.001556
11 : 33   0.109375   0.001532
12 : 40   0.109375   0.000676
13 : 47   0.109375   0.001536
14 : 1   0.093750   0.000745
15 : 5   0.093750   0.001542
16 : 10   0.093750   0.000747
17 : 11   0.093750   0.000719
18 : 14   0.093750   0.000738
19 : 25   0.093750   0.000745
20 : 26   0.093750   0.000726
21 : 37   0.093750   0.000746
22 : 38   0.093750   0.000730
23 : 44   0.093750   0.000737
24 : 46   0.093750   0.000737
25 : 54   0.093750   0.001549
26 : 56   0.093750   0.000753
27 : 63   0.093750   0.000742
28 : 4   0.078125   0.000737
29 : 23   0.078125   0.001523
30 : 29   0.078125   0.000805
31 : 45   0.078125   0.000799
32 : 50   0.078125   0.000807
33 : 3   0.062500   0.000809
34 : 7   0.062500   0.000813
35 : 9   0.062500   0.000803
36 : 12   0.062500   0.000807
37 : 15   0.062500   0.000807
38 : 20   0.062500   0.001544
39 : 22   0.062500   0.000809
40 : 24   0.062500   0.000821
41 : 27   0.062500   0.000738
42 : 28   0.062500   0.000813
43 : 31   0.062500   0.000826
44 : 34   0.062500   0.000814
45 : 62   0.062500   0.000821
46 : 17   0.046875   0.000818
47 : 60   0.046875   0.000746
48 : 8   0.031250   0.000740
49 : 36   0.031250   0.000797
50 : 55   0.031250   0.000803

42


0 : 43   0.187500   0.001551
1 : 58   0.187500   0.002186
2 : 16   0.156250   0.001555
3 : 21   0.156250   0.001542
4 : 32   0.156250   0.001528
5 : 42   0.156250   0.001551
6 : 48   0.156250   0.001584
7 : 49   0.156250   0.001549
8 : 52   0.156250   0.001538
9 : 57   0.156250   0.001557
10 : 2   0.140625   0.001556
11 : 33   0.109375   0.001532
12 : 40   0.109375   0.000676
13 : 47   0.109375   0.001536
14 : 1   0.093750   0.000745
15 : 5   0.093750   0.001542
16 : 10   0.093750   0.000747
17 : 11   0.093750   0.000719
18 : 14   0.093750   0.000738
19 : 25   0.093750   0.000745
20 : 26   0.093750   0.000726
21 : 37   0.093750   0.000746
22 : 38   0.093750   0.000730
23 : 44   0.093750   0.000737
24 : 46   0.093750   0.000737
25 : 54   0.093750   0.001549
26 : 56   0.093750   0.000753
27 : 63   0.093750   0.000742
28 : 4   0.078125   0.000737
29 : 23   0.078125   0.001523
30 : 29   0.078125   0.000805
31 : 45   0.078125   0.000799
32 : 50   0.078125   0.000807
33 : 3   0.062500   0.000809
34 : 7   0.062500   0.000813
35 : 9   0.062500   0.000803
36 : 12   0.062500   0.000807
37 : 15   0.062500   0.000807
38 : 20   0.062500   0.001544
39 : 22   0.062500   0.000809
40 : 24   0.062500   0.000821
41 : 27   0.062500   0.000738
42 : 28   0.062500   0.000813
43 : 31   0.062500   0.000826
44 : 34   0.062500   0.000814
45 : 62   0.062500   0.000821
46 : 17   0.046875   0.000818
47 : 60   0.046875   0.000746
48 : 8   0.031250   0.000740
49 : 36   0.031250   0.000797
50 : 55   0.031250   0.000803

43


0 : 43   0.187500   0.001551
1 : 58   0.187500   0.002186
2 : 16   0.156250   0.001555
3 : 21   0.156250   0.001542
4 : 32   0.156250   0.001528
5 : 42   0.156250   0.001551
6 : 48   0.156250   0.001584
7 : 49   0.156250   0.001549
8 : 52   0.156250   0.001538
9 : 57   0.156250   0.001557
10 : 2   0.140625   0.001556
11 : 33   0.109375   0.001532
12 : 40   0.109375   0.000676
13 : 47   0.109375   0.001536
14 : 1   0.093750   0.000745
15 : 5   0.093750   0.001542
16 : 10   0.093750   0.000747
17 : 11   0.093750   0.000719
18 : 14   0.093750   0.000738
19 : 25   0.093750   0.000745
20 : 26   0.093750   0.000726
21 : 37   0.093750   0.000746
22 : 38   0.093750   0.000730
23 : 44   0.093750   0.000737
24 : 46   0.093750   0.000737
25 : 54   0.093750   0.001549
26 : 56   0.093750   0.000753
27 : 63   0.093750   0.000742
28 : 4   0.078125   0.000737
29 : 23   0.078125   0.001523
30 : 29   0.078125   0.000805
31 : 45   0.078125   0.000799
32 : 50   0.078125   0.000807
33 : 3   0.062500   0.000809
34 : 7   0.062500   0.000813
35 : 9   0.062500   0.000803
36 : 12   0.062500   0.000807
37 : 15   0.062500   0.000807
38 : 20   0.062500   0.001544
39 : 22   0.062500   0.000809
40 : 24   0.062500   0.000821
41 : 27   0.062500   0.000738
42 : 28   0.062500   0.000813
43 : 31   0.062500   0.000826
44 : 34   0.062500   0.000814
45 : 62   0.062500   0.000821
46 : 17   0.046875   0.000818
47 : 60   0.046875   0.000746
48 : 8   0.031250   0.000740
49 : 36   0.031250   0.000797
50 : 55   0.031250   0.000803

44


0 : 43   0.187500   0.001551
1 : 58   0.187500   0.002186
2 : 16   0.156250   0.001555
3 : 21   0.156250   0.001542
4 : 32   0.156250   0.001528
5 : 42   0.156250   0.001551
6 : 48   0.156250   0.001584
7 : 49   0.156250   0.001549
8 : 52   0.156250   0.001538
9 : 57   0.156250   0.001557
10 : 2   0.140625   0.001556
11 : 33   0.109375   0.001532
12 : 40   0.109375   0.000676
13 : 47   0.109375   0.001536
14 : 1   0.093750   0.000745
15 : 5   0.093750   0.001542
16 : 10   0.093750   0.000747
17 : 11   0.093750   0.000719
18 : 14   0.093750   0.000738
19 : 25   0.093750   0.000745
20 : 26   0.093750   0.000726
21 : 37   0.093750   0.000746
22 : 38   0.093750   0.000730
23 : 44   0.093750   0.000737
24 : 46   0.093750   0.000737
25 : 54   0.093750   0.001549
26 : 56   0.093750   0.000753
27 : 63   0.093750   0.000742
28 : 4   0.078125   0.000737
29 : 23   0.078125   0.001523
30 : 29   0.078125   0.000805
31 : 45   0.078125   0.000799
32 : 50   0.078125   0.000807
33 : 3   0.062500   0.000809
34 : 7   0.062500   0.000813
35 : 9   0.062500   0.000803
36 : 12   0.062500   0.000807
37 : 15   0.062500   0.000807
38 : 20   0.062500   0.001544
39 : 22   0.062500   0.000809
40 : 24   0.062500   0.000821
41 : 27   0.062500   0.000738
42 : 28   0.062500   0.000813
43 : 31   0.062500   0.000826
44 : 34   0.062500   0.000814
45 : 62   0.062500   0.000821
46 : 17   0.046875   0.000818
47 : 60   0.046875   0.000746
48 : 8   0.031250   0.000740
49 : 36   0.031250   0.000797
50 : 55   0.031250   0.000803

45


0 : 43   0.187500   0.001551
1 : 58   0.187500   0.002186
2 : 16   0.156250   0.001555
3 : 21   0.156250   0.001542
4 : 32   0.156250   0.001528
5 : 42   0.156250   0.001551
6 : 48   0.156250   0.001584
7 : 49   0.156250   0.001549
8 : 52   0.156250   0.001538
9 : 57   0.156250   0.001557
10 : 2   0.140625   0.001556
11 : 33   0.109375   0.001532
12 : 40   0.109375   0.000676
13 : 47   0.109375   0.001536
14 : 1   0.093750   0.000745
15 : 5   0.093750   0.001542
16 : 10   0.093750   0.000747
17 : 11   0.093750   0.000719
18 : 14   0.093750   0.000738
19 : 25   0.093750   0.000745
20 : 26   0.093750   0.000726
21 : 37   0.093750   0.000746
22 : 38   0.093750   0.000730
23 : 44   0.093750   0.000737
24 : 46   0.093750   0.000737
25 : 54   0.093750   0.001549
26 : 56   0.093750   0.000753
27 : 63   0.093750   0.000742
28 : 4   0.078125   0.000737
29 : 23   0.078125   0.001523
30 : 29   0.078125   0.000805
31 : 45   0.078125   0.000799
32 : 50   0.078125   0.000807
33 : 3   0.062500   0.000809
34 : 7   0.062500   0.000813
35 : 9   0.062500   0.000803
36 : 12   0.062500   0.000807
37 : 15   0.062500   0.000807
38 : 20   0.062500   0.001544
39 : 22   0.062500   0.000809
40 : 24   0.062500   0.000821
41 : 27   0.062500   0.000738
42 : 28   0.062500   0.000813
43 : 31   0.062500   0.000826
44 : 34   0.062500   0.000814
45 : 62   0.062500   0.000821
46 : 17   0.046875   0.000818
47 : 60   0.046875   0.000746
48 : 8   0.031250   0.000740
49 : 36   0.031250   0.000797
50 : 55   0.031250   0.000803

46


0 : 43   0.187500   0.001551
1 : 58   0.187500   0.002186
2 : 16   0.156250   0.001555
3 : 21   0.156250   0.001542
4 : 32   0.156250   0.001528
5 : 42   0.156250   0.001551
6 : 48   0.156250   0.001584
7 : 49   0.156250   0.001549
8 : 52   0.156250   0.001538
9 : 57   0.156250   0.001557
10 : 2   0.140625   0.001556
11 : 33   0.109375   0.001532
12 : 40   0.109375   0.000676
13 : 47   0.109375   0.001536
14 : 1   0.093750   0.000745
15 : 5   0.093750   0.001542
16 : 10   0.093750   0.000747
17 : 11   0.093750   0.000719
18 : 14   0.093750   0.000738
19 : 25   0.093750   0.000745
20 : 26   0.093750   0.000726
21 : 37   0.093750   0.000746
22 : 38   0.093750   0.000730
23 : 44   0.093750   0.000737
24 : 46   0.093750   0.000737
25 : 54   0.093750   0.001549
26 : 56   0.093750   0.000753
27 : 63   0.093750   0.000742
28 : 4   0.078125   0.000737
29 : 23   0.078125   0.001523
30 : 29   0.078125   0.000805
31 : 45   0.078125   0.000799
32 : 50   0.078125   0.000807
33 : 3   0.062500   0.000809
34 : 7   0.062500   0.000813
35 : 9   0.062500   0.000803
36 : 12   0.062500   0.000807
37 : 15   0.062500   0.000807
38 : 20   0.062500   0.001544
39 : 22   0.062500   0.000809
40 : 24   0.062500   0.000821
41 : 27   0.062500   0.000738
42 : 28   0.062500   0.000813
43 : 31   0.062500   0.000826
44 : 34   0.062500   0.000814
45 : 62   0.062500   0.000821
46 : 17   0.046875   0.000818
47 : 60   0.046875   0.000746
48 : 8   0.031250   0.000740
49 : 36   0.031250   0.000797
50 : 55   0.031250   0.000803

47


0 : 43   0.187500   0.001551
1 : 58   0.187500   0.002186
2 : 16   0.156250   0.001555
3 : 21   0.156250   0.001542
4 : 32   0.156250   0.001528
5 : 42   0.156250   0.001551
6 : 48   0.156250   0.001584
7 : 49   0.156250   0.001549
8 : 52   0.156250   0.001538
9 : 57   0.156250   0.001557
10 : 2   0.140625   0.001556
11 : 33   0.109375   0.001532
12 : 40   0.109375   0.000676
13 : 47   0.109375   0.001536
14 : 1   0.093750   0.000745
15 : 5   0.093750   0.001542
16 : 10   0.093750   0.000747
17 : 11   0.093750   0.000719
18 : 14   0.093750   0.000738
19 : 25   0.093750   0.000745
20 : 26   0.093750   0.000726
21 : 37   0.093750   0.000746
22 : 38   0.093750   0.000730
23 : 44   0.093750   0.000737
24 : 46   0.093750   0.000737
25 : 54   0.093750   0.001549
26 : 56   0.093750   0.000753
27 : 63   0.093750   0.000742
28 : 4   0.078125   0.000737
29 : 23   0.078125   0.001523
30 : 29   0.078125   0.000805
31 : 45   0.078125   0.000799
32 : 50   0.078125   0.000807
33 : 3   0.062500   0.000809
34 : 7   0.062500   0.000813
35 : 9   0.062500   0.000803
36 : 12   0.062500   0.000807
37 : 15   0.062500   0.000807
38 : 20   0.062500   0.001544
39 : 22   0.062500   0.000809
40 : 24   0.062500   0.000821
41 : 27   0.062500   0.000738
42 : 28   0.062500   0.000813
43 : 31   0.062500   0.000826
44 : 34   0.062500   0.000814
45 : 62   0.062500   0.000821
46 : 17   0.046875   0.000818
47 : 60   0.046875   0.000746
48 : 8   0.031250   0.000740
49 : 36   0.031250   0.000797
50 : 55   0.031250   0.000803

48


0 : 43   0.187500   0.001551
1 : 58   0.187500   0.002186
2 : 16   0.156250   0.001555
3 : 21   0.156250   0.001542
4 : 32   0.156250   0.001528
5 : 42   0.156250   0.001551
6 : 48   0.156250   0.001584
7 : 49   0.156250   0.001549
8 : 52   0.156250   0.001538
9 : 57   0.156250   0.001557
10 : 2   0.140625   0.001556
11 : 33   0.109375   0.001532
12 : 40   0.109375   0.000676
13 : 47   0.109375   0.001536
14 : 1   0.093750   0.000745
15 : 5   0.093750   0.001542
16 : 10   0.093750   0.000747
17 : 11   0.093750   0.000719
18 : 14   0.093750   0.000738
19 : 25   0.093750   0.000745
20 : 26   0.093750   0.000726
21 : 37   0.093750   0.000746
22 : 38   0.093750   0.000730
23 : 44   0.093750   0.000737
24 : 46   0.093750   0.000737
25 : 54   0.093750   0.001549
26 : 56   0.093750   0.000753
27 : 63   0.093750   0.000742
28 : 4   0.078125   0.000737
29 : 23   0.078125   0.001523
30 : 29   0.078125   0.000805
31 : 45   0.078125   0.000799
32 : 50   0.078125   0.000807
33 : 3   0.062500   0.000809
34 : 7   0.062500   0.000813
35 : 9   0.062500   0.000803
36 : 12   0.062500   0.000807
37 : 15   0.062500   0.000807
38 : 20   0.062500   0.001544
39 : 22   0.062500   0.000809
40 : 24   0.062500   0.000821
41 : 27   0.062500   0.000738
42 : 28   0.062500   0.000813
43 : 31   0.062500   0.000826
44 : 34   0.062500   0.000814
45 : 62   0.062500   0.000821
46 : 17   0.046875   0.000818
47 : 60   0.046875   0.000746
48 : 8   0.031250   0.000740
49 : 36   0.031250   0.000797
50 : 55   0.031250   0.000803

49


0 : 43   0.187500   0.001551
1 : 58   0.187500   0.002186
2 : 16   0.156250   0.001555
3 : 21   0.156250   0.001542
4 : 32   0.156250   0.001528
5 : 42   0.156250   0.001551
6 : 48   0.156250   0.001584
7 : 49   0.156250   0.001549
8 : 52   0.156250   0.001538
9 : 57   0.156250   0.001557
10 : 2   0.140625   0.001556
11 : 33   0.109375   0.001532
12 : 40   0.109375   0.000676
13 : 47   0.109375   0.001536
14 : 1   0.093750   0.000745
15 : 5   0.093750   0.001542
16 : 10   0.093750   0.000747
17 : 11   0.093750   0.000719
18 : 14   0.093750   0.000738
19 : 25   0.093750   0.000745
20 : 26   0.093750   0.000726
21 : 37   0.093750   0.000746
22 : 38   0.093750   0.000730
23 : 44   0.093750   0.000737
24 : 46   0.093750   0.000737
25 : 54   0.093750   0.001549
26 : 56   0.093750   0.000753
27 : 63   0.093750   0.000742
28 : 4   0.078125   0.000737
29 : 23   0.078125   0.001523
30 : 29   0.078125   0.000805
31 : 45   0.078125   0.000799
32 : 50   0.078125   0.000807
33 : 3   0.062500   0.000809
34 : 7   0.062500   0.000813
35 : 9   0.062500   0.000803
36 : 12   0.062500   0.000807
37 : 15   0.062500   0.000807
38 : 20   0.062500   0.001544
39 : 22   0.062500   0.000809
40 : 24   0.062500   0.000821
41 : 27   0.062500   0.000738
42 : 28   0.062500   0.000813
43 : 31   0.062500   0.000826
44 : 34   0.062500   0.000814
45 : 62   0.062500   0.000821
46 : 17   0.046875   0.000818
47 : 60   0.046875   0.000746
48 : 8   0.031250   0.000740
49 : 36   0.031250   0.000797
50 : 55   0.031250   0.000803

50


0 : 43   0.187500   0.001551
1 : 58   0.187500   0.002186
2 : 16   0.156250   0.001555
3 : 21   0.156250   0.001542
4 : 32   0.156250   0.001528
5 : 42   0.156250   0.001551
6 : 48   0.156250   0.001584
7 : 49   0.156250   0.001549
8 : 52   0.156250   0.001538
9 : 57   0.156250   0.001557
10 : 2   0.140625   0.001556
11 : 33   0.109375   0.001532
12 : 40   0.109375   0.000676
13 : 47   0.109375   0.001536
14 : 1   0.093750   0.000745
15 : 5   0.093750   0.001542
16 : 10   0.093750   0.000747
17 : 11   0.093750   0.000719
18 : 14   0.093750   0.000738
19 : 25   0.093750   0.000745
20 : 26   0.093750   0.000726
21 : 37   0.093750   0.000746
22 : 38   0.093750   0.000730
23 : 44   0.093750   0.000737
24 : 46   0.093750   0.000737
25 : 54   0.093750   0.001549
26 : 56   0.093750   0.000753
27 : 63   0.093750   0.000742
28 : 4   0.078125   0.000737
29 : 23   0.078125   0.001523
30 : 29   0.078125   0.000805
31 : 45   0.078125   0.000799
32 : 50   0.078125   0.000807
33 : 3   0.062500   0.000809
34 : 7   0.062500   0.000813
35 : 9   0.062500   0.000803
36 : 12   0.062500   0.000807
37 : 15   0.062500   0.000807
38 : 20   0.062500   0.001544
39 : 22   0.062500   0.000809
40 : 24   0.062500   0.000821
41 : 27   0.062500   0.000738
42 : 28   0.062500   0.000813
43 : 31   0.062500   0.000826
44 : 34   0.062500   0.000814
45 : 62   0.062500   0.000821
46 : 17   0.046875   0.000818
47 : 60   0.046875   0.000746
48 : 8   0.031250   0.000740
49 : 36   0.031250   0.000797
50 : 55   0.031250   0.000803

51


0 : 43   0.187500   0.001551
1 : 58   0.187500   0.002186
2 : 16   0.156250   0.001555
3 : 21   0.156250   0.001542
4 : 32   0.156250   0.001528
5 : 42   0.156250   0.001551
6 : 48   0.156250   0.001584
7 : 49   0.156250   0.001549
8 : 52   0.156250   0.001538
9 : 57   0.156250   0.001557
10 : 2   0.140625   0.001556
11 : 33   0.109375   0.001532
12 : 40   0.109375   0.000676
13 : 47   0.109375   0.001536
14 : 1   0.093750   0.000745
15 : 5   0.093750   0.001542
16 : 10   0.093750   0.000747
17 : 11   0.093750   0.000719
18 : 14   0.093750   0.000738
19 : 25   0.093750   0.000745
20 : 26   0.093750   0.000726
21 : 37   0.093750   0.000746
22 : 38   0.093750   0.000730
23 : 44   0.093750   0.000737
24 : 46   0.093750   0.000737
25 : 54   0.093750   0.001549
26 : 56   0.093750   0.000753
27 : 63   0.093750   0.000742
28 : 4   0.078125   0.000737
29 : 23   0.078125   0.001523
30 : 29   0.078125   0.000805
31 : 45   0.078125   0.000799
32 : 50   0.078125   0.000807
33 : 3   0.062500   0.000809
34 : 7   0.062500   0.000813
35 : 9   0.062500   0.000803
36 : 12   0.062500   0.000807
37 : 15   0.062500   0.000807
38 : 20   0.062500   0.001544
39 : 22   0.062500   0.000809
40 : 24   0.062500   0.000821
41 : 27   0.062500   0.000738
42 : 28   0.062500   0.000813
43 : 31   0.062500   0.000826
44 : 34   0.062500   0.000814
45 : 62   0.062500   0.000821
46 : 17   0.046875   0.000818
47 : 60   0.046875   0.000746
48 : 8   0.031250   0.000740
49 : 36   0.031250   0.000797
50 : 55   0.031250   0.000803

52


0 : 43   0.187500   0.001551
1 : 58   0.187500   0.002186
2 : 16   0.156250   0.001555
3 : 21   0.156250   0.001542
4 : 32   0.156250   0.001528
5 : 42   0.156250   0.001551
6 : 48   0.156250   0.001584
7 : 49   0.156250   0.001549
8 : 52   0.156250   0.001538
9 : 57   0.156250   0.001557
10 : 2   0.140625   0.001556
11 : 33   0.109375   0.001532
12 : 40   0.109375   0.000676
13 : 47   0.109375   0.001536
14 : 1   0.093750   0.000745
15 : 5   0.093750   0.001542
16 : 10   0.093750   0.000747
17 : 11   0.093750   0.000719
18 : 14   0.093750   0.000738
19 : 25   0.093750   0.000745
20 : 26   0.093750   0.000726
21 : 37   0.093750   0.000746
22 : 38   0.093750   0.000730
23 : 44   0.093750   0.000737
24 : 46   0.093750   0.000737
25 : 54   0.093750   0.001549
26 : 56   0.093750   0.000753
27 : 63   0.093750   0.000742
28 : 4   0.078125   0.000737
29 : 23   0.078125   0.001523
30 : 29   0.078125   0.000805
31 : 45   0.078125   0.000799
32 : 50   0.078125   0.000807
33 : 3   0.062500   0.000809
34 : 7   0.062500   0.000813
35 : 9   0.062500   0.000803
36 : 12   0.062500   0.000807
37 : 15   0.062500   0.000807
38 : 20   0.062500   0.001544
39 : 22   0.062500   0.000809
40 : 24   0.062500   0.000821
41 : 27   0.062500   0.000738
42 : 28   0.062500   0.000813
43 : 31   0.062500   0.000826
44 : 34   0.062500   0.000814
45 : 62   0.062500   0.000821
46 : 17   0.046875   0.000818
47 : 60   0.046875   0.000746
48 : 8   0.031250   0.000740
49 : 36   0.031250   0.000797
50 : 55   0.031250   0.000803

53


0 : 43   0.187500   0.001551
1 : 58   0.187500   0.002186
2 : 16   0.156250   0.001555
3 : 21   0.156250   0.001542
4 : 32   0.156250   0.001528
5 : 42   0.156250   0.001551
6 : 48   0.156250   0.001584
7 : 49   0.156250   0.001549
8 : 52   0.156250   0.001538
9 : 57   0.156250   0.001557
10 : 2   0.140625   0.001556
11 : 33   0.109375   0.001532
12 : 40   0.109375   0.000676
13 : 47   0.109375   0.001536
14 : 1   0.093750   0.000745
15 : 5   0.093750   0.001542
16 : 10   0.093750   0.000747
17 : 11   0.093750   0.000719
18 : 14   0.093750   0.000738
19 : 25   0.093750   0.000745
20 : 26   0.093750   0.000726
21 : 37   0.093750   0.000746
22 : 38   0.093750   0.000730
23 : 44   0.093750   0.000737
24 : 46   0.093750   0.000737
25 : 54   0.093750   0.001549
26 : 56   0.093750   0.000753
27 : 63   0.093750   0.000742
28 : 4   0.078125   0.000737
29 : 23   0.078125   0.001523
30 : 29   0.078125   0.000805
31 : 45   0.078125   0.000799
32 : 50   0.078125   0.000807
33 : 3   0.062500   0.000809
34 : 7   0.062500   0.000813
35 : 9   0.062500   0.000803
36 : 12   0.062500   0.000807
37 : 15   0.062500   0.000807
38 : 20   0.062500   0.001544
39 : 22   0.062500   0.000809
40 : 24   0.062500   0.000821
41 : 27   0.062500   0.000738
42 : 28   0.062500   0.000813
43 : 31   0.062500   0.000826
44 : 34   0.062500   0.000814
45 : 62   0.062500   0.000821
46 : 17   0.046875   0.000818
47 : 60   0.046875   0.000746
48 : 8   0.031250   0.000740
49 : 36   0.031250   0.000797
50 : 55   0.031250   0.000803

54


0 : 43   0.187500   0.001551
1 : 58   0.187500   0.002186
2 : 16   0.156250   0.001555
3 : 21   0.156250   0.001542
4 : 32   0.156250   0.001528
5 : 42   0.156250   0.001551
6 : 48   0.156250   0.001584
7 : 49   0.156250   0.001549
8 : 52   0.156250   0.001538
9 : 57   0.156250   0.001557
10 : 2   0.140625   0.001556
11 : 33   0.109375   0.001532
12 : 40   0.109375   0.000676
13 : 47   0.109375   0.001536
14 : 1   0.093750   0.000745
15 : 5   0.093750   0.001542
16 : 10   0.093750   0.000747
17 : 11   0.093750   0.000719
18 : 14   0.093750   0.000738
19 : 25   0.093750   0.000745
20 : 26   0.093750   0.000726
21 : 37   0.093750   0.000746
22 : 38   0.093750   0.000730
23 : 44   0.093750   0.000737
24 : 46   0.093750   0.000737
25 : 54   0.093750   0.001549
26 : 56   0.093750   0.000753
27 : 63   0.093750   0.000742
28 : 4   0.078125   0.000737
29 : 23   0.078125   0.001523
30 : 29   0.078125   0.000805
31 : 45   0.078125   0.000799
32 : 50   0.078125   0.000807
33 : 3   0.062500   0.000809
34 : 7   0.062500   0.000813
35 : 9   0.062500   0.000803
36 : 12   0.062500   0.000807
37 : 15   0.062500   0.000807
38 : 20   0.062500   0.001544
39 : 22   0.062500   0.000809
40 : 24   0.062500   0.000821
41 : 27   0.062500   0.000738
42 : 28   0.062500   0.000813
43 : 31   0.062500   0.000826
44 : 34   0.062500   0.000814
45 : 62   0.062500   0.000821
46 : 17   0.046875   0.000818
47 : 60   0.046875   0.000746
48 : 8   0.031250   0.000740
49 : 36   0.031250   0.000797
50 : 55   0.031250   0.000803

55


0 : 43   0.187500   0.001551
1 : 58   0.187500   0.002186
2 : 16   0.156250   0.001555
3 : 21   0.156250   0.001542
4 : 32   0.156250   0.001528
5 : 42   0.156250   0.001551
6 : 48   0.156250   0.001584
7 : 49   0.156250   0.001549
8 : 52   0.156250   0.001538
9 : 57   0.156250   0.001557
10 : 2   0.140625   0.001556
11 : 33   0.109375   0.001532
12 : 40   0.109375   0.000676
13 : 47   0.109375   0.001536
14 : 1   0.093750   0.000745
15 : 5   0.093750   0.001542
16 : 10   0.093750   0.000747
17 : 11   0.093750   0.000719
18 : 14   0.093750   0.000738
19 : 25   0.093750   0.000745
20 : 26   0.093750   0.000726
21 : 37   0.093750   0.000746
22 : 38   0.093750   0.000730
23 : 44   0.093750   0.000737
24 : 46   0.093750   0.000737
25 : 54   0.093750   0.001549
26 : 56   0.093750   0.000753
27 : 63   0.093750   0.000742
28 : 4   0.078125   0.000737
29 : 23   0.078125   0.001523
30 : 29   0.078125   0.000805
31 : 45   0.078125   0.000799
32 : 50   0.078125   0.000807
33 : 3   0.062500   0.000809
34 : 7   0.062500   0.000813
35 : 9   0.062500   0.000803
36 : 12   0.062500   0.000807
37 : 15   0.062500   0.000807
38 : 20   0.062500   0.001544
39 : 22   0.062500   0.000809
40 : 24   0.062500   0.000821
41 : 27   0.062500   0.000738
42 : 28   0.062500   0.000813
43 : 31   0.062500   0.000826
44 : 34   0.062500   0.000814
45 : 62   0.062500   0.000821
46 : 17   0.046875   0.000818
47 : 60   0.046875   0.000746
48 : 8   0.031250   0.000740
49 : 36   0.031250   0.000797
50 : 55   0.031250   0.000803

56


0 : 43   0.187500   0.001551
1 : 58   0.187500   0.002186
2 : 16   0.156250   0.001555
3 : 21   0.156250   0.001542
4 : 32   0.156250   0.001528
5 : 42   0.156250   0.001551
6 : 48   0.156250   0.001584
7 : 49   0.156250   0.001549
8 : 52   0.156250   0.001538
9 : 57   0.156250   0.001557
10 : 2   0.140625   0.001556
11 : 33   0.109375   0.001532
12 : 40   0.109375   0.000676
13 : 47   0.109375   0.001536
14 : 1   0.093750   0.000745
15 : 5   0.093750   0.001542
16 : 10   0.093750   0.000747
17 : 11   0.093750   0.000719
18 : 14   0.093750   0.000738
19 : 25   0.093750   0.000745
20 : 26   0.093750   0.000726
21 : 37   0.093750   0.000746
22 : 38   0.093750   0.000730
23 : 44   0.093750   0.000737
24 : 46   0.093750   0.000737
25 : 54   0.093750   0.001549
26 : 56   0.093750   0.000753
27 : 63   0.093750   0.000742
28 : 4   0.078125   0.000737
29 : 23   0.078125   0.001523
30 : 29   0.078125   0.000805
31 : 45   0.078125   0.000799
32 : 50   0.078125   0.000807
33 : 3   0.062500   0.000809
34 : 7   0.062500   0.000813
35 : 9   0.062500   0.000803
36 : 12   0.062500   0.000807
37 : 15   0.062500   0.000807
38 : 20   0.062500   0.001544
39 : 22   0.062500   0.000809
40 : 24   0.062500   0.000821
41 : 27   0.062500   0.000738
42 : 28   0.062500   0.000813
43 : 31   0.062500   0.000826
44 : 34   0.062500   0.000814
45 : 62   0.062500   0.000821
46 : 17   0.046875   0.000818
47 : 60   0.046875   0.000746
48 : 8   0.031250   0.000740
49 : 36   0.031250   0.000797
50 : 55   0.031250   0.000803

57


0 : 43   0.187500   0.001551
1 : 58   0.187500   0.002186
2 : 16   0.156250   0.001555
3 : 21   0.156250   0.001542
4 : 32   0.156250   0.001528
5 : 42   0.156250   0.001551
6 : 48   0.156250   0.001584
7 : 49   0.156250   0.001549
8 : 52   0.156250   0.001538
9 : 57   0.156250   0.001557
10 : 2   0.140625   0.001556
11 : 33   0.109375   0.001532
12 : 40   0.109375   0.000676
13 : 47   0.109375   0.001536
14 : 1   0.093750   0.000745
15 : 5   0.093750   0.001542
16 : 10   0.093750   0.000747
17 : 11   0.093750   0.000719
18 : 14   0.093750   0.000738
19 : 25   0.093750   0.000745
20 : 26   0.093750   0.000726
21 : 37   0.093750   0.000746
22 : 38   0.093750   0.000730
23 : 44   0.093750   0.000737
24 : 46   0.093750   0.000737
25 : 54   0.093750   0.001549
26 : 56   0.093750   0.000753
27 : 63   0.093750   0.000742
28 : 4   0.078125   0.000737
29 : 23   0.078125   0.001523
30 : 29   0.078125   0.000805
31 : 45   0.078125   0.000799
32 : 50   0.078125   0.000807
33 : 3   0.062500   0.000809
34 : 7   0.062500   0.000813
35 : 9   0.062500   0.000803
36 : 12   0.062500   0.000807
37 : 15   0.062500   0.000807
38 : 20   0.062500   0.001544
39 : 22   0.062500   0.000809
40 : 24   0.062500   0.000821
41 : 27   0.062500   0.000738
42 : 28   0.062500   0.000813
43 : 31   0.062500   0.000826
44 : 34   0.062500   0.000814
45 : 62   0.062500   0.000821
46 : 17   0.046875   0.000818
47 : 60   0.046875   0.000746
48 : 8   0.031250   0.000740
49 : 36   0.031250   0.000797
50 : 55   0.031250   0.000803

58


0 : 43   0.187500   0.001551
1 : 58   0.187500   0.002186
2 : 16   0.156250   0.001555
3 : 21   0.156250   0.001542
4 : 32   0.156250   0.001528
5 : 42   0.156250   0.001551
6 : 48   0.156250   0.001584
7 : 49   0.156250   0.001549
8 : 52   0.156250   0.001538
9 : 57   0.156250   0.001557
10 : 2   0.140625   0.001556
11 : 33   0.109375   0.001532
12 : 40   0.109375   0.000676
13 : 47   0.109375   0.001536
14 : 1   0.093750   0.000745
15 : 5   0.093750   0.001542
16 : 10   0.093750   0.000747
17 : 11   0.093750   0.000719
18 : 14   0.093750   0.000738
19 : 25   0.093750   0.000745
20 : 26   0.093750   0.000726
21 : 37   0.093750   0.000746
22 : 38   0.093750   0.000730
23 : 44   0.093750   0.000737
24 : 46   0.093750   0.000737
25 : 54   0.093750   0.001549
26 : 56   0.093750   0.000753
27 : 63   0.093750   0.000742
28 : 4   0.078125   0.000737
29 : 23   0.078125   0.001523
30 : 29   0.078125   0.000805
31 : 45   0.078125   0.000799
32 : 50   0.078125   0.000807
33 : 3   0.062500   0.000809
34 : 7   0.062500   0.000813
35 : 9   0.062500   0.000803
36 : 12   0.062500   0.000807
37 : 15   0.062500   0.000807
38 : 20   0.062500   0.001544
39 : 22   0.062500   0.000809
40 : 24   0.062500   0.000821
41 : 27   0.062500   0.000738
42 : 28   0.062500   0.000813
43 : 31   0.062500   0.000826
44 : 34   0.062500   0.000814
45 : 62   0.062500   0.000821
46 : 17   0.046875   0.000818
47 : 60   0.046875   0.000746
48 : 8   0.031250   0.000740
49 : 36   0.031250   0.000797
50 : 55   0.031250   0.000803

59


0 : 43   0.187500   0.001551
1 : 58   0.187500   0.002186
2 : 16   0.156250   0.001555
3 : 21   0.156250   0.001542
4 : 32   0.156250   0.001528
5 : 42   0.156250   0.001551
6 : 48   0.156250   0.001584
7 : 49   0.156250   0.001549
8 : 52   0.156250   0.001538
9 : 57   0.156250   0.001557
10 : 2   0.140625   0.001556
11 : 33   0.109375   0.001532
12 : 40   0.109375   0.000676
13 : 47   0.109375   0.001536
14 : 1   0.093750   0.000745
15 : 5   0.093750   0.001542
16 : 10   0.093750   0.000747
17 : 11   0.093750   0.000719
18 : 14   0.093750   0.000738
19 : 25   0.093750   0.000745
20 : 26   0.093750   0.000726
21 : 37   0.093750   0.000746
22 : 38   0.093750   0.000730
23 : 44   0.093750   0.000737
24 : 46   0.093750   0.000737
25 : 54   0.093750   0.001549
26 : 56   0.093750   0.000753
27 : 63   0.093750   0.000742
28 : 4   0.078125   0.000737
29 : 23   0.078125   0.001523
30 : 29   0.078125   0.000805
31 : 45   0.078125   0.000799
32 : 50   0.078125   0.000807
33 : 3   0.062500   0.000809
34 : 7   0.062500   0.000813
35 : 9   0.062500   0.000803
36 : 12   0.062500   0.000807
37 : 15   0.062500   0.000807
38 : 20   0.062500   0.001544
39 : 22   0.062500   0.000809
40 : 24   0.062500   0.000821
41 : 27   0.062500   0.000738
42 : 28   0.062500   0.000813
43 : 31   0.062500   0.000826
44 : 34   0.062500   0.000814
45 : 62   0.062500   0.000821
46 : 17   0.046875   0.000818
47 : 60   0.046875   0.000746
48 : 8   0.031250   0.000740
49 : 36   0.031250   0.000797
50 : 55   0.031250   0.000803

60


0 : 43   0.187500   0.001551
1 : 58   0.187500   0.002186
2 : 16   0.156250   0.001555
3 : 21   0.156250   0.001542
4 : 32   0.156250   0.001528
5 : 42   0.156250   0.001551
6 : 48   0.156250   0.001584
7 : 49   0.156250   0.001549
8 : 52   0.156250   0.001538
9 : 57   0.156250   0.001557
10 : 2   0.140625   0.001556
11 : 33   0.109375   0.001532
12 : 40   0.109375   0.000676
13 : 47   0.109375   0.001536
14 : 1   0.093750   0.000745
15 : 5   0.093750   0.001542
16 : 10   0.093750   0.000747
17 : 11   0.093750   0.000719
18 : 14   0.093750   0.000738
19 : 25   0.093750   0.000745
20 : 26   0.093750   0.000726
21 : 37   0.093750   0.000746
22 : 38   0.093750   0.000730
23 : 44   0.093750   0.000737
24 : 46   0.093750   0.000737
25 : 54   0.093750   0.001549
26 : 56   0.093750   0.000753
27 : 63   0.093750   0.000742
28 : 4   0.078125   0.000737
29 : 23   0.078125   0.001523
30 : 29   0.078125   0.000805
31 : 45   0.078125   0.000799
32 : 50   0.078125   0.000807
33 : 3   0.062500   0.000809
34 : 7   0.062500   0.000813
35 : 9   0.062500   0.000803
36 : 12   0.062500   0.000807
37 : 15   0.062500   0.000807
38 : 20   0.062500   0.001544
39 : 22   0.062500   0.000809
40 : 24   0.062500   0.000821
41 : 27   0.062500   0.000738
42 : 28   0.062500   0.000813
43 : 31   0.062500   0.000826
44 : 34   0.062500   0.000814
45 : 62   0.062500   0.000821
46 : 17   0.046875   0.000818
47 : 60   0.046875   0.000746
48 : 8   0.031250   0.000740
49 : 36   0.031250   0.000797
50 : 55   0.031250   0.000803

61


0 : 43   0.187500   0.001551
1 : 58   0.187500   0.002186
2 : 16   0.156250   0.001555
3 : 21   0.156250   0.001542
4 : 32   0.156250   0.001528
5 : 42   0.156250   0.001551
6 : 48   0.156250   0.001584
7 : 49   0.156250   0.001549
8 : 52   0.156250   0.001538
9 : 57   0.156250   0.001557
10 : 2   0.140625   0.001556
11 : 33   0.109375   0.001532
12 : 40   0.109375   0.000676
13 : 47   0.109375   0.001536
14 : 1   0.093750   0.000745
15 : 5   0.093750   0.001542
16 : 10   0.093750   0.000747
17 : 11   0.093750   0.000719
18 : 14   0.093750   0.000738
19 : 25   0.093750   0.000745
20 : 26   0.093750   0.000726
21 : 37   0.093750   0.000746
22 : 38   0.093750   0.000730
23 : 44   0.093750   0.000737
24 : 46   0.093750   0.000737
25 : 54   0.093750   0.001549
26 : 56   0.093750   0.000753
27 : 63   0.093750   0.000742
28 : 4   0.078125   0.000737
29 : 23   0.078125   0.001523
30 : 29   0.078125   0.000805
31 : 45   0.078125   0.000799
32 : 50   0.078125   0.000807
33 : 3   0.062500   0.000809
34 : 7   0.062500   0.000813
35 : 9   0.062500   0.000803
36 : 12   0.062500   0.000807
37 : 15   0.062500   0.000807
38 : 20   0.062500   0.001544
39 : 22   0.062500   0.000809
40 : 24   0.062500   0.000821
41 : 27   0.062500   0.000738
42 : 28   0.062500   0.000813
43 : 31   0.062500   0.000826
44 : 34   0.062500   0.000814
45 : 62   0.062500   0.000821
46 : 17   0.046875   0.000818
47 : 60   0.046875   0.000746
48 : 8   0.031250   0.000740
49 : 36   0.031250   0.000797
50 : 55   0.031250   0.000803

62


0 : 