

 Q = 100

 Q = 90

 Q = 80

 Q = 70
 99
 99
 99
 99
 99
 99
 99
 99
 99
 99
 99
 99
 99
 99

 Q = 60
 99
 99
 99
 99
 99
 99
 99
 99
 99
 99
 99
 99
 99
 99
 99
 99

 Q = 50
 99
 99
 99
 99
 99
 99
 99
 99
 99
 99
 99
 99
 99
 99
 99
 99
 99
 99

 Q = 40
 99
 99
 99
 99
 99
 99
 99
 99
 99
 99
 99
 99
 99
 99
 99
 99
 99
 99
 99

 Q = 30
 99
 99
 99
 99
 99
 99
 99
 99
 99
 99
 99
 99

 Q = 20
 99
 99
 99
 99
 99
 99
 99
 99
 99
 99
 99
 99
 99
 99

 Q = 10
 99
 99
 99
 99
 99
 99
 99
 99
 99
 99
 99
 99
 99
 99
 99
 99
 99
 99
 99
 99
 99
 99
 99
 99
 99