---------- ICA ORIGIN ----------
[8~15][0~7]
  0,   0,   0,   0,   0,   0,   0,   0, 
  0,   0,   0,   0,   0,   0,   0,   0, 
  0,   0,   0,   0,   0,   0,   0,   0, 
  0,   0,   0,   0,   0,   0,   0,   0, 
  0,   0,   0,   0,   0,   0,   0,   0, 
  0,   0,   0,   0,   0,   0,   0,   0, 
  0,   0,   0,   0,   0,   0,   0,   0, 
  0,   0,   0,   0,   0,   0,   0,   0, 


---------- ICA ORIGIN ----------
[0~7][8~15]
157, 201, 181, 175, 155, 161, 162, 180, 
158, 201, 181, 180, 160, 165, 169, 182, 
157, 201, 185, 190, 169, 177, 174, 182, 
155, 201, 181, 191, 180, 185, 180, 183, 
158, 202, 181, 193, 183, 186, 174, 175, 
151, 200, 182, 193, 180, 189, 180, 179, 
147, 203, 181, 192, 183, 187, 174, 181, 
148, 206, 183, 194, 184, 189, 182, 179, 


