

 Use image  :  mandrill.bmp




  Relationship between basis and replaceable basis


  Number of basis used : 0, 1 


  [basis number] : Number of substitutable basis for basis number 


 *Total on the right : Number of replacements (Be done)

  Total below : Number of replacements (To do)


  Of the amount of improvement  : 0 ~ 10.000000

----------------------------------------------------------------------------------

 +----+----+----+----+----+----+----+----+----+----+----+----+----+----+----+----+----+----+----+----+----+----+----+----+----+----+----+----+----+----+----+----+----+----+----+----+----+----+----+----+----+----+----+----+----+----+----+----+----+----+----+----+----+----+----+----+----+----+----+----+----+----+----+----+----+----+----+----+
 | ## |[ 0]|[ 1]|[ 2]|[ 3]|[ 4]|[ 5]|[ 6]|[ 7]|[ 8]|[ 9]|[10]|[11]|[12]|[13]|[14]|[15]|[16]|[17]|[18]|[19]|[20]|[21]|[22]|[23]|[24]|[25]|[26]|[27]|[28]|[29]|[30]|[31]|[32]|[33]|[34]|[35]|[36]|[37]|[38]|[39]|[40]|[41]|[42]|[43]|[44]|[45]|[46]|[47]|[48]|[49]|[50]|[51]|[52]|[53]|[54]|[55]|[56]|[57]|[58]|[59]|[60]|[61]|[62]|[63]| ## | TTL| ## |                                                                                    
 +----+----+----+----+----+----+----+----+----+----+----+----+----+----+----+----+----+----+----+----+----+----+----+----+----+----+----+----+----+----+----+----+----+----+----+----+----+----+----+----+----+----+----+----+----+----+----+----+----+----+----+----+----+----+----+----+----+----+----+----+----+----+----+----+----+----+----+----+
 |[ 0]| ## |    |    |    |   1|    |    |    |    |   1|    |    |    |   1|   1|    |   1|   1|    |    |   1|    |    |   1|    |   1|   1|   1|    |    |    |    |    |    |    |   1|    |   1|   1|   1|    |    |    |    |    |   1|    |   1|    |    |   1|   1|   1|   1|    |   1|    |   1|    |    |    |    |    |    |[ 0]|  23|   3|
 +----+----+----+----+----+----+----+----+----+----+----+----+----+----+----+----+----+----+----+----+----+----+----+----+----+----+----+----+----+----+----+----+----+----+----+----+----+----+----+----+----+----+----+----+----+----+----+----+----+----+----+----+----+----+----+----+----+----+----+----+----+----+----+----+----+----+----+----+
 |[ 1]|    | ## |    |    |    |    |    |   1|    |    |    |    |    |    |    |    |    |    |    |    |    |    |    |    |    |    |   1|    |    |    |    |    |   1|    |    |    |    |    |    |   1|   1|    |   1|   1|    |    |    |    |    |    |   1|   1|   1|    |    |   1|    |   1|    |    |    |    |    |    |[ 1]|  12|   7|
 +----+----+----+----+----+----+----+----+----+----+----+----+----+----+----+----+----+----+----+----+----+----+----+----+----+----+----+----+----+----+----+----+----+----+----+----+----+----+----+----+----+----+----+----+----+----+----+----+----+----+----+----+----+----+----+----+----+----+----+----+----+----+----+----+----+----+----+----+
 |[ 2]|   1|    | ## |    |   1|   1|    |    |   1|    |    |    |    |    |   1|   1|   1|   1|   1|    |    |   2|   1|   1|    |    |   1|    |    |   1|    |   1|   1|    |    |   1|    |    |    |   1|   1|    |    |   1|    |   1|   1|   1|   1|    |   1|    |   1|   1|    |    |   1|   1|   2|   1|   2|   1|    |   1|[ 2]|  37|   9|
 +----+----+----+----+----+----+----+----+----+----+----+----+----+----+----+----+----+----+----+----+----+----+----+----+----+----+----+----+----+----+----+----+----+----+----+----+----+----+----+----+----+----+----+----+----+----+----+----+----+----+----+----+----+----+----+----+----+----+----+----+----+----+----+----+----+----+----+----+
 |[ 3]|   1|    |   1| ## |   1|    |   1|    |   1|   1|   1|    |    |   2|   1|   1|    |   1|   1|   1|   1|   1|   1|    |    |    |   1|   1|   2|   1|   1|    |   1|    |   2|   2|   1|    |   2|    |    |   2|   1|   3|    |   1|   2|    |   1|   4|    |    |    |   1|   1|    |   1|   1|   1|   1|   2|    |   1|    |[ 3]|  54|  14|
 +----+----+----+----+----+----+----+----+----+----+----+----+----+----+----+----+----+----+----+----+----+----+----+----+----+----+----+----+----+----+----+----+----+----+----+----+----+----+----+----+----+----+----+----+----+----+----+----+----+----+----+----+----+----+----+----+----+----+----+----+----+----+----+----+----+----+----+----+
 |[ 4]|   1|    |   1|   1| ## |   1|    |    |   1|   1|   2|    |   1|   1|   1|    |    |   1|    |   1|   1|   1|   1|   1|   1|   1|    |   1|    |    |   1|    |   2|    |   1|    |    |   3|   1|   1|   1|   1|    |   1|   1|   1|   1|   1|   1|   1|   1|   1|   1|   1|    |   1|   1|    |   1|   1|   3|   2|   2|   1|[ 4]|  54|   9|
 +----+----+----+----+----+----+----+----+----+----+----+----+----+----+----+----+----+----+----+----+----+----+----+----+----+----+----+----+----+----+----+----+----+----+----+----+----+----+----+----+----+----+----+----+----+----+----+----+----+----+----+----+----+----+----+----+----+----+----+----+----+----+----+----+----+----+----+----+
 |[ 5]|   1|    |   1|    |   1| ## |   1|   1|   1|   1|   1|   1|    |   2|   2|   1|    |   1|   1|   1|   1|   1|   1|    |   3|   1|    |   1|    |    |   1|   1|   1|   1|   1|   2|   1|   1|   1|   1|   2|    |    |   1|   1|   1|    |    |   1|   1|   1|   1|   2|    |   1|   1|   1|   1|    |    |   1|   2|   1|    |[ 5]|  55|  15|
 +----+----+----+----+----+----+----+----+----+----+----+----+----+----+----+----+----+----+----+----+----+----+----+----+----+----+----+----+----+----+----+----+----+----+----+----+----+----+----+----+----+----+----+----+----+----+----+----+----+----+----+----+----+----+----+----+----+----+----+----+----+----+----+----+----+----+----+----+
 |[ 6]|   1|    |    |    |    |    | ## |    |    |    |    |    |    |    |    |    |    |    |    |    |    |    |    |    |   1|    |    |    |   1|    |    |    |    |    |   1|   1|    |    |    |    |    |    |    |    |    |   1|   1|    |    |    |   1|    |    |    |    |    |   1|    |    |   1|    |    |    |    |[ 6]|  10|   3|
 +----+----+----+----+----+----+----+----+----+----+----+----+----+----+----+----+----+----+----+----+----+----+----+----+----+----+----+----+----+----+----+----+----+----+----+----+----+----+----+----+----+----+----+----+----+----+----+----+----+----+----+----+----+----+----+----+----+----+----+----+----+----+----+----+----+----+----+----+
 |[ 7]|   2|   1|   3|   2|   3|   1|   3| ## |   1|   3|   3|   2|   2|   3|   2|   4|   3|   3|   1|   1|   3|   3|   2|   1|   4|   3|   2|   3|   2|   2|   1|   4|   3|   2|   5|   2|   3|   3|   2|   5|   2|   3|   1|   2|   2|   2|   1|   2|   1|   4|   1|   3|   3|   2|   3|   3|   3|   4|   1|   2|   4|   1|   3|   3|[ 7]| 154|  20|
 +----+----+----+----+----+----+----+----+----+----+----+----+----+----+----+----+----+----+----+----+----+----+----+----+----+----+----+----+----+----+----+----+----+----+----+----+----+----+----+----+----+----+----+----+----+----+----+----+----+----+----+----+----+----+----+----+----+----+----+----+----+----+----+----+----+----+----+----+
 |[ 8]|    |    |   1|    |   1|   1|    |   1| ## |    |    |    |    |    |    |    |   1|   1|    |    |    |    |    |    |    |    |   1|    |    |    |    |    |    |    |    |    |    |    |    |    |    |    |    |    |    |    |    |    |    |    |    |    |    |    |    |    |    |    |   1|    |    |    |    |    |[ 8]|   8|  10|
 +----+----+----+----+----+----+----+----+----+----+----+----+----+----+----+----+----+----+----+----+----+----+----+----+----+----+----+----+----+----+----+----+----+----+----+----+----+----+----+----+----+----+----+----+----+----+----+----+----+----+----+----+----+----+----+----+----+----+----+----+----+----+----+----+----+----+----+----+
 |[ 9]|    |    |    |    |    |    |    |    |    | ## |    |    |    |   1|   2|    |   1|    |   1|    |    |    |    |    |    |    |    |    |    |   1|   1|   1|    |    |    |    |    |    |    |   1|    |   1|    |    |    |    |   1|    |    |    |    |    |    |    |    |    |    |   1|    |    |    |   1|    |    |[ 9]|  13|   7|
 +----+----+----+----+----+----+----+----+----+----+----+----+----+----+----+----+----+----+----+----+----+----+----+----+----+----+----+----+----+----+----+----+----+----+----+----+----+----+----+----+----+----+----+----+----+----+----+----+----+----+----+----+----+----+----+----+----+----+----+----+----+----+----+----+----+----+----+----+
 |[10]|    |    |    |    |    |    |    |    |    |    | ## |    |    |    |    |    |   1|    |    |    |    |    |    |    |    |    |    |    |    |    |    |    |    |    |    |    |    |    |    |    |    |    |    |    |    |    |    |    |    |    |    |   1|    |    |    |    |    |    |    |    |    |    |    |    |[10]|   2|   8|
 +----+----+----+----+----+----+----+----+----+----+----+----+----+----+----+----+----+----+----+----+----+----+----+----+----+----+----+----+----+----+----+----+----+----+----+----+----+----+----+----+----+----+----+----+----+----+----+----+----+----+----+----+----+----+----+----+----+----+----+----+----+----+----+----+----+----+----+----+
 |[11]|    |    |    |    |    |   1|    |    |    |    |    | ## |    |   1|   1|    |    |    |    |    |    |    |    |    |   1|    |    |    |    |    |    |    |    |    |    |    |    |    |    |    |    |    |    |    |    |    |   1|    |    |    |    |   1|    |    |    |    |    |    |    |    |    |    |    |    |[11]|   6|   8|
 +----+----+----+----+----+----+----+----+----+----+----+----+----+----+----+----+----+----+----+----+----+----+----+----+----+----+----+----+----+----+----+----+----+----+----+----+----+----+----+----+----+----+----+----+----+----+----+----+----+----+----+----+----+----+----+----+----+----+----+----+----+----+----+----+----+----+----+----+
 |[12]|    |    |   1|   1|   1|    |    |    |    |    |   1|    | ## |   1|   2|    |   1|   1|   1|   1|    |    |    |    |    |   1|   1|   1|    |    |    |   1|    |    |   1|   1|    |   1|   1|    |   1|   1|    |   1|    |   1|   1|    |    |    |   1|    |   1|    |    |    |   1|   1|   1|    |   1|   1|   1|    |[12]|  32|   6|
 +----+----+----+----+----+----+----+----+----+----+----+----+----+----+----+----+----+----+----+----+----+----+----+----+----+----+----+----+----+----+----+----+----+----+----+----+----+----+----+----+----+----+----+----+----+----+----+----+----+----+----+----+----+----+----+----+----+----+----+----+----+----+----+----+----+----+----+----+
 |[13]|    |   1|    |    |   1|   1|   1|    |   1|   1|    |    |   1| ## |    |   1|   1|    |   1|    |   1|    |   1|   1|    |   2|    |   1|   1|    |   1|    |    |   1|   1|   1|   1|   1|   1|   1|    |    |   1|    |    |    |    |   1|   1|    |    |   1|   1|    |    |   1|   1|    |   2|    |    |   2|   1|   2|[13]|  39|  10|
 +----+----+----+----+----+----+----+----+----+----+----+----+----+----+----+----+----+----+----+----+----+----+----+----+----+----+----+----+----+----+----+----+----+----+----+----+----+----+----+----+----+----+----+----+----+----+----+----+----+----+----+----+----+----+----+----+----+----+----+----+----+----+----+----+----+----+----+----+
 |[14]|   6|   3|   4|   3|   3|   6|   3|   4|   3|   2|   1|   5|   3|   5| ## |   5|   2|   3|   2|   4|   4|   3|   3|   3|   3|   2|   6|   3|   4|   1|   2|   2|   4|   3|   5|   2|   3|   3|   3|   4|   3|   1|   3|   3|   3|   3|   1|   5|   4|    |   4|   2|   3|   4|   5|   5|   4|   4|   4|   6|   4|   2|   4|   3|[14]| 210|  23|
 +----+----+----+----+----+----+----+----+----+----+----+----+----+----+----+----+----+----+----+----+----+----+----+----+----+----+----+----+----+----+----+----+----+----+----+----+----+----+----+----+----+----+----+----+----+----+----+----+----+----+----+----+----+----+----+----+----+----+----+----+----+----+----+----+----+----+----+----+
 |[15]|    |   1|   1|   2|   1|    |   1|   2|    |   1|   1|   1|   1|    |   3| ## |   2|   3|   2|    |   1|   2|   1|   1|   2|   1|   1|    |   1|   3|   1|   2|   2|   2|   2|    |   2|   1|   1|   2|   2|   1|   2|    |   2|    |   3|   1|   1|    |    |   2|    |   1|   2|   1|    |   1|   1|   1|   3|    |   2|   2|[15]|  78|  19|
 +----+----+----+----+----+----+----+----+----+----+----+----+----+----+----+----+----+----+----+----+----+----+----+----+----+----+----+----+----+----+----+----+----+----+----+----+----+----+----+----+----+----+----+----+----+----+----+----+----+----+----+----+----+----+----+----+----+----+----+----+----+----+----+----+----+----+----+----+
 |[16]|   1|    |   1|   1|    |   1|    |   1|    |   1|   1|   1|   1|    |   2|   1| ## |   1|   1|    |    |   1|    |   1|   1|   1|   1|   2|   1|    |   1|    |   1|   2|   2|   1|    |   1|   1|    |   1|    |   1|   1|   1|    |   1|   2|   1|   1|   1|    |   1|    |   1|   1|   1|   2|    |   1|   1|   1|   1|    |[16]|  51|  18|
 +----+----+----+----+----+----+----+----+----+----+----+----+----+----+----+----+----+----+----+----+----+----+----+----+----+----+----+----+----+----+----+----+----+----+----+----+----+----+----+----+----+----+----+----+----+----+----+----+----+----+----+----+----+----+----+----+----+----+----+----+----+----+----+----+----+----+----+----+
 |[17]|   1|    |   1|   1|   1|   1|   2|    |   1|   1|   1|   2|    |   2|   1|   3|    | ## |   1|   1|    |   1|   2|    |    |    |   2|   1|   2|   2|   2|   1|   1|    |   1|    |    |   1|    |   1|   1|   1|   1|   2|    |   1|    |   2|   1|    |   1|   1|   2|   1|   1|    |    |   2|    |    |   1|   1|   2|   3|[17]|  61|  14|
 +----+----+----+----+----+----+----+----+----+----+----+----+----+----+----+----+----+----+----+----+----+----+----+----+----+----+----+----+----+----+----+----+----+----+----+----+----+----+----+----+----+----+----+----+----+----+----+----+----+----+----+----+----+----+----+----+----+----+----+----+----+----+----+----+----+----+----+----+
 |[18]|   1|   1|   2|    |   2|   2|   2|   1|   2|   2|   1|   2|   2|   2|   1|   1|   2|   1| ## |   2|   2|   2|   1|   2|   2|   1|   1|   1|   2|    |   1|   1|   2|   1|   1|   1|   2|   1|   2|    |   2|   1|   2|   1|    |   2|   1|   2|   1|   2|   1|   2|   1|   2|   2|    |   2|    |   1|   1|   1|   2|   1|   2|[18]|  87|  10|
 +----+----+----+----+----+----+----+----+----+----+----+----+----+----+----+----+----+----+----+----+----+----+----+----+----+----+----+----+----+----+----+----+----+----+----+----+----+----+----+----+----+----+----+----+----+----+----+----+----+----+----+----+----+----+----+----+----+----+----+----+----+----+----+----+----+----+----+----+
 |[19]|   1|   1|   1|   1|   1|   1|    |    |    |   1|    |   1|    |   1|   1|    |   2|   1|    | ## |   2|   2|   1|   1|   1|    |   1|    |   1|   1|   1|   2|    |   1|    |   1|    |   1|   1|   1|   1|   1|   2|   2|   3|   1|   2|   2|    |    |   1|   1|   1|   1|   1|    |    |   1|   1|   2|    |   1|   1|   1|[19]|  57|  29|
 +----+----+----+----+----+----+----+----+----+----+----+----+----+----+----+----+----+----+----+----+----+----+----+----+----+----+----+----+----+----+----+----+----+----+----+----+----+----+----+----+----+----+----+----+----+----+----+----+----+----+----+----+----+----+----+----+----+----+----+----+----+----+----+----+----+----+----+----+
 |[20]|    |    |   1|   2|   1|   1|   1|    |    |   1|   1|   1|   1|   1|   1|    |   1|    |   1|    | ## |    |   1|   1|   2|   1|   1|   1|    |    |   1|   1|    |    |   1|    |   1|    |   1|   1|   1|    |   1|   1|   1|   1|   1|    |    |   1|   1|   1|   1|   1|    |   1|   1|   1|   1|    |   1|   1|   1|    |[20]|  45|   9|
 +----+----+----+----+----+----+----+----+----+----+----+----+----+----+----+----+----+----+----+----+----+----+----+----+----+----+----+----+----+----+----+----+----+----+----+----+----+----+----+----+----+----+----+----+----+----+----+----+----+----+----+----+----+----+----+----+----+----+----+----+----+----+----+----+----+----+----+----+
 |[21]|    |    |   1|   2|    |   1|   1|   1|   1|    |   1|   3|   1|   1|   1|   1|   1|   1|    |   1|   1| ## |   1|   1|    |    |   2|    |   1|   1|    |    |   2|    |   1|    |   1|    |    |   1|    |   1|   1|    |   2|   1|    |   2|   1|    |   1|    |   1|   1|    |   1|    |    |    |    |   2|    |    |   1|[21]|  45|  18|
 +----+----+----+----+----+----+----+----+----+----+----+----+----+----+----+----+----+----+----+----+----+----+----+----+----+----+----+----+----+----+----+----+----+----+----+----+----+----+----+----+----+----+----+----+----+----+----+----+----+----+----+----+----+----+----+----+----+----+----+----+----+----+----+----+----+----+----+----+
 |[22]|   2|   3|   2|   3|   3|   3|   2|   3|   2|   1|   3|   2|    |   2|   1|   2|   2|   3|   2|   1|   3|   1| ## |   3|   2|   2|   2|   3|   2|   1|   2|   2|   2|   2|   2|   3|   3|   2|   3|   3|   3|   2|   2|   2|   3|   3|   2|   2|   2|   2|   2|   3|   2|   3|   2|   3|   2|   3|   4|   1|   3|   1|   3|   3|[22]| 143|  13|
 +----+----+----+----+----+----+----+----+----+----+----+----+----+----+----+----+----+----+----+----+----+----+----+----+----+----+----+----+----+----+----+----+----+----+----+----+----+----+----+----+----+----+----+----+----+----+----+----+----+----+----+----+----+----+----+----+----+----+----+----+----+----+----+----+----+----+----+----+
 |[23]|    |    |    |    |    |    |    |   1|    |    |    |    |   1|    |   1|    |   1|   1|    |    |    |    |    | ## |    |    |    |    |    |    |    |    |   1|    |    |    |    |    |    |    |    |    |   1|    |   1|    |    |    |    |    |    |    |    |    |    |    |    |    |   1|    |    |    |    |    |[23]|   9|   6|
 +----+----+----+----+----+----+----+----+----+----+----+----+----+----+----+----+----+----+----+----+----+----+----+----+----+----+----+----+----+----+----+----+----+----+----+----+----+----+----+----+----+----+----+----+----+----+----+----+----+----+----+----+----+----+----+----+----+----+----+----+----+----+----+----+----+----+----+----+
 |[24]|    |   1|   3|   3|   2|   4|   1|   5|   3|   3|   4|   2|   2|   5|   2|   4|   1|   2|   4|   2|   1|   4|   4|   3| ## |   3|   3|   3|   6|   2|   1|   3|   3|   4|   3|   2|   2|   3|   1|   4|   2|   3|    |   4|   5|   4|   7|   3|    |   3|   3|   3|   1|   2|   2|   3|   3|   4|   4|   3|   2|   3|   3|   5|[24]| 180|  22|
 +----+----+----+----+----+----+----+----+----+----+----+----+----+----+----+----+----+----+----+----+----+----+----+----+----+----+----+----+----+----+----+----+----+----+----+----+----+----+----+----+----+----+----+----+----+----+----+----+----+----+----+----+----+----+----+----+----+----+----+----+----+----+----+----+----+----+----+----+
 |[25]|    |    |    |    |    |   1|    |    |    |    |   1|    |    |   2|    |    |    |   1|    |    |    |    |    |    |   1| ## |   1|    |    |    |    |   1|    |    |    |   1|    |    |    |    |    |    |    |    |    |    |    |    |    |    |    |    |    |    |    |    |    |   1|    |    |    |    |    |    |[25]|  10|  10|
 +----+----+----+----+----+----+----+----+----+----+----+----+----+----+----+----+----+----+----+----+----+----+----+----+----+----+----+----+----+----+----+----+----+----+----+----+----+----+----+----+----+----+----+----+----+----+----+----+----+----+----+----+----+----+----+----+----+----+----+----+----+----+----+----+----+----+----+----+
 |[26]|    |    |    |    |    |    |    |    |    |    |    |    |    |    |    |    |    |    |    |    |    |    |    |    |    |    | ## |    |    |    |    |    |    |    |    |    |    |    |    |    |    |    |    |    |    |    |    |    |    |    |    |    |    |    |    |   1|    |    |    |   1|    |    |    |    |[26]|   2|   3|
 +----+----+----+----+----+----+----+----+----+----+----+----+----+----+----+----+----+----+----+----+----+----+----+----+----+----+----+----+----+----+----+----+----+----+----+----+----+----+----+----+----+----+----+----+----+----+----+----+----+----+----+----+----+----+----+----+----+----+----+----+----+----+----+----+----+----+----+----+
 |[27]|    |    |    |    |    |    |    |    |    |    |    |    |    |    |    |    |    |    |    |    |    |    |    |    |    |    |    | ## |    |    |    |    |    |    |    |    |    |    |    |    |    |    |    |   1|    |    |    |    |    |    |    |    |    |    |    |    |    |    |    |    |    |    |    |    |[27]|   1|   9|
 +----+----+----+----+----+----+----+----+----+----+----+----+----+----+----+----+----+----+----+----+----+----+----+----+----+----+----+----+----+----+----+----+----+----+----+----+----+----+----+----+----+----+----+----+----+----+----+----+----+----+----+----+----+----+----+----+----+----+----+----+----+----+----+----+----+----+----+----+
 |[28]|   1|    |    |   1|   1|   1|    |   2|    |   1|   1|   1|   1|   2|    |   1|   2|   1|   1|   1|   1|    |   1|    |   1|   1|    |    | ## |   2|   1|   1|   1|   3|   1|   1|   1|   1|    |   2|   1|   3|   1|   1|   1|   1|   1|    |    |    |   1|   1|    |   2|   1|    |   1|   1|   2|    |   1|   1|    |   1|[28]|  57|  16|
 +----+----+----+----+----+----+----+----+----+----+----+----+----+----+----+----+----+----+----+----+----+----+----+----+----+----+----+----+----+----+----+----+----+----+----+----+----+----+----+----+----+----+----+----+----+----+----+----+----+----+----+----+----+----+----+----+----+----+----+----+----+----+----+----+----+----+----+----+
 |[29]|   1|    |   1|    |   1|    |   1|    |   1|    |   1|   1|    |   1|   1|    |    |    |    |    |   1|   1|    |   1|    |    |   1|   1|    | ## |    |    |   1|    |   1|   1|   1|   1|   1|    |   1|    |   1|   2|   1|   1|   1|   1|   1|   1|    |    |   1|    |   1|   1|    |   1|   1|    |    |    |   1|   1|[29]|  37|  12|
 +----+----+----+----+----+----+----+----+----+----+----+----+----+----+----+----+----+----+----+----+----+----+----+----+----+----+----+----+----+----+----+----+----+----+----+----+----+----+----+----+----+----+----+----+----+----+----+----+----+----+----+----+----+----+----+----+----+----+----+----+----+----+----+----+----+----+----+----+
 |[30]|    |    |    |    |    |   1|    |    |    |    |    |    |    |    |    |    |    |    |    |   1|   1|    |    |    |    |    |    |    |    |    | ## |    |    |    |    |    |    |    |    |    |    |    |    |    |    |    |    |    |    |    |    |    |    |    |    |    |    |   1|    |    |    |    |    |    |[30]|   4|   6|
 +----+----+----+----+----+----+----+----+----+----+----+----+----+----+----+----+----+----+----+----+----+----+----+----+----+----+----+----+----+----+----+----+----+----+----+----+----+----+----+----+----+----+----+----+----+----+----+----+----+----+----+----+----+----+----+----+----+----+----+----+----+----+----+----+----+----+----+----+
 |[31]|   1|   1|   1|   1|   2|   1|   1|   2|   2|   1|   1|   1|   1|   1|   2|   1|   2|   1|   2|   2|    |   2|   2|   1|   1|    |   2|   2|   1|   1|   1| ## |   2|   1|   1|    |   2|   2|   2|   1|    |   2|   1|    |   4|   3|   1|   2|   1|   1|   1|   1|   2|   1|   2|   1|   2|   2|   1|   1|   1|   2|   2|   2|[31]|  87|  19|
 +----+----+----+----+----+----+----+----+----+----+----+----+----+----+----+----+----+----+----+----+----+----+----+----+----+----+----+----+----+----+----+----+----+----+----+----+----+----+----+----+----+----+----+----+----+----+----+----+----+----+----+----+----+----+----+----+----+----+----+----+----+----+----+----+----+----+----+----+
 |[32]|    |    |    |    |    |    |    |    |    |    |    |    |    |    |    |    |    |    |    |    |    |    |   1|    |    |    |    |    |    |    |    |    | ## |    |    |    |    |    |    |    |    |    |    |    |    |    |    |    |    |    |    |    |    |    |    |    |    |   1|    |    |    |    |    |    |[32]|   2|   8|
 +----+----+----+----+----+----+----+----+----+----+----+----+----+----+----+----+----+----+----+----+----+----+----+----+----+----+----+----+----+----+----+----+----+----+----+----+----+----+----+----+----+----+----+----+----+----+----+----+----+----+----+----+----+----+----+----+----+----+----+----+----+----+----+----+----+----+----+----+
 |[33]|    |    |    |    |    |    |    |    |    |    |    |    |    |    |    |    |    |   1|    |    |    |    |    |    |    |    |    |    |    |    |    |    |    | ## |    |    |    |    |    |    |   1|   1|    |    |    |    |   1|   1|    |    |    |    |    |    |    |   1|   1|   1|    |   1|    |    |    |    |[33]|   9|  15|
 +----+----+----+----+----+----+----+----+----+----+----+----+----+----+----+----+----+----+----+----+----+----+----+----+----+----+----+----+----+----+----+----+----+----+----+----+----+----+----+----+----+----+----+----+----+----+----+----+----+----+----+----+----+----+----+----+----+----+----+----+----+----+----+----+----+----+----+----+
 |[34]|   1|   1|   1|    |   1|   1|   1|   1|   1|   1|   1|   1|   1|   1|   1|   1|   1|   1|    |   3|   1|   2|   1|   1|   1|   1|   1|    |    |    |   1|   1|    |   1| ## |   2|    |   1|   1|    |   1|   1|   1|   2|   2|    |    |   1|   1|   1|   1|    |   1|    |   1|   1|   1|   1|   1|   1|   1|   1|   1|    |[34]|  56|  30|
 +----+----+----+----+----+----+----+----+----+----+----+----+----+----+----+----+----+----+----+----+----+----+----+----+----+----+----+----+----+----+----+----+----+----+----+----+----+----+----+----+----+----+----+----+----+----+----+----+----+----+----+----+----+----+----+----+----+----+----+----+----+----+----+----+----+----+----+----+
 |[35]|    |   1|   1|   1|   1|   1|   1|   1|   1|    |    |   1|    |   1|    |   2|   1|   1|    |   2|   1|   2|    |    |   1|    |   2|    |   3|    |   1|   2|   1|    |   1| ## |   1|   2|   1|   2|   1|   2|    |    |   2|    |   1|   2|    |   1|   1|   1|    |   1|    |    |   1|   2|    |    |   1|    |   1|   1|[35]|  54|  33|
 +----+----+----+----+----+----+----+----+----+----+----+----+----+----+----+----+----+----+----+----+----+----+----+----+----+----+----+----+----+----+----+----+----+----+----+----+----+----+----+----+----+----+----+----+----+----+----+----+----+----+----+----+----+----+----+----+----+----+----+----+----+----+----+----+----+----+----+----+
 |[36]|    |    |    |    |    |    |    |    |    |    |    |   1|    |    |    |   1|    |    |   1|    |    |    |    |    |   1|    |    |    |    |    |    |    |    |    |    |    | ## |   1|    |    |    |    |    |    |   2|    |    |   1|    |    |   1|    |    |    |    |    |   1|    |    |    |    |    |   1|    |[36]|  11|   5|
 +----+----+----+----+----+----+----+----+----+----+----+----+----+----+----+----+----+----+----+----+----+----+----+----+----+----+----+----+----+----+----+----+----+----+----+----+----+----+----+----+----+----+----+----+----+----+----+----+----+----+----+----+----+----+----+----+----+----+----+----+----+----+----+----+----+----+----+----+
 |[37]|    |    |    |    |    |    |    |    |    |    |    |    |    |    |    |    |    |    |    |    |    |    |    |    |    |    |    |    |    |    |    |    |    |   1|    |    |    | ## |    |   2|   1|    |    |    |   1|    |   2|    |    |    |    |   1|    |    |   1|    |    |    |    |    |    |    |   2|   1|[37]|  12|   8|
 +----+----+----+----+----+----+----+----+----+----+----+----+----+----+----+----+----+----+----+----+----+----+----+----+----+----+----+----+----+----+----+----+----+----+----+----+----+----+----+----+----+----+----+----+----+----+----+----+----+----+----+----+----+----+----+----+----+----+----+----+----+----+----+----+----+----+----+----+
 |[38]|    |    |    |    |    |    |    |    |    |    |    |    |    |    |    |    |    |    |    |    |    |    |    |    |    |    |    |    |    |    |    |    |    |    |    |    |    |    | ## |    |    |    |    |    |    |    |    |    |    |    |    |    |    |    |    |    |    |    |    |    |    |    |    |    |[38]|   0|   3|
 +----+----+----+----+----+----+----+----+----+----+----+----+----+----+----+----+----+----+----+----+----+----+----+----+----+----+----+----+----+----+----+----+----+----+----+----+----+----+----+----+----+----+----+----+----+----+----+----+----+----+----+----+----+----+----+----+----+----+----+----+----+----+----+----+----+----+----+----+
 |[39]|   2|   2|   2|   2|   2|   2|   1|   1|   2|   2|   3|   3|   3|   1|   3|    |   3|   2|   2|   2|   2|    |   2|   2|   2|   4|   2|   2|   2|   3|   1|   3|   1|   3|   1|   2|   1|   3|   3| ## |   2|   3|   1|   3|   4|   3|   1|   1|   1|   2|   1|   3|   3|   1|   1|   1|   2|   2|   1|   3|   1|   1|   3|   4|[39]| 127|  28|
 +----+----+----+----+----+----+----+----+----+----+----+----+----+----+----+----+----+----+----+----+----+----+----+----+----+----+----+----+----+----+----+----+----+----+----+----+----+----+----+----+----+----+----+----+----+----+----+----+----+----+----+----+----+----+----+----+----+----+----+----+----+----+----+----+----+----+----+----+
 |[40]|    |   1|   1|   2|   2|   1|    |   2|   1|   1|   3|   3|   1|   1|   2|    |    |    |   2|    |   1|   1|   1|    |   1|    |   1|    |   1|   1|   1|   1|   1|   1|   2|   1|   1|    |   1|    | ## |   2|    |    |   1|   2|    |   2|    |   2|   1|    |   1|   1|   1|    |   2|    |   1|   1|   1|   2|   1|   1|[40]|  61|  13|
 +----+----+----+----+----+----+----+----+----+----+----+----+----+----+----+----+----+----+----+----+----+----+----+----+----+----+----+----+----+----+----+----+----+----+----+----+----+----+----+----+----+----+----+----+----+----+----+----+----+----+----+----+----+----+----+----+----+----+----+----+----+----+----+----+----+----+----+----+
 |[41]|    |   1|   1|   2|   2|    |    |   1|    |   1|   2|   1|    |    |    |   1|    |    |    |    |   2|   1|    |   1|   1|   1|   1|   2|   2|   3|    |   1|   1|   2|    |    |    |    |   1|   1|   1| ## |   1|   5|   2|   1|   6|   1|   1|   2|    |    |    |   1|   1|    |    |   5|   1|   2|   1|    |    |    |[41]|  63|  70|
 +----+----+----+----+----+----+----+----+----+----+----+----+----+----+----+----+----+----+----+----+----+----+----+----+----+----+----+----+----+----+----+----+----+----+----+----+----+----+----+----+----+----+----+----+----+----+----+----+----+----+----+----+----+----+----+----+----+----+----+----+----+----+----+----+----+----+----+----+
 |[42]|    |   1|    |    |   1|   1|    |    |   1|   1|   1|   1|   1|    |   1|   1|   1|    |   1|    |    |   1|   1|    |   1|    |   1|   1|   1|    |   1|   1|   1|   2|    |   1|   1|   1|    |   1|    |    | ## |   1|   1|   1|    |    |   1|   1|   1|    |   1|   1|   1|   1|    |   1|   1|    |   1|   1|   1|    |[42]|  42|   7|
 +----+----+----+----+----+----+----+----+----+----+----+----+----+----+----+----+----+----+----+----+----+----+----+----+----+----+----+----+----+----+----+----+----+----+----+----+----+----+----+----+----+----+----+----+----+----+----+----+----+----+----+----+----+----+----+----+----+----+----+----+----+----+----+----+----+----+----+----+
 |[43]|   1|   2|   3|   6|   3|   3|   5|   2|   6|   2|   4|   6|   5|   5|   4|   4|   2|   6|   4|   2|   2|   4|   5|   4|   5|   4|   5|   3|   1|   2|   5|   3|   5|   2|   4|   4|   3|   3|   3|   4|   4|   7|   1| ## |   5|   2|   9|   4|   3|   4|   4|   3|   5|   4|   4|   4|   3|   9|   6|   2|   4|   2|   2|   3|[43]| 240|  27|
 +----+----+----+----+----+----+----+----+----+----+----+----+----+----+----+----+----+----+----+----+----+----+----+----+----+----+----+----+----+----+----+----+----+----+----+----+----+----+----+----+----+----+----+----+----+----+----+----+----+----+----+----+----+----+----+----+----+----+----+----+----+----+----+----+----+----+----+----+
 |[44]|   8|   5|   3|   5|   3|   5|   7|   4|   4|   3|   7|   3|   5|   1|   3|   5|  13|   7|   5|  10|   6|   3|   5|   4|   6|   7|   7|   8|   4|   4|   5|   6|   6|   6|   7|  11|   7|   6|   5|   8|   2|   4|   4|   6| ## |   7|   6|   6|   4|   4|   5|   1|   8|  10|   3|   4|   6|   5|   7|   9|   4|   6|   7|   5|[44]| 350|  75|
 +----+----+----+----+----+----+----+----+----+----+----+----+----+----+----+----+----+----+----+----+----+----+----+----+----+----+----+----+----+----+----+----+----+----+----+----+----+----+----+----+----+----+----+----+----+----+----+----+----+----+----+----+----+----+----+----+----+----+----+----+----+----+----+----+----+----+----+----+
 |[45]|    |    |    |    |    |   1|    |    |    |    |    |    |    |    |    |    |    |    |    |    |    |    |    |    |    |    |    |    |    |    |    |    |    |    |    |    |    |    |    |    |    |    |    |    |    | ## |    |    |    |    |    |    |    |    |    |    |    |    |    |    |    |    |    |    |[45]|   1|   2|
 +----+----+----+----+----+----+----+----+----+----+----+----+----+----+----+----+----+----+----+----+----+----+----+----+----+----+----+----+----+----+----+----+----+----+----+----+----+----+----+----+----+----+----+----+----+----+----+----+----+----+----+----+----+----+----+----+----+----+----+----+----+----+----+----+----+----+----+----+
 |[46]|   4|   4|   5|   4|   3|   4|   4|   3|   1|   4|   6|   5|   5|   2|   5|   5|   2|   5|   5|   5|   5|   2|   3|   2|   5|   3|   4|   5|   7|   5|   4|   3|   3|   7|   3|   3|   3|   5|    |   4|   2|   5|   3|   4|   5|   4| ## |   5|   2|  10|   2|   1|   6|   3|   2|   3|   4|   6|   3|   6|   5|   1|   3|   5|[46]| 247|  75|
 +----+----+----+----+----+----+----+----+----+----+----+----+----+----+----+----+----+----+----+----+----+----+----+----+----+----+----+----+----+----+----+----+----+----+----+----+----+----+----+----+----+----+----+----+----+----+----+----+----+----+----+----+----+----+----+----+----+----+----+----+----+----+----+----+----+----+----+----+
 |[47]|   2|   2|   3|   1|   1|   2|   2|   1|    |   1|   2|    |   2|   2|   2|   1|   1|   2|   2|   2|   2|   1|   2|   2|   1|   2|   2|   1|   2|   1|   2|   2|   2|   2|   1|   1|   2|   2|   1|   2|   1|   2|   2|   2|    |   2|    | ## |   1|   2|   1|   2|   1|   1|   2|   2|   2|   2|    |   2|   1|   2|    |   2|[47]|  96|  13|
 +----+----+----+----+----+----+----+----+----+----+----+----+----+----+----+----+----+----+----+----+----+----+----+----+----+----+----+----+----+----+----+----+----+----+----+----+----+----+----+----+----+----+----+----+----+----+----+----+----+----+----+----+----+----+----+----+----+----+----+----+----+----+----+----+----+----+----+----+
 |[48]|    |    |    |    |    |    |    |    |    |    |    |    |    |    |    |    |    |    |    |    |    |    |    |    |    |    |    |    |    |    |    |    |    |    |    |    |    |    |    |    |    |    |    |    |    |    |    |    | ## |    |    |    |   1|    |    |    |    |    |    |   1|    |    |    |    |[48]|   2|   3|
 +----+----+----+----+----+----+----+----+----+----+----+----+----+----+----+----+----+----+----+----+----+----+----+----+----+----+----+----+----+----+----+----+----+----+----+----+----+----+----+----+----+----+----+----+----+----+----+----+----+----+----+----+----+----+----+----+----+----+----+----+----+----+----+----+----+----+----+----+
 |[49]|   1|   1|    |    |    |    |   1|   1|   1|    |    |   1|    |   1|   2|   1|    |   1|   1|    |   1|    |   1|    |   1|   1|    |    |   1|    |    |   1|    |   1|    |    |   1|    |    |    |    |   1|   1|    |    |    |   1|    |   1| ## |   1|   1|   1|    |   1|   1|    |    |   1|    |    |   1|   1|    |[49]|  32|  13|
 +----+----+----+----+----+----+----+----+----+----+----+----+----+----+----+----+----+----+----+----+----+----+----+----+----+----+----+----+----+----+----+----+----+----+----+----+----+----+----+----+----+----+----+----+----+----+----+----+----+----+----+----+----+----+----+----+----+----+----+----+----+----+----+----+----+----+----+----+
 |[50]|    |    |    |   1|    |    |    |    |    |    |    |    |   1|    |    |   2|    |    |    |   1|   1|    |    |   1|   1|   1|    |    |    |    |    |    |    |   2|    |    |    |    |    |    |    |   1|    |   1|    |    |   1|    |    |    | ## |    |    |    |   1|   1|    |   1|   1|    |    |    |    |    |[50]|  18|  11|
 +----+----+----+----+----+----+----+----+----+----+----+----+----+----+----+----+----+----+----+----+----+----+----+----+----+----+----+----+----+----+----+----+----+----+----+----+----+----+----+----+----+----+----+----+----+----+----+----+----+----+----+----+----+----+----+----+----+----+----+----+----+----+----+----+----+----+----+----+
 |[51]|   1|    |    |    |   1|   1|   1|    |    |    |   1|    |   1|    |    |    |    |    |    |    |   1|    |    |   1|    |   1|    |    |    |    |    |   1|   1|    |    |   2|    |    |    |    |    |    |    |    |   1|    |    |    |   1|   1|    | ## |    |    |    |   1|    |   1|    |    |   2|    |   1|   1|[51]|  22|   9|
 +----+----+----+----+----+----+----+----+----+----+----+----+----+----+----+----+----+----+----+----+----+----+----+----+----+----+----+----+----+----+----+----+----+----+----+----+----+----+----+----+----+----+----+----+----+----+----+----+----+----+----+----+----+----+----+----+----+----+----+----+----+----+----+----+----+----+----+----+
 |[52]|    |    |    |    |    |    |    |    |    |    |    |   1|    |    |    |    |    |    |    |   1|    |    |    |    |    |    |    |    |    |    |    |    |    |    |    |    |    |    |    |    |    |    |    |    |    |    |    |    |    |    |    |    | ## |    |    |    |    |    |    |    |    |    |    |    |[52]|   2|   9|
 +----+----+----+----+----+----+----+----+----+----+----+----+----+----+----+----+----+----+----+----+----+----+----+----+----+----+----+----+----+----+----+----+----+----+----+----+----+----+----+----+----+----+----+----+----+----+----+----+----+----+----+----+----+----+----+----+----+----+----+----+----+----+----+----+----+----+----+----+
 |[53]|   2|    |   1|   1|    |   2|    |   1|   1|   1|   1|   2|   1|   1|    |    |    |   1|   1|   1|   1|    |    |    |   1|    |   1|   1|    |    |    |   1|    |   1|   1|   1|    |   1|   1|    |   1|   1|   1|    |   1|    |   1|   1|   1|    |   1|    |   1| ## |   1|   1|    |   1|   1|   2|   1|   1|    |   1|[53]|  45|  14|
 +----+----+----+----+----+----+----+----+----+----+----+----+----+----+----+----+----+----+----+----+----+----+----+----+----+----+----+----+----+----+----+----+----+----+----+----+----+----+----+----+----+----+----+----+----+----+----+----+----+----+----+----+----+----+----+----+----+----+----+----+----+----+----+----+----+----+----+----+
 |[54]|    |    |    |    |    |    |    |    |   1|    |    |    |    |    |    |    |    |    |    |    |    |    |    |    |    |    |    |    |    |    |    |    |    |    |    |    |    |    |    |    |    |   1|    |    |    |    |    |    |    |    |    |    |    |    | ## |    |    |    |    |    |    |    |    |    |[54]|   2|   4|
 +----+----+----+----+----+----+----+----+----+----+----+----+----+----+----+----+----+----+----+----+----+----+----+----+----+----+----+----+----+----+----+----+----+----+----+----+----+----+----+----+----+----+----+----+----+----+----+----+----+----+----+----+----+----+----+----+----+----+----+----+----+----+----+----+----+----+----+----+
 |[55]|    |    |    |    |    |    |    |    |    |    |    |    |    |    |    |   1|    |    |    |   1|    |    |    |    |    |    |    |    |    |    |    |    |    |   1|    |    |    |    |    |    |    |    |    |    |    |    |    |    |    |    |    |    |    |    |    | ## |    |    |    |   1|    |    |    |    |[55]|   4|   7|
 +----+----+----+----+----+----+----+----+----+----+----+----+----+----+----+----+----+----+----+----+----+----+----+----+----+----+----+----+----+----+----+----+----+----+----+----+----+----+----+----+----+----+----+----+----+----+----+----+----+----+----+----+----+----+----+----+----+----+----+----+----+----+----+----+----+----+----+----+
 |[56]|   2|   3|   3|   2|   3|   3|   1|   3|   1|   3|   1|   3|    |   1|   2|   4|   3|   2|   2|   3|   5|   2|   2|   3|   1|   3|   2|   2|   2|   2|   1|   2|   4|   2|   1|   3|   1|   2|   2|   3|   2|   3|   2|   1|   2|   1|   5|   4|   1|   3|   3|   1|   2|   1|   1|   2| ## |   4|   4|   2|   3|   3|   3|   2|[56]| 145|  23|
 +----+----+----+----+----+----+----+----+----+----+----+----+----+----+----+----+----+----+----+----+----+----+----+----+----+----+----+----+----+----+----+----+----+----+----+----+----+----+----+----+----+----+----+----+----+----+----+----+----+----+----+----+----+----+----+----+----+----+----+----+----+----+----+----+----+----+----+----+
 |[57]|   7|   7|  11|  10|   8|  13|  10|   4|  10|   6|   8|   9|   6|   8|  11|  10|   6|   9|   8|   7|   7|   8|  10|  10|   7|  10|   9|   5|   3|  13|   5|   8|  11|   9|   4|   8|   9|   5|   8|  11|   8|   8|   9|   9|   8|  10|  10|  12|   9|   8|  12|   6|   8|  10|   5|   8|   7| ## |   2|  10|   7|   8|   9|  11|[57]| 522|  62|
 +----+----+----+----+----+----+----+----+----+----+----+----+----+----+----+----+----+----+----+----+----+----+----+----+----+----+----+----+----+----+----+----+----+----+----+----+----+----+----+----+----+----+----+----+----+----+----+----+----+----+----+----+----+----+----+----+----+----+----+----+----+----+----+----+----+----+----+----+
 |[58]|    |    |    |    |    |    |   1|    |    |    |    |    |   1|    |    |    |    |    |    |    |    |    |    |    |    |    |    |    |    |    |    |    |   1|    |    |    |    |    |    |    |   1|    |    |    |   1|    |    |   1|    |   1|    |    |    |    |    |    |    |   1| ## |    |    |    |    |    |[58]|   8|  10|
 +----+----+----+----+----+----+----+----+----+----+----+----+----+----+----+----+----+----+----+----+----+----+----+----+----+----+----+----+----+----+----+----+----+----+----+----+----+----+----+----+----+----+----+----+----+----+----+----+----+----+----+----+----+----+----+----+----+----+----+----+----+----+----+----+----+----+----+----+
 |[59]|    |    |   1|    |    |   2|   1|    |   1|    |    |   1|    |    |   2|   1|   1|    |    |    |   1|   1|   1|    |    |   1|   1|    |    |    |   1|    |    |   1|   1|   1|    |   1|    |   1|   1|   1|   1|   1|   2|   1|   2|    |    |   1|    |   1|   1|    |    |   1|    |   1|    | ## |   1|    |   1|   1|[59]|  38|  18|
 +----+----+----+----+----+----+----+----+----+----+----+----+----+----+----+----+----+----+----+----+----+----+----+----+----+----+----+----+----+----+----+----+----+----+----+----+----+----+----+----+----+----+----+----+----+----+----+----+----+----+----+----+----+----+----+----+----+----+----+----+----+----+----+----+----+----+----+----+
 |[60]|   1|   1|    |   2|   1|   2|   1|   2|   1|   1|   1|   1|    |   3|   1|    |   1|    |   2|   1|    |   1|    |   2|    |   1|    |   1|   2|   1|   3|   1|   1|   2|    |   1|   2|   1|   1|   1|   1|   2|   3|   1|   1|   2|   1|   1|   2|   2|   2|   1|   1|   2|   1|   1|   1|   2|    |   1| ## |    |   1|    |[60]|  72|  14|
 +----+----+----+----+----+----+----+----+----+----+----+----+----+----+----+----+----+----+----+----+----+----+----+----+----+----+----+----+----+----+----+----+----+----+----+----+----+----+----+----+----+----+----+----+----+----+----+----+----+----+----+----+----+----+----+----+----+----+----+----+----+----+----+----+----+----+----+----+
 |[61]|    |   1|    |   1|   1|   1|   1|    |   1|   1|   1|   1|   1|    |    |   1|    |    |    |   1|   1|    |    |    |   1|    |   1|   1|   1|   1|   1|   1|   1|   1|    |    |   1|   1|   1|    |    |   1|    |    |   1|    |    |   1|   1|    |   1|   1|    |    |    |    |   1|   1|   1|    |   1| ## |    |   1|[61]|  36|   6|
 +----+----+----+----+----+----+----+----+----+----+----+----+----+----+----+----+----+----+----+----+----+----+----+----+----+----+----+----+----+----+----+----+----+----+----+----+----+----+----+----+----+----+----+----+----+----+----+----+----+----+----+----+----+----+----+----+----+----+----+----+----+----+----+----+----+----+----+----+
 |[62]|    |    |   1|   1|    |    |    |    |    |    |    |    |    |    |   1|    |    |    |    |    |    |    |    |    |    |    |    |    |    |   1|    |    |    |    |   1|    |    |   1|   1|    |    |    |    |    |    |    |    |    |    |    |    |    |   1|    |    |    |    |    |    |    |    |    | ## |    |[62]|   8|  13|
 +----+----+----+----+----+----+----+----+----+----+----+----+----+----+----+----+----+----+----+----+----+----+----+----+----+----+----+----+----+----+----+----+----+----+----+----+----+----+----+----+----+----+----+----+----+----+----+----+----+----+----+----+----+----+----+----+----+----+----+----+----+----+----+----+----+----+----+----+
 |[63]|   1|   1|    |    |   1|   3|   1|   2|   1|    |   2|   2|   1|   3|    |   2|    |   1|   1|    |    |   1|   1|   1|   3|   2|   1|   1|    |   1|   1|   1|   2|    |   2|   1|   1|    |   1|   1|   1|    |    |   1|   2|   1|   3|    |   1|   1|   1|   1|   1|   1|    |   3|   1|   2|   2|   2|    |   2|   1| ## |[63]|  70|  11|
 +----+----+----+----+----+----+----+----+----+----+----+----+----+----+----+----+----+----+----+----+----+----+----+----+----+----+----+----+----+----+----+----+----+----+----+----+----+----+----+----+----+----+----+----+----+----+----+----+----+----+----+----+----+----+----+----+----+----+----+----+----+----+----+----+----+----+----+----+
 | ## |[ 0]|[ 1]|[ 2]|[ 3]|[ 4]|[ 5]|[ 6]|[ 7]|[ 8]|[ 9]|[10]|[11]|[12]|[13]|[14]|[15]|[16]|[17]|[18]|[19]|[20]|[21]|[22]|[23]|[24]|[25]|[26]|[27]|[28]|[29]|[30]|[31]|[32]|[33]|[34]|[35]|[36]|[37]|[38]|[39]|[40]|[41]|[42]|[43]|[44]|[45]|[46]|[47]|[48]|[49]|[50]|[51]|[52]|[53]|[54]|[55]|[56]|[57]|[58]|[59]|[60]|[61]|[62]|[63]| ## | ## |1024|
 +----+----+----+----+----+----+----+----+----+----+----+----+----+----+----+----+----+----+----+----+----+----+----+----+----+----+----+----+----+----+----+----+----+----+----+----+----+----+----+----+----+----+----+----+----+----+----+----+----+----+----+----+----+----+----+----+----+----+----+----+----+----+----+----+----+----+----+----+
 | TTL|  55|  47|  64|  65|  62|  78|  60|  54|  56|  51|  70|  72|  53|  68|  70|  70|  63|  68|  60|  62|  65|  57|  60|  57|  66|  63|  73|  59|  59|  57|  53|  63|  73|  70|  62|  66|  58|  63|  56|  73|  57|  70|  53|  67|  75|  67|  80|  74|  50|  67|  64|  51|  70|  62|  52|  62|  59|  84|  63|  69|  68|  56|  69|  70| ## | ## | ## |
 +----+----+----+----+----+----+----+----+----+----+----+----+----+----+----+----+----+----+----+----+----+----+----+----+----+----+----+----+----+----+----+----+----+----+----+----+----+----+----+----+----+----+----+----+----+----+----+----+----+----+----+----+----+----+----+----+----+----+----+----+----+----+----+----+----+----+----+----+






