

 Use image  :  mandrill.bmp




  Relationship between basis and replaceable basis


  Number of basis used : 0, 1 


  [basis number] : Number of substitutable basis for basis number 


 *Total on the right : Number of replacements (Be done)

  Total below : Number of replacements (To do)


  Of the amount of improvement  : 0 ~ 100.000000

----------------------------------------------------------------------------------

 +----+----+----+----+----+----+----+----+----+----+----+----+----+----+----+----+----+----+----+----+----+----+----+----+----+----+----+----+----+----+----+----+----+----+----+----+----+----+----+----+----+----+----+----+----+----+----+----+----+----+----+----+----+----+----+----+----+----+----+----+----+----+----+----+----+----+----+----+
 | ## |[ 0]|[ 1]|[ 2]|[ 3]|[ 4]|[ 5]|[ 6]|[ 7]|[ 8]|[ 9]|[10]|[11]|[12]|[13]|[14]|[15]|[16]|[17]|[18]|[19]|[20]|[21]|[22]|[23]|[24]|[25]|[26]|[27]|[28]|[29]|[30]|[31]|[32]|[33]|[34]|[35]|[36]|[37]|[38]|[39]|[40]|[41]|[42]|[43]|[44]|[45]|[46]|[47]|[48]|[49]|[50]|[51]|[52]|[53]|[54]|[55]|[56]|[57]|[58]|[59]|[60]|[61]|[62]|[63]| ## | TTL| ## |                                                                                    
 +----+----+----+----+----+----+----+----+----+----+----+----+----+----+----+----+----+----+----+----+----+----+----+----+----+----+----+----+----+----+----+----+----+----+----+----+----+----+----+----+----+----+----+----+----+----+----+----+----+----+----+----+----+----+----+----+----+----+----+----+----+----+----+----+----+----+----+----+
 |[ 0]| ## |   1|    |    |   1|   1|    |    |    |   1|    |    |   2|   1|   1|   1|   1|   1|   1|    |   1|    |   1|   1|    |   1|   1|   1|   1|    |    |    |   1|    |   1|   2|    |   1|   1|   1|   1|   1|   1|   1|    |   1|   1|   1|   1|    |   1|   1|   1|   1|   1|   1|    |   1|    |    |    |   1|   1|   1|[ 0]|  44|   3|
 +----+----+----+----+----+----+----+----+----+----+----+----+----+----+----+----+----+----+----+----+----+----+----+----+----+----+----+----+----+----+----+----+----+----+----+----+----+----+----+----+----+----+----+----+----+----+----+----+----+----+----+----+----+----+----+----+----+----+----+----+----+----+----+----+----+----+----+----+
 |[ 1]|   1| ## |   1|    |   3|   1|   2|   1|   2|   2|   1|   3|   1|   1|   2|   4|   2|    |   3|   2|   1|   5|   2|   4|    |   3|   3|   2|   2|   3|   2|   4|   5|   3|   2|   4|   1|   1|   2|   2|   4|   3|   4|   4|   3|   3|   3|   4|   3|   2|   3|   2|   2|   2|   3|   4|   3|   3|    |   5|   2|   2|   3|   2|[ 1]| 152|   7|
 +----+----+----+----+----+----+----+----+----+----+----+----+----+----+----+----+----+----+----+----+----+----+----+----+----+----+----+----+----+----+----+----+----+----+----+----+----+----+----+----+----+----+----+----+----+----+----+----+----+----+----+----+----+----+----+----+----+----+----+----+----+----+----+----+----+----+----+----+
 |[ 2]|   2|   2| ## |   2|   4|   3|   2|   2|   4|   1|   3|   2|   3|   2|   4|   3|   4|   4|   2|   5|   4|   3|   5|   4|   1|   4|   3|   2|   3|   3|   5|   5|   4|   2|   2|   6|   3|   2|   3|   5|   3|   4|   1|   3|   3|   3|   3|   5|   3|   3|   2|   1|   5|   3|   3|   1|   4|   4|   4|   2|   4|   5|   2|   4|[ 2]| 198|   9|
 +----+----+----+----+----+----+----+----+----+----+----+----+----+----+----+----+----+----+----+----+----+----+----+----+----+----+----+----+----+----+----+----+----+----+----+----+----+----+----+----+----+----+----+----+----+----+----+----+----+----+----+----+----+----+----+----+----+----+----+----+----+----+----+----+----+----+----+----+
 |[ 3]|   7|   5|   6| ## |   8|   4|   6|   6|   8|   7|   9|   4|   5|   7|   7|   3|   7|   5|   7|   7|   6|   5|   7|   7|   9|   5|   7|   5|   6|   7|   5|   7|   6|   3|   6|   8|   7|   4|   7|   6|   5|   7|   6|   8|   5|   5|   5|   8|   5|   6|   7|   6|   8|   8|   8|   3|   5|   8|   5|   7|   6|   8|   5|   5|[ 3]| 390|  14|
 +----+----+----+----+----+----+----+----+----+----+----+----+----+----+----+----+----+----+----+----+----+----+----+----+----+----+----+----+----+----+----+----+----+----+----+----+----+----+----+----+----+----+----+----+----+----+----+----+----+----+----+----+----+----+----+----+----+----+----+----+----+----+----+----+----+----+----+----+
 |[ 4]|   4|   5|   3|   2| ## |   5|   3|   2|   3|   2|   4|   3|   4|   2|   3|   2|   2|   2|   2|   3|   3|   5|   4|   5|   2|   3|   4|   2|   1|   2|   4|   3|   3|   1|   3|   1|   2|   3|   5|   2|   3|   3|   1|   4|   5|   4|   3|   4|   5|   3|   5|   4|   4|   4|   3|   5|   2|   3|   3|   3|   5|   5|   2|   4|[ 4]| 201|   9|
 +----+----+----+----+----+----+----+----+----+----+----+----+----+----+----+----+----+----+----+----+----+----+----+----+----+----+----+----+----+----+----+----+----+----+----+----+----+----+----+----+----+----+----+----+----+----+----+----+----+----+----+----+----+----+----+----+----+----+----+----+----+----+----+----+----+----+----+----+
 |[ 5]|   8|   6|   9|   5|   7| ## |   8|   7|   7|   6|   6|   7|   6|   7|   6|   9|   4|   5|   9|   8|   9|   7|   7|   8|  11|   6|   6|   6|   9|   3|   8|   7|   7|   7|   8|  10|   6|   5|   7|   7|   8|   7|   3|   7|   7|   8|   6|   6|   6|   5|   8|   8|   8|   9|   6|   7|   7|   8|   6|   6|   8|   8|   7|   6|[ 5]| 439|  15|
 +----+----+----+----+----+----+----+----+----+----+----+----+----+----+----+----+----+----+----+----+----+----+----+----+----+----+----+----+----+----+----+----+----+----+----+----+----+----+----+----+----+----+----+----+----+----+----+----+----+----+----+----+----+----+----+----+----+----+----+----+----+----+----+----+----+----+----+----+
 |[ 6]|   1|   1|   1|   1|   1|   1| ## |   1|   1|    |   1|   1|   1|   1|    |   1|    |   2|   1|   1|    |   1|   2|    |   2|   1|   1|   1|   1|    |   1|   1|   1|   1|   1|   1|   1|   1|   2|    |   1|   1|   1|   1|   1|   1|   1|   1|   1|    |   1|   1|   1|    |   1|   1|   1|   1|   1|   2|   1|   1|   1|    |[ 6]|  58|   3|
 +----+----+----+----+----+----+----+----+----+----+----+----+----+----+----+----+----+----+----+----+----+----+----+----+----+----+----+----+----+----+----+----+----+----+----+----+----+----+----+----+----+----+----+----+----+----+----+----+----+----+----+----+----+----+----+----+----+----+----+----+----+----+----+----+----+----+----+----+
 |[ 7]|   6|   5|   6|   9|   6|   8|   9| ## |   5|   7|   8|   7|  10|   7|   9|   7|   9|   6|   4|   9|  11|   6|   8|   5|  10|   9|   9|   7|   9|  10|   4|  10|   7|   8|   9|  10|   7|   7|   9|   7|  10|   6|   5|   6|   7|   8|   5|   9|   8|  10|   5|   8|   6|  10|   8|  10|   9|   8|   8|   5|  11|   7|   8|   8|[ 7]| 484|  20|
 +----+----+----+----+----+----+----+----+----+----+----+----+----+----+----+----+----+----+----+----+----+----+----+----+----+----+----+----+----+----+----+----+----+----+----+----+----+----+----+----+----+----+----+----+----+----+----+----+----+----+----+----+----+----+----+----+----+----+----+----+----+----+----+----+----+----+----+----+
 |[ 8]|   4|   4|   3|   5|   4|   4|   5|   6| ## |   3|   4|   3|   2|   7|   2|   3|   7|   5|   5|   4|   6|   4|   5|   3|   6|   6|   3|   1|   2|   5|   1|   2|   6|   6|   5|   6|   3|   2|   2|   4|   4|   2|   4|   4|   3|   3|   3|   5|   4|   2|   4|   4|   5|   1|   5|   2|   4|   6|   4|   5|   8|   5|   4|   4|[ 8]| 253|  10|
 +----+----+----+----+----+----+----+----+----+----+----+----+----+----+----+----+----+----+----+----+----+----+----+----+----+----+----+----+----+----+----+----+----+----+----+----+----+----+----+----+----+----+----+----+----+----+----+----+----+----+----+----+----+----+----+----+----+----+----+----+----+----+----+----+----+----+----+----+
 |[ 9]|   6|   5|   3|   2|   1|   3|   4|   3|   5| ## |   4|   4|   3|   4|   3|   3|   6|   3|   4|   2|   3|   4|   4|    |   4|   4|   3|   5|   4|   3|   4|   3|   2|   3|   5|   4|   4|   2|   5|   3|   4|   3|   3|   4|   5|   4|   4|   3|   3|   4|   4|   3|   5|   3|   2|   3|   5|   4|   4|   1|    |   2|   4|   2|[ 9]| 216|   7|
 +----+----+----+----+----+----+----+----+----+----+----+----+----+----+----+----+----+----+----+----+----+----+----+----+----+----+----+----+----+----+----+----+----+----+----+----+----+----+----+----+----+----+----+----+----+----+----+----+----+----+----+----+----+----+----+----+----+----+----+----+----+----+----+----+----+----+----+----+
 |[10]|   2|   3|   2|   3|   1|   2|   2|   1|   1|   1| ## |   1|    |   1|   1|   2|   3|   1|   1|   2|   2|   3|   1|   1|    |   2|    |   2|   1|   4|   1|   1|   2|   3|   4|   1|   4|    |   3|   1|   1|   1|   2|   2|   1|   1|    |   2|   3|   3|   1|   3|   1|   1|   3|   2|   2|   2|   3|   1|   3|   2|   2|   3|[10]| 111|   8|
 +----+----+----+----+----+----+----+----+----+----+----+----+----+----+----+----+----+----+----+----+----+----+----+----+----+----+----+----+----+----+----+----+----+----+----+----+----+----+----+----+----+----+----+----+----+----+----+----+----+----+----+----+----+----+----+----+----+----+----+----+----+----+----+----+----+----+----+----+
 |[11]|   3|   5|   3|   4|   5|   3|   5|   5|   3|   4|   3| ## |   3|   6|   2|   6|   2|   5|   6|   3|   4|   5|   2|   3|   4|   2|   3|   5|   6|   4|   2|   2|   2|   3|   3|   5|   5|   5|   6|   5|   6|   3|   3|   3|   4|   4|   5|   6|   5|   5|   3|   2|   4|   3|   6|   5|   3|   2|   5|   2|   6|   4|   4|   1|[11]| 246|   8|
 +----+----+----+----+----+----+----+----+----+----+----+----+----+----+----+----+----+----+----+----+----+----+----+----+----+----+----+----+----+----+----+----+----+----+----+----+----+----+----+----+----+----+----+----+----+----+----+----+----+----+----+----+----+----+----+----+----+----+----+----+----+----+----+----+----+----+----+----+
 |[12]|   3|   3|   4|   3|   3|   2|   4|   3|   3|   4|   5|   3| ## |   3|   4|   3|   2|   3|   5|   3|   2|   4|   3|   2|   3|   3|   5|   4|   4|   3|   2|   5|   2|   2|   3|   4|   2|   3|   3|   2|   2|   2|   3|   2|   3|   2|   4|   1|   2|   3|   3|   3|   4|   4|   2|   3|   3|   1|   2|   3|   5|   3|   3|   3|[12]| 190|   6|
 +----+----+----+----+----+----+----+----+----+----+----+----+----+----+----+----+----+----+----+----+----+----+----+----+----+----+----+----+----+----+----+----+----+----+----+----+----+----+----+----+----+----+----+----+----+----+----+----+----+----+----+----+----+----+----+----+----+----+----+----+----+----+----+----+----+----+----+----+
 |[13]|   4|   7|   5|   3|   7|   8|   4|   1|   5|   7|   3|   4|   6| ## |   3|   4|   5|   2|   3|   6|   4|   4|   5|   3|   3|   6|   6|   6|   3|   2|   4|   5|   3|   2|   6|   5|   6|   6|   7|   5|   4|   3|   6|   4|   6|   5|   3|   5|   4|   2|   4|   6|   4|   5|   4|   5|   6|   3|   6|   3|   3|   5|   3|   4|[13]| 281|  10|
 +----+----+----+----+----+----+----+----+----+----+----+----+----+----+----+----+----+----+----+----+----+----+----+----+----+----+----+----+----+----+----+----+----+----+----+----+----+----+----+----+----+----+----+----+----+----+----+----+----+----+----+----+----+----+----+----+----+----+----+----+----+----+----+----+----+----+----+----+
 |[14]|  10|   7|   7|   6|   6|   8|   6|  10|   6|   6|   4|   9|   8|   9| ## |   8|   5|   7|   7|   8|   8|   7|   8|   7|   5|   8|  11|   8|   7|   5|   9|   9|  10|   7|   8|   9|   7|   7|   9|   7|  11|   9|   8|   9|   7|   5|   6|   9|  10|   6|   5|   4|   7|  11|  11|   7|   9|  15|   6|  11|  10|   6|   6|   7|[14]| 488|  23|
 +----+----+----+----+----+----+----+----+----+----+----+----+----+----+----+----+----+----+----+----+----+----+----+----+----+----+----+----+----+----+----+----+----+----+----+----+----+----+----+----+----+----+----+----+----+----+----+----+----+----+----+----+----+----+----+----+----+----+----+----+----+----+----+----+----+----+----+----+
 |[15]|   6|   6|   7|   5|  11|   6|   6|   7|   6|   8|   6|   5|   7|   7|   7| ## |   6|   8|   6|   4|   7|   6|   7|   7|   3|   6|   7|   6|   6|  10|   6|   7|   7|   8|   8|   3|   8|   9|   3|   7|  10|   6|   7|   5|   5|   6|   5|   6|   4|   8|   5|   7|   9|   4|   9|   9|   9|   9|   8|   9|   8|   8|   8|   6|[15]| 425|  19|
 +----+----+----+----+----+----+----+----+----+----+----+----+----+----+----+----+----+----+----+----+----+----+----+----+----+----+----+----+----+----+----+----+----+----+----+----+----+----+----+----+----+----+----+----+----+----+----+----+----+----+----+----+----+----+----+----+----+----+----+----+----+----+----+----+----+----+----+----+
 |[16]|   6|   7|   9|   6|   8|   8|   6|  11|   5|   7|  10|  10|  10|   5|   8|   9| ## |   9|  10|   6|   6|   8|  10|  10|   6|   7|  10|   7|  12|   8|   8|   8|  11|  11|   6|   7|   6|   6|  10|   8|  10|   5|   9|   6|   7|   6|   6|  11|   7|   6|   8|   6|   6|   6|   8|  10|   7|   6|   9|   9|  11|  11|  11|   8|[16]| 504|  18|
 +----+----+----+----+----+----+----+----+----+----+----+----+----+----+----+----+----+----+----+----+----+----+----+----+----+----+----+----+----+----+----+----+----+----+----+----+----+----+----+----+----+----+----+----+----+----+----+----+----+----+----+----+----+----+----+----+----+----+----+----+----+----+----+----+----+----+----+----+
 |[17]|   7|   6|   5|   8|   4|   5|   5|   6|   8|   8|   9|   5|   7|   9|   9|   9|   7| ## |   9|   7|   8|   7|   5|   5|   6|   5|   7|   8|   7|   6|   4|   7|   9|   7|   9|   4|   4|   5|   8|   7|   8|   5|   6|   8|   4|   5|   6|  10|   8|   5|   8|   5|  10|   7|   9|   9|   6|   7|   6|   5|   8|   4|   8|   8|[17]| 426|  14|
 +----+----+----+----+----+----+----+----+----+----+----+----+----+----+----+----+----+----+----+----+----+----+----+----+----+----+----+----+----+----+----+----+----+----+----+----+----+----+----+----+----+----+----+----+----+----+----+----+----+----+----+----+----+----+----+----+----+----+----+----+----+----+----+----+----+----+----+----+
 |[18]|   1|   1|   2|    |   4|   3|   2|   1|   2|   2|   1|   3|   2|   3|   1|   2|   2|   1| ## |   3|   3|   2|   1|   2|   3|   2|   1|   1|   2|    |   1|   1|   2|   1|   1|   2|   2|   1|   2|   2|   2|   2|   2|   1|    |   3|   1|   2|   1|   2|   2|   3|   1|   2|   2|    |   2|   1|   2|   1|   1|   2|   1|   2|[18]| 106|  10|
 +----+----+----+----+----+----+----+----+----+----+----+----+----+----+----+----+----+----+----+----+----+----+----+----+----+----+----+----+----+----+----+----+----+----+----+----+----+----+----+----+----+----+----+----+----+----+----+----+----+----+----+----+----+----+----+----+----+----+----+----+----+----+----+----+----+----+----+----+
 |[19]|  10|  12|  11|   6|   9|  14|   8|   9|   8|  10|   6|   9|   9|   8|  10|  10|  10|  11|   6| ## |   9|  10|   9|  11|   9|  11|  11|  12|  10|   4|  10|  12|   7|   9|   8|  10|   9|  12|  12|  13|  14|   9|  11|   7|  15|   8|  10|  11|  10|   6|  10|  12|   8|  15|   8|   9|   9|   7|  14|  11|   8|  11|   8|  12|[19]| 617|  29|
 +----+----+----+----+----+----+----+----+----+----+----+----+----+----+----+----+----+----+----+----+----+----+----+----+----+----+----+----+----+----+----+----+----+----+----+----+----+----+----+----+----+----+----+----+----+----+----+----+----+----+----+----+----+----+----+----+----+----+----+----+----+----+----+----+----+----+----+----+
 |[20]|   1|   2|   4|   4|   4|   3|   3|   4|   3|   3|   5|   5|   4|   2|   4|   4|   3|   2|   3|   3| ## |    |   5|   5|   4|   4|   4|   4|   3|   4|   4|   4|   2|   4|   3|   3|   2|   1|   3|   4|   4|   3|   4|   2|   3|   4|   3|   2|   2|   5|   2|   6|   3|   3|   3|   4|   4|   2|   3|    |   4|   3|   2|   2|[20]| 202|   9|
 +----+----+----+----+----+----+----+----+----+----+----+----+----+----+----+----+----+----+----+----+----+----+----+----+----+----+----+----+----+----+----+----+----+----+----+----+----+----+----+----+----+----+----+----+----+----+----+----+----+----+----+----+----+----+----+----+----+----+----+----+----+----+----+----+----+----+----+----+
 |[21]|   4|   5|   7|  11|   6|   4|   4|   9|  10|   5|   9|  10|   8|   5|   7|   4|   5|   9|   5|   8|   6| ## |   7|   6|   4|   3|  10|   4|  10|   8|   7|   7|   6|   3|   8|   7|   7|   9|   4|   4|   5|   4|   3|   7|   7|   4|   7|   7|   9|   3|   5|   5|   5|   6|   6|   6|   5|   2|   7|   5|   9|   5|   6|   6|[21]| 389|  18|
 +----+----+----+----+----+----+----+----+----+----+----+----+----+----+----+----+----+----+----+----+----+----+----+----+----+----+----+----+----+----+----+----+----+----+----+----+----+----+----+----+----+----+----+----+----+----+----+----+----+----+----+----+----+----+----+----+----+----+----+----+----+----+----+----+----+----+----+----+
 |[22]|   3|   6|   6|   7|   8|   4|   7|   6|   4|   3|   7|   4|   3|   5|   5|   5|   2|   7|   6|   3|   5|   4| ## |   6|   3|   6|   7|   7|   6|   4|   5|   5|   6|   7|   7|   9|   7|   7|   4|   5|   5|   6|   4|   5|   4|   6|   6|   5|   6|   5|   3|   7|   3|   3|   5|   7|   6|   5|   7|   5|   8|   2|   8|   7|[22]| 339|  13|
 +----+----+----+----+----+----+----+----+----+----+----+----+----+----+----+----+----+----+----+----+----+----+----+----+----+----+----+----+----+----+----+----+----+----+----+----+----+----+----+----+----+----+----+----+----+----+----+----+----+----+----+----+----+----+----+----+----+----+----+----+----+----+----+----+----+----+----+----+
 |[23]|   2|   2|   1|   1|   1|   1|    |   2|   1|   1|   2|   1|   2|   1|   2|   1|   1|   2|   2|   1|   2|   1|   1| ## |   1|   1|   1|   2|   2|   1|   1|   2|   1|   1|   1|    |   2|   2|   1|   2|   3|    |   1|   1|   1|   2|    |   2|   2|   1|   1|   1|   1|   1|   2|    |   1|   2|   3|   2|   1|   1|   2|   2|[23]|  85|   6|
 +----+----+----+----+----+----+----+----+----+----+----+----+----+----+----+----+----+----+----+----+----+----+----+----+----+----+----+----+----+----+----+----+----+----+----+----+----+----+----+----+----+----+----+----+----+----+----+----+----+----+----+----+----+----+----+----+----+----+----+----+----+----+----+----+----+----+----+----+
 |[24]|   7|   7|  13|  12|  12|  15|   8|   9|  13|  11|   9|  12|   9|  10|   9|  12|  10|  10|  11|   9|   9|  10|  10|  13| ## |  11|  11|  11|  14|   7|  10|  11|  10|  12|  13|  11|  11|  12|   7|  12|   8|  10|   6|  12|  10|  12|  13|  10|   7|  10|   9|   9|  11|  12|   9|  13|  10|  10|  11|  10|   8|  12|   7|  14|[24]| 656|  22|
 +----+----+----+----+----+----+----+----+----+----+----+----+----+----+----+----+----+----+----+----+----+----+----+----+----+----+----+----+----+----+----+----+----+----+----+----+----+----+----+----+----+----+----+----+----+----+----+----+----+----+----+----+----+----+----+----+----+----+----+----+----+----+----+----+----+----+----+----+
 |[25]|   3|   3|   3|   5|   6|   7|   6|   6|   6|   7|   6|   7|   6|   8|   3|   5|   4|   6|   6|   5|   7|   6|   7|   7|   7| ## |   8|   3|   7|   3|   2|   7|   7|   6|   8|   7|   8|   2|   6|   5|   8|   7|   3|   6|   4|   4|   5|   5|   5|   5|   6|   7|   5|   8|   3|   4|   7|   6|   4|   6|   5|   4|   5|   5|[25]| 348|  10|
 +----+----+----+----+----+----+----+----+----+----+----+----+----+----+----+----+----+----+----+----+----+----+----+----+----+----+----+----+----+----+----+----+----+----+----+----+----+----+----+----+----+----+----+----+----+----+----+----+----+----+----+----+----+----+----+----+----+----+----+----+----+----+----+----+----+----+----+----+
 |[26]|    |   2|   1|    |   1|   1|   2|   2|    |   1|    |   1|   2|   1|    |   2|   1|   1|   1|   1|   1|   2|   2|   1|   2|   2| ## |   1|   1|    |    |    |   2|   2|   1|   2|   1|   1|    |   1|   2|   1|   1|    |   2|   1|   1|   1|   1|   1|   1|   1|   2|   1|    |   2|   1|    |   2|   1|   2|   1|    |    |[26]|  67|   3|
 +----+----+----+----+----+----+----+----+----+----+----+----+----+----+----+----+----+----+----+----+----+----+----+----+----+----+----+----+----+----+----+----+----+----+----+----+----+----+----+----+----+----+----+----+----+----+----+----+----+----+----+----+----+----+----+----+----+----+----+----+----+----+----+----+----+----+----+----+
 |[27]|   1|   2|   2|    |   3|   2|   2|   2|   3|   3|   1|   3|   2|   1|   3|   2|   4|   3|   1|   2|   2|   3|   3|   3|   4|   1|   1| ## |   1|   1|   2|    |   2|   3|   3|   2|   2|   2|   3|   3|   4|    |   3|   4|   2|   3|    |   3|   3|   4|   4|   3|   2|   2|   1|    |   1|   1|   3|   3|   2|   1|   2|   1|[27]| 135|   9|
 +----+----+----+----+----+----+----+----+----+----+----+----+----+----+----+----+----+----+----+----+----+----+----+----+----+----+----+----+----+----+----+----+----+----+----+----+----+----+----+----+----+----+----+----+----+----+----+----+----+----+----+----+----+----+----+----+----+----+----+----+----+----+----+----+----+----+----+----+
 |[28]|   5|   4|   8|   4|   7|   4|   6|   4|   4|   6|   7|   4|   9|   7|   6|   6|   9|   6|   7|   9|   3|   8|   5|   6|   8|   8|   5|   6| ## |   6|   4|   3|   7|   7|   6|  10|   3|   8|   5|   6|   4|   8|   6|   9|   6|   7|   9|   6|   3|   4|   6|   6|   5|   5|   7|   5|   8|   6|   4|   4|   7|   6|   7|   6|[28]| 380|  16|
 +----+----+----+----+----+----+----+----+----+----+----+----+----+----+----+----+----+----+----+----+----+----+----+----+----+----+----+----+----+----+----+----+----+----+----+----+----+----+----+----+----+----+----+----+----+----+----+----+----+----+----+----+----+----+----+----+----+----+----+----+----+----+----+----+----+----+----+----+
 |[29]|   2|   1|   2|   3|   3|   2|   3|   2|   2|   2|   3|   2|   2|   3|   3|   3|   2|   3|   4|   2|   3|   1|    |   3|   2|   2|   2|   3|   2| ## |   2|   1|   2|   1|   3|   3|   1|   4|   2|   2|   3|   6|   3|   3|   7|   1|   4|   4|   2|   3|   2|   2|   3|   2|   3|   2|   2|   5|   3|   1|   2|   2|   1|   3|[29]| 157|  12|
 +----+----+----+----+----+----+----+----+----+----+----+----+----+----+----+----+----+----+----+----+----+----+----+----+----+----+----+----+----+----+----+----+----+----+----+----+----+----+----+----+----+----+----+----+----+----+----+----+----+----+----+----+----+----+----+----+----+----+----+----+----+----+----+----+----+----+----+----+
 |[30]|   2|   1|   2|    |    |   2|   2|   3|   3|   2|   1|   1|   3|   3|   2|   3|   3|   2|   1|   1|   3|   2|   3|   3|   2|   1|   2|   1|   1|   1| ## |   2|   1|   5|   3|   3|   2|   2|   1|   2|   3|   3|   2|   3|   1|   1|   2|   4|   1|   4|   2|    |    |   1|   2|   2|   1|   1|   3|   1|   1|   3|   1|   1|[30]| 120|   6|
 +----+----+----+----+----+----+----+----+----+----+----+----+----+----+----+----+----+----+----+----+----+----+----+----+----+----+----+----+----+----+----+----+----+----+----+----+----+----+----+----+----+----+----+----+----+----+----+----+----+----+----+----+----+----+----+----+----+----+----+----+----+----+----+----+----+----+----+----+
 |[31]|   4|   4|   3|   4|   8|   3|   7|   8|   7|   5|   3|   6|   5|   5|   6|   8|   5|   6|   7|   8|   6|   7|   8|   7|   4|   3|   7|   6|   5|   6|   7| ## |   8|   5|   4|   7|   7|   7|   6|   6|   8|   6|   5|   2|   8|   7|   4|   9|   5|   6|   8|   5|   6|   4|   7|   4|   5|   7|   6|   6|   7|   8|   5|   5|[31]| 371|  19|
 +----+----+----+----+----+----+----+----+----+----+----+----+----+----+----+----+----+----+----+----+----+----+----+----+----+----+----+----+----+----+----+----+----+----+----+----+----+----+----+----+----+----+----+----+----+----+----+----+----+----+----+----+----+----+----+----+----+----+----+----+----+----+----+----+----+----+----+----+
 |[32]|   3|   3|   3|   4|   3|   1|   2|   3|   2|   3|   2|   3|   3|   3|   2|   4|   1|   3|   1|   1|   5|   2|   3|   3|   1|   3|   1|   1|   3|    |   3|   2| ## |   4|   3|   2|   2|   1|   3|   2|   2|   2|    |   2|   2|   4|   2|   2|   3|    |   2|   4|   3|   2|   3|   2|   3|   3|   4|   2|   1|    |   4|   3|[32]| 149|   8|
 +----+----+----+----+----+----+----+----+----+----+----+----+----+----+----+----+----+----+----+----+----+----+----+----+----+----+----+----+----+----+----+----+----+----+----+----+----+----+----+----+----+----+----+----+----+----+----+----+----+----+----+----+----+----+----+----+----+----+----+----+----+----+----+----+----+----+----+----+
 |[33]|   6|   4|   5|   5|   6|   6|   4|   4|   6|   2|   4|   5|   4|   5|   7|   7|   4|   8|   5|   7|   4|   7|   6|   5|   3|   5|   3|   4|   4|   8|   5|   5|   6| ## |   8|   8|   8|   4|   4|   6|   7|   7|   7|   5|   9|   6|   7|   6|   4|   5|   4|   7|   8|   7|   6|   7|   7|   6|   6|   6|   3|   6|   3|   4|[33]| 350|  15|
 +----+----+----+----+----+----+----+----+----+----+----+----+----+----+----+----+----+----+----+----+----+----+----+----+----+----+----+----+----+----+----+----+----+----+----+----+----+----+----+----+----+----+----+----+----+----+----+----+----+----+----+----+----+----+----+----+----+----+----+----+----+----+----+----+----+----+----+----+
 |[34]|   8|  11|  10|   9|  14|  10|  10|  13|  12|  16|  15|  15|  12|  12|   8|  14|  11|  12|   9|  12|  12|  14|  13|  11|  14|  12|  14|  12|   9|   9|  11|  13|  10|  15| ## |  12|  13|  12|   9|   9|  15|  12|  15|  11|  12|  10|   9|  13|  13|  14|  12|   9|   9|  11|  10|   7|  13|  12|  13|  11|  11|  13|  14|   9|[34]| 735|  30|
 +----+----+----+----+----+----+----+----+----+----+----+----+----+----+----+----+----+----+----+----+----+----+----+----+----+----+----+----+----+----+----+----+----+----+----+----+----+----+----+----+----+----+----+----+----+----+----+----+----+----+----+----+----+----+----+----+----+----+----+----+----+----+----+----+----+----+----+----+
 |[35]|  13|  11|  10|  11|  11|  17|  14|  17|  12|  14|  11|  14|  13|  10|  13|  12|   8|  12|  11|  12|  12|  10|  10|   6|  13|  14|  11|  14|  13|  13|  11|  16|  17|  13|  12| ## |  15|  12|   9|  14|  13|  11|  13|   9|  13|  13|  11|  13|   9|  16|  10|  12|  10|  14|  15|  16|  10|   9|  15|   9|  14|  11|   8|  10|[35]| 765|  33|
 +----+----+----+----+----+----+----+----+----+----+----+----+----+----+----+----+----+----+----+----+----+----+----+----+----+----+----+----+----+----+----+----+----+----+----+----+----+----+----+----+----+----+----+----+----+----+----+----+----+----+----+----+----+----+----+----+----+----+----+----+----+----+----+----+----+----+----+----+
 |[36]|    |   3|   2|   1|   2|   1|   1|   1|   1|   3|   2|   3|   1|   1|   1|   3|   1|   1|   2|   1|   1|    |   1|   3|   3|   2|   2|   3|   1|   2|   2|   1|   1|   3|   1|   2| ## |   3|   3|   2|   3|   1|   3|   1|   3|   3|   1|   2|   1|   2|   3|   1|   3|   3|   2|   2|   3|   2|    |   1|   3|   3|   1|   2|[36]| 116|   5|
 +----+----+----+----+----+----+----+----+----+----+----+----+----+----+----+----+----+----+----+----+----+----+----+----+----+----+----+----+----+----+----+----+----+----+----+----+----+----+----+----+----+----+----+----+----+----+----+----+----+----+----+----+----+----+----+----+----+----+----+----+----+----+----+----+----+----+----+----+
 |[37]|   3|   3|   5|   5|   4|   5|   4|   3|   4|   3|   5|   1|   3|   3|   7|   4|   6|   6|   4|   6|   6|   3|   6|   2|   2|   7|   5|   5|   4|   6|   5|   4|   3|   3|   6|   6|   4| ## |   5|   3|   3|   2|   5|   6|   3|   3|   4|   6|   4|   4|   5|   5|   3|   5|   5|   5|   6|   6|   5|   3|   5|   4|   7|   4|[37]| 277|   8|
 +----+----+----+----+----+----+----+----+----+----+----+----+----+----+----+----+----+----+----+----+----+----+----+----+----+----+----+----+----+----+----+----+----+----+----+----+----+----+----+----+----+----+----+----+----+----+----+----+----+----+----+----+----+----+----+----+----+----+----+----+----+----+----+----+----+----+----+----+
 |[38]|    |    |    |    |    |    |    |    |    |    |    |    |    |    |   1|    |   1|    |    |    |    |    |    |    |    |    |    |    |    |    |    |    |    |    |    |   1|    |    | ## |    |    |    |   1|    |    |   1|    |    |    |    |   1|    |    |    |    |    |    |    |    |    |    |    |    |    |[38]|   6|   3|
 +----+----+----+----+----+----+----+----+----+----+----+----+----+----+----+----+----+----+----+----+----+----+----+----+----+----+----+----+----+----+----+----+----+----+----+----+----+----+----+----+----+----+----+----+----+----+----+----+----+----+----+----+----+----+----+----+----+----+----+----+----+----+----+----+----+----+----+----+
 |[39]|   8|  11|  10|  13|  14|   9|  11|  10|  14|   9|  10|  12|  14|  13|  10|   9|   9|  10|  11|  13|  12|  11|  10|  11|  10|  13|  12|  11|   8|  10|   9|  11|   8|   9|  14|  13|  11|  10|  11| ## |  11|   9|  17|   9|  11|  14|  10|  12|  12|  14|   7|   9|  11|  11|  14|   8|  12|   9|  10|  15|  11|  11|  10|  10|[39]| 691|  28|
 +----+----+----+----+----+----+----+----+----+----+----+----+----+----+----+----+----+----+----+----+----+----+----+----+----+----+----+----+----+----+----+----+----+----+----+----+----+----+----+----+----+----+----+----+----+----+----+----+----+----+----+----+----+----+----+----+----+----+----+----+----+----+----+----+----+----+----+----+
 |[40]|   7|   5|   7|   7|   6|   4|   5|   6|   7|   4|   8|   7|   7|   6|   8|   6|   5|   5|   8|   2|   5|   5|   5|   3|   3|   6|   5|   6|   3|   8|   8|   5|   6|   5|   7|   6|   5|   4|   5|   6| ## |   5|   4|   4|   3|   6|   2|   6|   6|   6|   4|   5|   9|   3|   9|   8|   6|   4|   4|   4|   7|   7|   5|   5|[40]| 348|  13|
 +----+----+----+----+----+----+----+----+----+----+----+----+----+----+----+----+----+----+----+----+----+----+----+----+----+----+----+----+----+----+----+----+----+----+----+----+----+----+----+----+----+----+----+----+----+----+----+----+----+----+----+----+----+----+----+----+----+----+----+----+----+----+----+----+----+----+----+----+
 |[41]|  29|  14|  17|  32|  19|  28|  27|  23|  31|  26|  27|  20|  23|  28|  25|  25|  22|  27|  25|  20|  25|  24|  26|  17|  27|  21|  25|  26|  30|  36|  27|  30|  22|  20|  23|  30|  26|  18|  26|  22|  28| ## |  21|  34|  30|  29|  34|  31|  22|  23|  27|  27|  29|  19|  28|  27|  20|  33|  37|  24|  24|  17|  30|  26|[41]|1609|  70|
 +----+----+----+----+----+----+----+----+----+----+----+----+----+----+----+----+----+----+----+----+----+----+----+----+----+----+----+----+----+----+----+----+----+----+----+----+----+----+----+----+----+----+----+----+----+----+----+----+----+----+----+----+----+----+----+----+----+----+----+----+----+----+----+----+----+----+----+----+
 |[42]|   2|   3|   2|   2|   3|   2|   1|   2|   3|   2|   2|   3|   2|   2|   1|   2|   1|   1|   3|   2|   1|   2|   3|   2|   2|   1|   4|   4|   2|   2|   3|   3|   2|   3|    |   3|   2|   1|   2|   2|   1|   1| ## |   3|   4|   2|   3|    |   2|   4|   3|   1|   3|   2|   2|   2|   2|   4|   2|   1|   2|   3|   2|   1|[42]| 135|   7|
 +----+----+----+----+----+----+----+----+----+----+----+----+----+----+----+----+----+----+----+----+----+----+----+----+----+----+----+----+----+----+----+----+----+----+----+----+----+----+----+----+----+----+----+----+----+----+----+----+----+----+----+----+----+----+----+----+----+----+----+----+----+----+----+----+----+----+----+----+
 |[43]|  11|  13|   9|  14|  15|  14|  12|  13|  16|  11|  15|  14|  16|  12|  15|  10|  15|  14|  17|  12|  13|  16|  14|  12|  19|  17|  15|  15|  12|   9|  17|  15|  15|   9|  13|  14|   9|  18|  12|  16|  19|  14|  10| ## |  16|  12|  16|  15|  11|  11|  12|  12|  16|  16|  14|  14|  15|  16|  14|  13|  20|  10|  10|  14|[43]| 868|  27|
 +----+----+----+----+----+----+----+----+----+----+----+----+----+----+----+----+----+----+----+----+----+----+----+----+----+----+----+----+----+----+----+----+----+----+----+----+----+----+----+----+----+----+----+----+----+----+----+----+----+----+----+----+----+----+----+----+----+----+----+----+----+----+----+----+----+----+----+----+
 |[44]|  28|  28|  23|  21|  23|  30|  30|  33|  27|  23|  30|  28|  27|  21|  25|  27|  39|  29|  24|  40|  34|  30|  25|  25|  25|  34|  28|  34|  24|  20|  24|  31|  30|  29|  28|  30|  27|  29|  24|  34|  22|  27|  29|  31| ## |  29|  32|  28|  32|  32|  29|  23|  33|  33|  25|  27|  36|  27|  28|  33|  29|  29|  31|  27|[44]|1793|  75|
 +----+----+----+----+----+----+----+----+----+----+----+----+----+----+----+----+----+----+----+----+----+----+----+----+----+----+----+----+----+----+----+----+----+----+----+----+----+----+----+----+----+----+----+----+----+----+----+----+----+----+----+----+----+----+----+----+----+----+----+----+----+----+----+----+----+----+----+----+
 |[45]|    |    |    |    |    |   1|    |   1|    |    |    |   1|    |    |   1|    |    |   1|    |    |    |    |    |    |    |    |    |    |    |    |    |   1|   1|    |    |   1|    |   1|    |    |   1|    |   1|    |    | ## |    |    |   1|    |    |    |    |   1|   1|    |    |    |   1|    |   1|    |    |    |[45]|  16|   2|
 +----+----+----+----+----+----+----+----+----+----+----+----+----+----+----+----+----+----+----+----+----+----+----+----+----+----+----+----+----+----+----+----+----+----+----+----+----+----+----+----+----+----+----+----+----+----+----+----+----+----+----+----+----+----+----+----+----+----+----+----+----+----+----+----+----+----+----+----+
 |[46]|  25|  21|  28|  22|  26|  27|  28|  25|  20|  23|  29|  25|  27|  26|  29|  26|  24|  28|  26|  25|  28|  28|  27|  27|  27|  26|  26|  27|  30|  25|  29|  27|  27|  33|  22|  24|  23|  28|  22|  30|  26|  34|  24|  24|  24|  26| ## |  24|  30|  31|  17|  19|  19|  22|  28|  27|  22|  33|  23|  30|  31|  26|  26|  29|[46]|1641|  75|
 +----+----+----+----+----+----+----+----+----+----+----+----+----+----+----+----+----+----+----+----+----+----+----+----+----+----+----+----+----+----+----+----+----+----+----+----+----+----+----+----+----+----+----+----+----+----+----+----+----+----+----+----+----+----+----+----+----+----+----+----+----+----+----+----+----+----+----+----+
 |[47]|   7|   6|   6|   3|   7|   4|   5|   4|   3|   3|   6|   5|   7|   6|   7|   5|   5|   6|   5|   6|   5|   7|   6|   8|   7|   7|   5|   6|   4|   4|   7|   6|   4|   7|   3|   6|   8|   6|   5|   6|   5|   5|   5|   9|   6|   4|   4| ## |   4|   6|   4|   4|   6|   6|   7|   6|   6|   6|   3|   5|   7|   6|   4|   4|[47]| 345|  13|
 +----+----+----+----+----+----+----+----+----+----+----+----+----+----+----+----+----+----+----+----+----+----+----+----+----+----+----+----+----+----+----+----+----+----+----+----+----+----+----+----+----+----+----+----+----+----+----+----+----+----+----+----+----+----+----+----+----+----+----+----+----+----+----+----+----+----+----+----+
 |[48]|    |   1|   1|    |   1|    |   1|    |   1|    |   1|   2|   1|   1|   1|   1|   1|    |   1|   1|   1|    |    |   1|    |    |   1|    |   1|   2|   1|   1|   1|   1|    |    |   1|    |   1|    |   1|   1|    |   1|    |   2|    |   1| ## |    |   1|   1|   2|   1|   1|    |    |    |   1|   2|    |   1|   1|   1|[48]|  45|   3|
 +----+----+----+----+----+----+----+----+----+----+----+----+----+----+----+----+----+----+----+----+----+----+----+----+----+----+----+----+----+----+----+----+----+----+----+----+----+----+----+----+----+----+----+----+----+----+----+----+----+----+----+----+----+----+----+----+----+----+----+----+----+----+----+----+----+----+----+----+
 |[49]|   2|   5|   7|   5|   7|   5|   3|   6|   4|   3|   4|   6|   1|   6|   6|   3|   5|   5|   4|   5|   3|   4|   6|   5|   7|   3|   5|   5|   5|   3|   5|   4|   6|   3|   5|   2|   6|   4|   4|   5|   6|   3|   7|   3|   4|   5|   6|   6|   6| ## |   4|   5|   6|   4|   7|   8|   5|   6|   6|   4|   6|   5|   3|   5|[49]| 302|  13|
 +----+----+----+----+----+----+----+----+----+----+----+----+----+----+----+----+----+----+----+----+----+----+----+----+----+----+----+----+----+----+----+----+----+----+----+----+----+----+----+----+----+----+----+----+----+----+----+----+----+----+----+----+----+----+----+----+----+----+----+----+----+----+----+----+----+----+----+----+
 |[50]|   3|   4|   3|   4|   2|   4|   4|   3|   2|   2|   4|   2|   3|   3|   2|   2|   3|   5|   4|   3|   3|   2|   6|   4|   5|   3|   2|   3|   2|   7|   6|   6|   3|   3|   4|   2|   4|   3|   6|   4|   3|   6|   2|   2|   6|   4|   4|   3|   4|    | ## |   2|   4|   3|   5|   4|   3|   4|   6|   2|   4|   3|   4|   2|[50]| 220|  11|
 +----+----+----+----+----+----+----+----+----+----+----+----+----+----+----+----+----+----+----+----+----+----+----+----+----+----+----+----+----+----+----+----+----+----+----+----+----+----+----+----+----+----+----+----+----+----+----+----+----+----+----+----+----+----+----+----+----+----+----+----+----+----+----+----+----+----+----+----+
 |[51]|   5|   2|   4|   4|   4|   5|   4|   3|   5|   4|   6|   4|   5|   3|   6|   6|   1|   5|   7|   3|   6|   5|   3|   4|   2|   5|   5|   5|   4|   2|   4|   6|   6|   4|   5|   5|   5|   2|   5|   5|   4|   1|   4|   3|   5|   6|   5|   5|   6|   5|   5| ## |   4|   4|   3|   6|   6|   6|   4|   2|   7|   5|   6|   4|[51]| 280|   9|
 +----+----+----+----+----+----+----+----+----+----+----+----+----+----+----+----+----+----+----+----+----+----+----+----+----+----+----+----+----+----+----+----+----+----+----+----+----+----+----+----+----+----+----+----+----+----+----+----+----+----+----+----+----+----+----+----+----+----+----+----+----+----+----+----+----+----+----+----+
 |[52]|   1|   4|   4|   4|    |   2|   3|   4|   6|   3|   3|   6|   5|   3|   2|   5|   4|   4|   2|   6|   4|   5|   3|   5|   6|   4|   4|   1|   2|   2|   2|   4|   4|   6|   3|   5|   3|   4|   5|   4|   4|   3|   4|   3|   3|   3|   5|   3|   4|   6|   3|   2| ## |   1|   3|   2|   3|   3|   1|   2|   5|   3|   3|   4|[52]| 220|   9|
 +----+----+----+----+----+----+----+----+----+----+----+----+----+----+----+----+----+----+----+----+----+----+----+----+----+----+----+----+----+----+----+----+----+----+----+----+----+----+----+----+----+----+----+----+----+----+----+----+----+----+----+----+----+----+----+----+----+----+----+----+----+----+----+----+----+----+----+----+
 |[53]|   4|   3|   5|   3|   6|   9|   3|   6|   4|   4|   3|   9|   7|   3|   3|   5|   2|   5|   6|   6|   4|   5|   6|   3|   4|   3|   8|   5|   5|   4|   4|   5|   5|   6|   5|   7|   3|   6|   6|   5|   5|   5|   5|   5|   6|   8|   3|   4|   6|   4|   6|   3|   6| ## |   6|   4|   4|   5|   4|   7|   7|   6|   4|   5|[53]| 313|  14|
 +----+----+----+----+----+----+----+----+----+----+----+----+----+----+----+----+----+----+----+----+----+----+----+----+----+----+----+----+----+----+----+----+----+----+----+----+----+----+----+----+----+----+----+----+----+----+----+----+----+----+----+----+----+----+----+----+----+----+----+----+----+----+----+----+----+----+----+----+
 |[54]|   1|   1|   1|    |   1|   1|    |   1|   1|   1|   1|   1|    |   1|   1|   1|   1|   1|   1|   2|    |   1|   1|   1|    |   1|    |    |    |    |    |    |    |   1|   1|   1|    |   1|   2|    |   1|   1|    |    |   1|   1|   1|    |    |    |   1|   2|   1|   1| ## |   1|   1|    |    |    |   2|   2|   1|    |[54]|  45|   4|
 +----+----+----+----+----+----+----+----+----+----+----+----+----+----+----+----+----+----+----+----+----+----+----+----+----+----+----+----+----+----+----+----+----+----+----+----+----+----+----+----+----+----+----+----+----+----+----+----+----+----+----+----+----+----+----+----+----+----+----+----+----+----+----+----+----+----+----+----+
 |[55]|   2|   2|   3|   2|   3|   2|   2|   2|   2|   2|   1|   2|   2|    |   3|   3|   3|   1|   2|   3|   1|   1|   2|   1|   1|   2|   2|   2|   3|   2|   2|    |   1|   1|   2|   2|    |   3|   1|   1|   1|   1|   1|   1|   3|   3|   3|   3|   1|   3|   1|   2|   1|    |   3| ## |   2|   2|   2|   3|   3|   2|   2|   3|[55]| 118|   7|
 +----+----+----+----+----+----+----+----+----+----+----+----+----+----+----+----+----+----+----+----+----+----+----+----+----+----+----+----+----+----+----+----+----+----+----+----+----+----+----+----+----+----+----+----+----+----+----+----+----+----+----+----+----+----+----+----+----+----+----+----+----+----+----+----+----+----+----+----+
 |[56]|   9|  12|   7|   7|  12|  17|   7|  10|   8|  10|  11|  11|   8|   8|   9|  10|  11|   8|  10|  10|   9|   8|  10|  14|   8|  11|  11|  10|   9|  10|  12|   9|  13|   8|  10|  12|  10|  13|   8|   9|  10|  10|  11|   7|   9|  10|  13|  13|   9|   7|   8|   7|  10|   8|  11|   7| ## |   9|  12|   7|  12|   9|  12|   8|[56]| 618|  23|
 +----+----+----+----+----+----+----+----+----+----+----+----+----+----+----+----+----+----+----+----+----+----+----+----+----+----+----+----+----+----+----+----+----+----+----+----+----+----+----+----+----+----+----+----+----+----+----+----+----+----+----+----+----+----+----+----+----+----+----+----+----+----+----+----+----+----+----+----+
 |[57]|  22|  25|  30|  27|  26|  33|  27|  26|  27|  27|  26|  27|  27|  24|  25|  26|  28|  25|  25|  22|  21|  22|  31|  31|  27|  31|  28|  24|  27|  27|  25|  30|  24|  26|  26|  24|  32|  24|  24|  29|  31|  26|  22|  29|  23|  25|  24|  25|  29|  30|  27|  29|  30|  25|  22|  28|  27| ## |  20|  24|  27|  27|  23|  29|[57]|1660|  62|
 +----+----+----+----+----+----+----+----+----+----+----+----+----+----+----+----+----+----+----+----+----+----+----+----+----+----+----+----+----+----+----+----+----+----+----+----+----+----+----+----+----+----+----+----+----+----+----+----+----+----+----+----+----+----+----+----+----+----+----+----+----+----+----+----+----+----+----+----+
 |[58]|   5|   5|   7|   4|   4|   4|   6|   4|   4|   4|   4|   5|   6|   6|   6|   5|   3|   5|   4|   4|   3|   7|   5|   5|   6|   5|   4|   3|   4|   4|   4|   6|   9|   3|   4|   8|   5|   5|   4|   5|   6|   6|   3|   7|   5|   4|   3|   6|   3|   6|   4|   4|   3|   6|   6|   6|   2|   6| ## |   6|   7|   4|   5|   4|[58]| 306|  10|
 +----+----+----+----+----+----+----+----+----+----+----+----+----+----+----+----+----+----+----+----+----+----+----+----+----+----+----+----+----+----+----+----+----+----+----+----+----+----+----+----+----+----+----+----+----+----+----+----+----+----+----+----+----+----+----+----+----+----+----+----+----+----+----+----+----+----+----+----+
 |[59]|   5|   8|   7|   5|   6|   6|   9|   6|   6|   7|   7|   2|  10|   5|   8|   8|   7|   4|   7|   9|   7|   6|   9|   6|   9|   6|   7|   6|  11|   6|   8|   6|   7|   9|   7|   9|   6|   8|   5|   9|  11|   7|   6|   9|  10|  10|  11|   9|  10|   7|   8|   6|   6|   8|   9|   9|   6|  10|  10| ## |   9|   7|  10|   7|[59]| 474|  18|
 +----+----+----+----+----+----+----+----+----+----+----+----+----+----+----+----+----+----+----+----+----+----+----+----+----+----+----+----+----+----+----+----+----+----+----+----+----+----+----+----+----+----+----+----+----+----+----+----+----+----+----+----+----+----+----+----+----+----+----+----+----+----+----+----+----+----+----+----+
 |[60]|   5|   3|   2|   5|   5|   4|   5|   4|   4|   3|   2|   7|   3|   4|   3|   3|   2|   4|   5|   2|   5|   3|   2|   6|   2|   5|   2|   5|   4|   2|   6|   5|   5|   3|   4|   3|   5|   4|   6|   5|   4|   4|   5|   3|   4|   5|   4|   5|   7|   4|   4|   4|   6|   5|   3|   5|   6|   7|   4|   4| ## |   5|   5|   2|[60]| 262|  14|
 +----+----+----+----+----+----+----+----+----+----+----+----+----+----+----+----+----+----+----+----+----+----+----+----+----+----+----+----+----+----+----+----+----+----+----+----+----+----+----+----+----+----+----+----+----+----+----+----+----+----+----+----+----+----+----+----+----+----+----+----+----+----+----+----+----+----+----+----+
 |[61]|   2|   1|   2|   3|   3|   3|   2|    |   3|   3|   3|   1|   3|   1|   1|   2|   2|    |   2|   2|   2|   1|    |   1|   1|   2|   2|   3|   3|   2|   3|   1|   1|   2|   1|   2|   3|   2|   1|    |   1|   2|    |    |   2|    |   2|   3|   3|    |   2|   3|    |   1|   1|   2|   2|   3|   3|   2|   2| ## |    |   3|[61]| 109|   6|
 +----+----+----+----+----+----+----+----+----+----+----+----+----+----+----+----+----+----+----+----+----+----+----+----+----+----+----+----+----+----+----+----+----+----+----+----+----+----+----+----+----+----+----+----+----+----+----+----+----+----+----+----+----+----+----+----+----+----+----+----+----+----+----+----+----+----+----+----+
 |[62]|   5|   5|   7|   7|   7|   7|   7|   7|   4|   8|   5|   5|   6|   4|   8|   5|   7|   7|   3|   5|   5|   7|   5|   7|   4|   6|   6|   4|   4|   6|   8|   5|   6|   6|   7|   4|   5|   7|   7|   4|  10|   8|   5|   7|   4|   6|   3|   5|   3|   7|   6|   7|   6|   9|   5|   5|   3|   7|   5|   6|   4|   5| ## |   8|[62]| 366|  13|
 +----+----+----+----+----+----+----+----+----+----+----+----+----+----+----+----+----+----+----+----+----+----+----+----+----+----+----+----+----+----+----+----+----+----+----+----+----+----+----+----+----+----+----+----+----+----+----+----+----+----+----+----+----+----+----+----+----+----+----+----+----+----+----+----+----+----+----+----+
 |[63]|   4|   5|   2|   5|   4|   8|   6|   6|   5|   4|   4|   5|   7|   7|   8|   8|   4|   7|   6|   3|   7|   8|   5|   4|   9|   6|   4|   5|   7|   5|   3|   6|   6|   4|   6|   5|   5|   6|   7|   8|   8|   4|   5|   6|   6|   8|   7|   5|   4|   6|   4|   3|   4|   6|   7|   8|   7|   6|   8|   5|   8|   7|   5| ## |[63]| 361|  11|
 +----+----+----+----+----+----+----+----+----+----+----+----+----+----+----+----+----+----+----+----+----+----+----+----+----+----+----+----+----+----+----+----+----+----+----+----+----+----+----+----+----+----+----+----+----+----+----+----+----+----+----+----+----+----+----+----+----+----+----+----+----+----+----+----+----+----+----+----+
 | ## |[ 0]|[ 1]|[ 2]|[ 3]|[ 4]|[ 5]|[ 6]|[ 7]|[ 8]|[ 9]|[10]|[11]|[12]|[13]|[14]|[15]|[16]|[17]|[18]|[19]|[20]|[21]|[22]|[23]|[24]|[25]|[26]|[27]|[28]|[29]|[30]|[31]|[32]|[33]|[34]|[35]|[36]|[37]|[38]|[39]|[40]|[41]|[42]|[43]|[44]|[45]|[46]|[47]|[48]|[49]|[50]|[51]|[52]|[53]|[54]|[55]|[56]|[57]|[58]|[59]|[60]|[61]|[62]|[63]| ## | ## |1024|
 +----+----+----+----+----+----+----+----+----+----+----+----+----+----+----+----+----+----+----+----+----+----+----+----+----+----+----+----+----+----+----+----+----+----+----+----+----+----+----+----+----+----+----+----+----+----+----+----+----+----+----+----+----+----+----+----+----+----+----+----+----+----+----+----+----+----+----+----+
 | TTL| 350| 352| 368| 355| 396| 406| 380| 385| 382| 362| 391| 390| 397| 368| 384| 391| 369| 386| 385| 380| 388| 384| 396| 381| 375| 397| 406| 388| 386| 359| 379| 405| 400| 382| 388| 415| 386| 378| 380| 391| 430| 354| 362| 377| 373| 399| 363| 421| 388| 385| 362| 359| 396| 384| 411| 398| 385| 390| 403| 368| 436| 385| 376| 375| ## | ## | ## |
 +----+----+----+----+----+----+----+----+----+----+----+----+----+----+----+----+----+----+----+----+----+----+----+----+----+----+----+----+----+----+----+----+----+----+----+----+----+----+----+----+----+----+----+----+----+----+----+----+----+----+----+----+----+----+----+----+----+----+----+----+----+----+----+----+----+----+----+----+






