

 Use image  :  mandrill.bmp




  Relationship between basis and replaceable basis


  Number of basis used : 0, 1 


  [basis number] : Number of substitutable basis for basis number 


 *Total on the right : Number of replacements (Be done)

  Total below : Number of replacements (To do)


  Of the amount of improvement  : 0 ~ 50.000000

----------------------------------------------------------------------------------

 +----+----+----+----+----+----+----+----+----+----+----+----+----+----+----+----+----+----+----+----+----+----+----+----+----+----+----+----+----+----+----+----+----+----+----+----+----+----+----+----+----+----+----+----+----+----+----+----+----+----+----+----+----+----+----+----+----+----+----+----+----+----+----+----+----+----+----+----+
 | ## |[ 0]|[ 1]|[ 2]|[ 3]|[ 4]|[ 5]|[ 6]|[ 7]|[ 8]|[ 9]|[10]|[11]|[12]|[13]|[14]|[15]|[16]|[17]|[18]|[19]|[20]|[21]|[22]|[23]|[24]|[25]|[26]|[27]|[28]|[29]|[30]|[31]|[32]|[33]|[34]|[35]|[36]|[37]|[38]|[39]|[40]|[41]|[42]|[43]|[44]|[45]|[46]|[47]|[48]|[49]|[50]|[51]|[52]|[53]|[54]|[55]|[56]|[57]|[58]|[59]|[60]|[61]|[62]|[63]| ## | TTL| ## |                                                                                    
 +----+----+----+----+----+----+----+----+----+----+----+----+----+----+----+----+----+----+----+----+----+----+----+----+----+----+----+----+----+----+----+----+----+----+----+----+----+----+----+----+----+----+----+----+----+----+----+----+----+----+----+----+----+----+----+----+----+----+----+----+----+----+----+----+----+----+----+----+
 |[ 0]| ## |   1|    |    |   1|   1|    |    |    |   1|    |    |   1|   1|   1|   1|   1|   1|   1|    |   1|    |   1|   1|    |   1|   1|   1|   1|    |    |    |   1|    |   1|   1|    |   1|   1|   1|   1|   1|   1|   1|    |   1|    |   1|   1|    |   1|   1|   1|   1|   1|   1|    |   1|    |    |    |   1|   1|   1|[ 0]|  41|   3|
 +----+----+----+----+----+----+----+----+----+----+----+----+----+----+----+----+----+----+----+----+----+----+----+----+----+----+----+----+----+----+----+----+----+----+----+----+----+----+----+----+----+----+----+----+----+----+----+----+----+----+----+----+----+----+----+----+----+----+----+----+----+----+----+----+----+----+----+----+
 |[ 1]|   1| ## |   1|    |   1|   1|   2|   1|   2|    |    |   1|   1|    |   2|   1|    |    |   1|    |   1|   1|    |    |    |    |   2|   1|    |   1|   1|   1|   2|    |   1|    |   1|   1|   1|   1|   4|   2|   1|   2|   1|   1|   1|   2|    |    |   2|   1|   1|   1|    |   1|   1|   1|    |    |    |   1|   2|   1|[ 1]|  56|   7|
 +----+----+----+----+----+----+----+----+----+----+----+----+----+----+----+----+----+----+----+----+----+----+----+----+----+----+----+----+----+----+----+----+----+----+----+----+----+----+----+----+----+----+----+----+----+----+----+----+----+----+----+----+----+----+----+----+----+----+----+----+----+----+----+----+----+----+----+----+
 |[ 2]|   2|   1| ## |    |   3|   3|   1|   2|   3|   1|   2|   2|   1|   1|   3|   3|   3|   2|   2|   3|   1|   3|   3|   3|    |   2|   2|   1|   1|   2|   3|   4|   3|   1|   2|   5|   2|   1|   2|   4|   3|   2|   1|   3|   2|   2|   2|   3|   2|   2|   1|    |   3|   3|   2|   1|   3|   2|   4|   1|   4|   3|    |   3|[ 2]| 135|   9|
 +----+----+----+----+----+----+----+----+----+----+----+----+----+----+----+----+----+----+----+----+----+----+----+----+----+----+----+----+----+----+----+----+----+----+----+----+----+----+----+----+----+----+----+----+----+----+----+----+----+----+----+----+----+----+----+----+----+----+----+----+----+----+----+----+----+----+----+----+
 |[ 3]|   7|   4|   5| ## |   6|   3|   6|   5|   6|   6|   7|   4|   4|   6|   4|   2|   5|   2|   5|   6|   6|   3|   5|   5|   7|   5|   6|   4|   5|   5|   4|   5|   5|    |   5|   7|   5|   3|   5|   4|   4|   6|   6|   7|   4|   4|   4|   5|   3|   6|   5|   4|   6|   5|   6|   2|   5|   6|   5|   5|   4|   6|   4|   5|[ 3]| 304|  14|
 +----+----+----+----+----+----+----+----+----+----+----+----+----+----+----+----+----+----+----+----+----+----+----+----+----+----+----+----+----+----+----+----+----+----+----+----+----+----+----+----+----+----+----+----+----+----+----+----+----+----+----+----+----+----+----+----+----+----+----+----+----+----+----+----+----+----+----+----+
 |[ 4]|   3|   2|   2|   2| ## |   3|   2|   1|   3|   1|   3|   2|   3|   2|   3|   2|   1|   2|   1|   2|   3|   4|   3|   3|   1|   2|   2|   2|    |   1|   2|   2|   2|    |   1|    |   1|   3|   4|   1|   3|   2|    |   4|   3|   3|   2|   2|   3|   2|   3|   2|   2|   3|   3|   2|   1|   2|   1|   2|   4|   3|   2|   3|[ 4]| 134|   9|
 +----+----+----+----+----+----+----+----+----+----+----+----+----+----+----+----+----+----+----+----+----+----+----+----+----+----+----+----+----+----+----+----+----+----+----+----+----+----+----+----+----+----+----+----+----+----+----+----+----+----+----+----+----+----+----+----+----+----+----+----+----+----+----+----+----+----+----+----+
 |[ 5]|   5|   3|   6|   2|   5| ## |   6|   5|   5|   5|   5|   6|   5|   6|   5|   6|   3|   3|   8|   4|   6|   5|   4|   7|   9|   5|   4|   3|   5|   2|   6|   5|   6|   6|   6|   7|   5|   5|   6|   4|   7|   6|   2|   5|   5|   5|   4|   2|   4|   4|   6|   5|   7|   5|   5|   4|   5|   6|   4|   4|   6|   6|   6|   5|[ 5]| 317|  15|
 +----+----+----+----+----+----+----+----+----+----+----+----+----+----+----+----+----+----+----+----+----+----+----+----+----+----+----+----+----+----+----+----+----+----+----+----+----+----+----+----+----+----+----+----+----+----+----+----+----+----+----+----+----+----+----+----+----+----+----+----+----+----+----+----+----+----+----+----+
 |[ 6]|   1|   1|   1|   1|   1|   1| ## |   1|   1|    |   1|   1|   1|   1|    |   1|    |   1|   1|   1|    |   1|   1|    |   2|   1|   1|   1|   1|    |   1|   1|   1|   1|   1|   1|   1|   1|   1|    |   1|   1|   1|   1|   1|   1|   1|   1|   1|    |   1|   1|   1|    |   1|   1|   1|   1|   1|   1|   1|   1|   1|    |[ 6]|  54|   3|
 +----+----+----+----+----+----+----+----+----+----+----+----+----+----+----+----+----+----+----+----+----+----+----+----+----+----+----+----+----+----+----+----+----+----+----+----+----+----+----+----+----+----+----+----+----+----+----+----+----+----+----+----+----+----+----+----+----+----+----+----+----+----+----+----+----+----+----+----+
 |[ 7]|   4|   4|   5|   6|   3|   4|   6| ## |   4|   5|   5|   4|   5|   6|   7|   6|   8|   5|   2|   5|   8|   4|   6|   3|   9|   6|   6|   6|   5|   6|   2|   7|   6|   6|   7|   8|   5|   6|   7|   6|   7|   4|   3|   5|   5|   5|   3|   7|   6|   6|   3|   6|   6|   7|   7|   6|   5|   7|   5|   5|   8|   6|   7|   6|[ 7]| 348|  20|
 +----+----+----+----+----+----+----+----+----+----+----+----+----+----+----+----+----+----+----+----+----+----+----+----+----+----+----+----+----+----+----+----+----+----+----+----+----+----+----+----+----+----+----+----+----+----+----+----+----+----+----+----+----+----+----+----+----+----+----+----+----+----+----+----+----+----+----+----+
 |[ 8]|   3|   2|   1|   4|   1|   3|   2|   5| ## |   1|   2|   1|    |   2|   2|   2|   3|   2|   3|   2|   4|   2|   3|   2|   5|   2|   2|   1|   1|   3|   1|   1|   2|   3|   3|   4|   2|   1|   1|   2|   2|   1|   3|   3|   1|   1|   1|   2|   1|   2|   2|   1|   2|   1|   3|   1|   2|   3|   2|   2|   4|   2|   3|   2|[ 8]| 133|  10|
 +----+----+----+----+----+----+----+----+----+----+----+----+----+----+----+----+----+----+----+----+----+----+----+----+----+----+----+----+----+----+----+----+----+----+----+----+----+----+----+----+----+----+----+----+----+----+----+----+----+----+----+----+----+----+----+----+----+----+----+----+----+----+----+----+----+----+----+----+
 |[ 9]|   3|   4|   1|   1|   1|    |   1|   1|   3| ## |   1|   3|   3|   4|   3|   2|   4|   1|   3|   1|   1|   1|   2|    |   2|   2|   2|   2|   3|   2|   3|   2|   2|   1|   4|   4|   2|   2|   2|   2|   2|   3|   1|   3|   2|   2|   3|   1|   3|   2|   1|   3|   2|   1|   2|   2|   3|   3|   3|   1|    |   2|   3|   1|[ 9]| 130|   7|
 +----+----+----+----+----+----+----+----+----+----+----+----+----+----+----+----+----+----+----+----+----+----+----+----+----+----+----+----+----+----+----+----+----+----+----+----+----+----+----+----+----+----+----+----+----+----+----+----+----+----+----+----+----+----+----+----+----+----+----+----+----+----+----+----+----+----+----+----+
 |[10]|   1|   1|   1|   1|    |   1|   1|   1|    |    | ## |    |    |   1|    |   2|   2|    |    |   1|   1|   1|   1|    |    |   1|    |   2|    |   1|   1|    |   1|   2|   3|   1|   1|    |   2|   1|    |    |   1|   2|   1|   1|    |   1|   3|   1|    |   1|    |   1|   2|   2|    |   1|   2|   1|   2|   1|   1|   1|[10]|  57|   8|
 +----+----+----+----+----+----+----+----+----+----+----+----+----+----+----+----+----+----+----+----+----+----+----+----+----+----+----+----+----+----+----+----+----+----+----+----+----+----+----+----+----+----+----+----+----+----+----+----+----+----+----+----+----+----+----+----+----+----+----+----+----+----+----+----+----+----+----+----+
 |[11]|    |   1|   1|   1|   2|   2|   1|   2|    |    |   1| ## |   1|   3|   1|   4|   2|   3|   2|   3|   1|   3|   1|   2|   1|   2|   1|   3|   3|   1|   1|   1|   1|   1|    |   2|   2|   1|   1|   4|   3|   1|   1|    |   2|   1|   3|   1|   2|   2|   2|   1|   1|   2|   3|   3|   1|    |   4|    |   3|   1|   1|    |[11]| 100|   8|
 +----+----+----+----+----+----+----+----+----+----+----+----+----+----+----+----+----+----+----+----+----+----+----+----+----+----+----+----+----+----+----+----+----+----+----+----+----+----+----+----+----+----+----+----+----+----+----+----+----+----+----+----+----+----+----+----+----+----+----+----+----+----+----+----+----+----+----+----+
 |[12]|   3|   3|   4|   3|   2|   1|   3|   3|   3|   3|   5|   2| ## |   2|   4|   2|   2|   2|   4|   3|   2|   3|   2|   2|   2|   2|   4|   3|   3|   3|   1|   4|   1|   2|   2|   4|   2|   2|   3|   2|   2|   2|   3|   2|   3|   1|   3|   1|   1|   2|   2|   3|   3|   3|   1|   2|   2|   1|   1|   3|   4|   2|   3|   2|[12]| 155|   6|
 +----+----+----+----+----+----+----+----+----+----+----+----+----+----+----+----+----+----+----+----+----+----+----+----+----+----+----+----+----+----+----+----+----+----+----+----+----+----+----+----+----+----+----+----+----+----+----+----+----+----+----+----+----+----+----+----+----+----+----+----+----+----+----+----+----+----+----+----+
 |[13]|   1|   3|   1|    |   4|   3|   2|   1|   4|   5|    |   2|   3| ## |   3|   2|   2|   1|   2|   3|   3|   2|   2|   2|   1|   3|   3|   3|   3|   2|   3|   3|   1|   2|   4|   4|   3|   2|   4|   2|    |   2|   3|   3|   3|   2|   2|   3|   2|   2|   2|   4|   3|    |   2|   3|   4|   1|   5|   1|   2|   3|   1|   4|[13]| 151|  10|
 +----+----+----+----+----+----+----+----+----+----+----+----+----+----+----+----+----+----+----+----+----+----+----+----+----+----+----+----+----+----+----+----+----+----+----+----+----+----+----+----+----+----+----+----+----+----+----+----+----+----+----+----+----+----+----+----+----+----+----+----+----+----+----+----+----+----+----+----+
 |[14]|   8|   4|   6|   5|   5|   7|   5|   9|   4|   5|   2|   8|   6|   7| ## |   7|   5|   7|   6|   8|   5|   5|   7|   6|   5|   5|   9|   7|   4|   4|   7|   6|   8|   5|   6|   7|   5|   6|   6|   5|   8|   6|   7|   8|   7|   5|   6|   6|   9|   4|   4|   3|   5|   8|   8|   5|   9|  11|   5|  10|   8|   5|   6|   6|[14]| 391|  23|
 +----+----+----+----+----+----+----+----+----+----+----+----+----+----+----+----+----+----+----+----+----+----+----+----+----+----+----+----+----+----+----+----+----+----+----+----+----+----+----+----+----+----+----+----+----+----+----+----+----+----+----+----+----+----+----+----+----+----+----+----+----+----+----+----+----+----+----+----+
 |[15]|   3|   3|   3|   5|   8|   3|   3|   5|   3|   6|   3|   4|   4|   5|   6| ## |   4|   6|   4|   2|   5|   4|   5|   6|   3|   5|   6|   5|   5|   7|   4|   4|   5|   8|   6|   2|   6|   7|   2|   6|   7|   5|   5|   2|   4|   3|   5|   5|   3|   6|   5|   6|   5|   3|   7|   5|   5|   5|   4|   6|   6|   4|   7|   4|[15]| 298|  19|
 +----+----+----+----+----+----+----+----+----+----+----+----+----+----+----+----+----+----+----+----+----+----+----+----+----+----+----+----+----+----+----+----+----+----+----+----+----+----+----+----+----+----+----+----+----+----+----+----+----+----+----+----+----+----+----+----+----+----+----+----+----+----+----+----+----+----+----+----+
 |[16]|   3|   3|   3|   4|   4|   4|   3|   5|   2|   4|   4|   6|   6|   1|   4|   4| ## |   4|   6|   3|   3|   5|   5|   5|   4|   4|   6|   5|   6|   1|   5|   3|   5|   5|   5|   5|   3|   4|   5|   5|   5|   3|   3|   4|   3|   3|   2|   6|   3|   3|   4|   2|   5|   3|   3|   5|   4|   5|   2|   2|   5|   5|   7|   4|[16]| 253|  18|
 +----+----+----+----+----+----+----+----+----+----+----+----+----+----+----+----+----+----+----+----+----+----+----+----+----+----+----+----+----+----+----+----+----+----+----+----+----+----+----+----+----+----+----+----+----+----+----+----+----+----+----+----+----+----+----+----+----+----+----+----+----+----+----+----+----+----+----+----+
 |[17]|   4|   4|   2|   4|   3|   2|   2|   3|   1|   4|   4|   3|   2|   5|   5|   5|   3| ## |   3|   2|   2|   4|   2|   1|   4|   1|   4|   5|   5|   3|   4|   4|   5|   3|   3|   2|   3|   3|   4|   4|   4|   1|   3|   3|   1|   3|   2|   6|   4|   2|   5|   4|   3|   2|   3|   3|   3|   4|   3|   2|   2|   3|   5|   6|[17]| 204|  14|
 +----+----+----+----+----+----+----+----+----+----+----+----+----+----+----+----+----+----+----+----+----+----+----+----+----+----+----+----+----+----+----+----+----+----+----+----+----+----+----+----+----+----+----+----+----+----+----+----+----+----+----+----+----+----+----+----+----+----+----+----+----+----+----+----+----+----+----+----+
 |[18]|   1|   1|   2|    |   3|   2|   2|   1|   2|   2|   1|   2|   2|   2|   1|   1|   2|   1| ## |   3|   2|   2|   1|   2|   2|   1|   1|   1|   2|    |   1|   1|   2|   1|   1|   1|   2|   1|   2|   1|   2|   1|   2|   1|    |   2|   1|   2|   1|   2|   1|   2|   1|   2|   2|    |   2|    |   1|   1|   1|   2|   1|   2|[18]|  90|  10|
 +----+----+----+----+----+----+----+----+----+----+----+----+----+----+----+----+----+----+----+----+----+----+----+----+----+----+----+----+----+----+----+----+----+----+----+----+----+----+----+----+----+----+----+----+----+----+----+----+----+----+----+----+----+----+----+----+----+----+----+----+----+----+----+----+----+----+----+----+
 |[19]|   6|   8|   8|   5|   5|   6|   3|   8|   4|   6|   5|   4|   5|   4|   5|   9|   9|   6|   1| ## |   6|   6|   5|   4|   5|   7|   4|   9|   7|   2|   6|   6|   4|   5|   3|   5|   3|   7|   8|   7|   9|   4|   5|   4|  13|   4|   6|   7|   4|   5|   7|   7|   5|   9|   5|   5|   6|   5|   9|   7|   5|   6|   5|   7|[19]| 365|  29|
 +----+----+----+----+----+----+----+----+----+----+----+----+----+----+----+----+----+----+----+----+----+----+----+----+----+----+----+----+----+----+----+----+----+----+----+----+----+----+----+----+----+----+----+----+----+----+----+----+----+----+----+----+----+----+----+----+----+----+----+----+----+----+----+----+----+----+----+----+
 |[20]|   1|    |   3|   3|   2|   2|   1|   4|   2|   2|   3|   3|   3|   1|   2|   3|   3|    |   1|   3| ## |    |   2|   4|   4|   2|   4|   3|   1|   2|   2|   2|    |   2|   2|   2|   1|   1|   2|   3|   2|   1|   2|   1|   2|   1|   2|   1|   1|   3|   2|   4|   2|   2|   2|   3|   2|   2|   2|    |   4|   2|   2|   1|[20]| 127|   9|
 +----+----+----+----+----+----+----+----+----+----+----+----+----+----+----+----+----+----+----+----+----+----+----+----+----+----+----+----+----+----+----+----+----+----+----+----+----+----+----+----+----+----+----+----+----+----+----+----+----+----+----+----+----+----+----+----+----+----+----+----+----+----+----+----+----+----+----+----+
 |[21]|    |   1|   3|   3|   1|   4|   2|   4|   5|   2|   4|   5|   2|   2|   2|   2|   2|   4|   1|   4|   3| ## |   3|   3|    |   1|   3|   1|   4|   3|   2|   2|   3|    |   2|   1|   2|   3|   1|   1|   2|   2|   1|   4|   5|   2|   3|   4|   2|   1|   1|   1|   2|   3|   3|   3|   3|    |   2|   2|   5|   2|   3|   3|[21]| 150|  18|
 +----+----+----+----+----+----+----+----+----+----+----+----+----+----+----+----+----+----+----+----+----+----+----+----+----+----+----+----+----+----+----+----+----+----+----+----+----+----+----+----+----+----+----+----+----+----+----+----+----+----+----+----+----+----+----+----+----+----+----+----+----+----+----+----+----+----+----+----+
 |[22]|   2|   5|   4|   4|   4|   4|   3|   5|   4|   1|   3|   2|   3|   3|   4|   3|   2|   3|   3|   1|   3|   2| ## |   3|   2|   3|   4|   4|   4|   1|   2|   3|   4|   5|   4|   7|   3|   6|   3|   4|   3|   3|   3|   4|   4|   4|   2|   3|   5|   5|   2|   5|   2|   3|   2|   6|   4|   3|   5|   3|   6|   2|   5|   4|[22]| 218|  13|
 +----+----+----+----+----+----+----+----+----+----+----+----+----+----+----+----+----+----+----+----+----+----+----+----+----+----+----+----+----+----+----+----+----+----+----+----+----+----+----+----+----+----+----+----+----+----+----+----+----+----+----+----+----+----+----+----+----+----+----+----+----+----+----+----+----+----+----+----+
 |[23]|   2|   2|   1|   1|   1|   1|    |   2|   1|   1|   2|   1|   2|   1|   2|   1|   1|   2|   2|   1|   2|   1|   1| ## |   1|   1|   1|   2|   2|    |   1|   2|   1|   1|   1|    |   2|   2|   1|   2|   2|    |   1|   1|   1|   2|    |   2|   2|   1|   1|   1|   1|   1|   2|    |   1|   2|   2|   2|   1|   1|   2|   2|[23]|  82|   6|
 +----+----+----+----+----+----+----+----+----+----+----+----+----+----+----+----+----+----+----+----+----+----+----+----+----+----+----+----+----+----+----+----+----+----+----+----+----+----+----+----+----+----+----+----+----+----+----+----+----+----+----+----+----+----+----+----+----+----+----+----+----+----+----+----+----+----+----+----+
 |[24]|   4|   4|   9|   9|   8|  10|   6|   8|   9|   7|   7|   9|   6|   9|   5|   7|   7|   7|   7|   6|   5|   7|   7|   8| ## |   8|   8|   8|   8|   5|   5|   9|   7|   8|   8|   8|   7|   8|   6|  11|   6|   7|   2|   9|   9|   9|  12|   6|   4|   7|   8|   6|   7|   8|   6|  13|   7|   6|   8|   7|   5|   9|   5|  11|[24]| 462|  22|
 +----+----+----+----+----+----+----+----+----+----+----+----+----+----+----+----+----+----+----+----+----+----+----+----+----+----+----+----+----+----+----+----+----+----+----+----+----+----+----+----+----+----+----+----+----+----+----+----+----+----+----+----+----+----+----+----+----+----+----+----+----+----+----+----+----+----+----+----+
 |[25]|   3|   3|   1|   4|   3|   4|   3|   4|   3|   4|   4|   6|   4|   6|   2|   4|   4|   3|   5|   3|   4|   4|   7|   4|   5| ## |   4|   2|   4|   3|   1|   6|   5|   4|   5|   7|   6|    |   5|   3|   5|   4|   2|   3|   2|   2|   5|   3|   4|   3|   3|   5|   2|   4|   2|   3|   4|   5|   4|   5|   3|   2|   4|   3|[25]| 234|  10|
 +----+----+----+----+----+----+----+----+----+----+----+----+----+----+----+----+----+----+----+----+----+----+----+----+----+----+----+----+----+----+----+----+----+----+----+----+----+----+----+----+----+----+----+----+----+----+----+----+----+----+----+----+----+----+----+----+----+----+----+----+----+----+----+----+----+----+----+----+
 |[26]|    |   1|   1|    |    |   1|   2|   2|    |   1|    |    |   2|   1|    |   2|   1|   1|   1|   1|   1|   1|   2|   1|   1|   1| ## |   1|   1|    |    |    |   1|   2|   1|   2|    |   1|    |    |   1|   1|   1|    |   1|   1|   1|   1|   1|    |   1|   1|   1|   1|    |   1|   1|    |   1|   1|   2|   1|    |    |[26]|  52|   3|
 +----+----+----+----+----+----+----+----+----+----+----+----+----+----+----+----+----+----+----+----+----+----+----+----+----+----+----+----+----+----+----+----+----+----+----+----+----+----+----+----+----+----+----+----+----+----+----+----+----+----+----+----+----+----+----+----+----+----+----+----+----+----+----+----+----+----+----+----+
 |[27]|    |   1|    |    |   1|   1|   1|   1|   1|   1|   1|   1|   1|    |   1|   1|   2|   1|    |   1|   1|   2|   1|    |   1|    |   1| ## |    |    |   1|    |    |   1|   2|   1|   1|    |   1|   1|   1|    |   1|   1|   1|   2|    |   2|   1|   1|   2|   2|   1|   1|    |    |   1|    |   2|   1|    |    |   1|    |[27]|  51|   9|
 +----+----+----+----+----+----+----+----+----+----+----+----+----+----+----+----+----+----+----+----+----+----+----+----+----+----+----+----+----+----+----+----+----+----+----+----+----+----+----+----+----+----+----+----+----+----+----+----+----+----+----+----+----+----+----+----+----+----+----+----+----+----+----+----+----+----+----+----+
 |[28]|   4|   3|   6|   2|   7|   3|   4|   3|   2|   4|   6|   3|   6|   5|   4|   5|   6|   4|   5|   5|   2|   5|   5|   3|   5|   5|   4|   5| ## |   4|   3|   2|   5|   5|   4|   7|   3|   5|   3|   5|   4|   6|   4|   7|   5|   6|   7|   3|   3|   1|   4|   4|   3|   3|   5|   3|   8|   5|   3|   3|   6|   3|   4|   3|[28]| 270|  16|
 +----+----+----+----+----+----+----+----+----+----+----+----+----+----+----+----+----+----+----+----+----+----+----+----+----+----+----+----+----+----+----+----+----+----+----+----+----+----+----+----+----+----+----+----+----+----+----+----+----+----+----+----+----+----+----+----+----+----+----+----+----+----+----+----+----+----+----+----+
 |[29]|   1|   1|   1|   1|   1|    |   2|    |   1|   2|   2|   1|   1|   1|   2|   1|   1|    |   1|   1|   1|   1|    |   2|    |   1|   1|   2|   1| ## |   1|    |   1|   1|   1|   2|   1|   3|   1|   1|   2|   2|   2|   2|   4|   1|   1|   3|   1|   3|    |   1|   2|   1|   2|   1|    |   2|   1|   1|   1|   1|   1|   2|[29]|  79|  12|
 +----+----+----+----+----+----+----+----+----+----+----+----+----+----+----+----+----+----+----+----+----+----+----+----+----+----+----+----+----+----+----+----+----+----+----+----+----+----+----+----+----+----+----+----+----+----+----+----+----+----+----+----+----+----+----+----+----+----+----+----+----+----+----+----+----+----+----+----+
 |[30]|   1|    |   1|    |    |   1|   1|   1|   1|   1|   1|    |   1|   3|    |   1|   1|   1|    |   1|   2|   1|   2|   1|   1|   1|    |    |   1|   1| ## |   1|   1|   4|   1|   1|   1|   1|    |   1|   1|   1|   1|   1|   1|    |   2|   1|    |    |   1|    |    |    |   1|    |    |   1|   1|   1|    |   1|   1|   1|[30]|  53|   6|
 +----+----+----+----+----+----+----+----+----+----+----+----+----+----+----+----+----+----+----+----+----+----+----+----+----+----+----+----+----+----+----+----+----+----+----+----+----+----+----+----+----+----+----+----+----+----+----+----+----+----+----+----+----+----+----+----+----+----+----+----+----+----+----+----+----+----+----+----+
 |[31]|   2|   2|   3|   2|   5|   1|   2|   6|   3|   2|   1|   5|   3|   4|   6|   4|   2|   3|   5|   4|   4|   4|   4|   4|   2|   3|   4|   3|   3|   4|   4| ## |   6|   3|   3|   5|   4|   6|   3|   2|   4|   4|   2|   1|   5|   3|   1|   4|   5|   2|   5|   2|   4|   3|   3|   2|   4|   5|   4|   3|   3|   4|   4|   5|[31]| 218|  19|
 +----+----+----+----+----+----+----+----+----+----+----+----+----+----+----+----+----+----+----+----+----+----+----+----+----+----+----+----+----+----+----+----+----+----+----+----+----+----+----+----+----+----+----+----+----+----+----+----+----+----+----+----+----+----+----+----+----+----+----+----+----+----+----+----+----+----+----+----+
 |[32]|    |    |    |   1|    |   1|    |    |    |    |    |   1|   1|   1|   1|   1|    |   1|    |   1|    |    |   1|   1|    |    |   1|   1|    |    |   2|    | ## |   1|    |   1|   1|    |    |    |   1|   1|    |   2|   2|    |   1|    |    |    |   2|    |    |    |    |    |    |   1|   1|   1|    |    |   1|   1|[32]|  32|   8|
 +----+----+----+----+----+----+----+----+----+----+----+----+----+----+----+----+----+----+----+----+----+----+----+----+----+----+----+----+----+----+----+----+----+----+----+----+----+----+----+----+----+----+----+----+----+----+----+----+----+----+----+----+----+----+----+----+----+----+----+----+----+----+----+----+----+----+----+----+
 |[33]|   3|   1|   2|   3|   3|   4|   1|   1|   3|   1|   2|   3|   1|   3|   4|   3|   1|   3|   1|   4|   3|   2|   1|   3|   3|   2|   1|   1|   2|   3|   3|    |   2| ## |   2|   4|   4|   1|   1|   2|   4|   4|   2|   4|   6|   2|   4|   3|   2|   3|   1|   3|   4|   4|   2|   2|   3|   3|   2|   4|   2|   3|   3|   2|[33]| 159|  15|
 +----+----+----+----+----+----+----+----+----+----+----+----+----+----+----+----+----+----+----+----+----+----+----+----+----+----+----+----+----+----+----+----+----+----+----+----+----+----+----+----+----+----+----+----+----+----+----+----+----+----+----+----+----+----+----+----+----+----+----+----+----+----+----+----+----+----+----+----+
 |[34]|   6|   8|   5|   5|   6|   6|   6|   9|   7|   7|   6|   8|   8|   9|   5|   7|   6|   8|   5|   6|   6|   8|   9|   7|   9|   8|   9|   6|   5|   5|   8|   8|   6|   8| ## |   7|   6|   8|   5|   4|   9|   7|   9|   7|   8|   5|   5|   7|   5|   8|   5|   5|   7|   4|   5|   5|   7|   5|   8|   7|   7|   6|   9|   7|[34]| 422|  30|
 +----+----+----+----+----+----+----+----+----+----+----+----+----+----+----+----+----+----+----+----+----+----+----+----+----+----+----+----+----+----+----+----+----+----+----+----+----+----+----+----+----+----+----+----+----+----+----+----+----+----+----+----+----+----+----+----+----+----+----+----+----+----+----+----+----+----+----+----+
 |[35]|   9|   7|   6|   5|   7|   9|   9|  10|   6|   8|   5|   7|   7|   6|   7|   6|   6|   8|   5|   8|   8|   7|   4|   2|   8|   7|   8|   7|   6|  11|   5|  11|  10|   6|   9| ## |   8|   6|   5|   9|   9|   9|   7|   5|   9|   7|   7|   9|   3|  12|   7|   8|   6|   9|   7|   6|   6|   5|   7|   4|   7|   4|   5|   7|[35]| 443|  33|
 +----+----+----+----+----+----+----+----+----+----+----+----+----+----+----+----+----+----+----+----+----+----+----+----+----+----+----+----+----+----+----+----+----+----+----+----+----+----+----+----+----+----+----+----+----+----+----+----+----+----+----+----+----+----+----+----+----+----+----+----+----+----+----+----+----+----+----+----+
 |[36]|    |   2|   1|   1|   2|   1|   1|    |   1|   2|   2|   2|   1|   1|   1|   3|   1|   1|   2|    |   1|    |   1|   2|   2|   2|   1|   2|    |   2|   2|   1|   1|   2|   1|   2| ## |   2|   3|   1|   2|   1|   2|   1|   3|   3|   1|   2|   1|   1|   3|   1|   3|   2|   1|   2|   3|   1|    |   1|   2|   3|   1|   2|[36]|  95|   5|
 +----+----+----+----+----+----+----+----+----+----+----+----+----+----+----+----+----+----+----+----+----+----+----+----+----+----+----+----+----+----+----+----+----+----+----+----+----+----+----+----+----+----+----+----+----+----+----+----+----+----+----+----+----+----+----+----+----+----+----+----+----+----+----+----+----+----+----+----+
 |[37]|   2|   2|   3|   5|   3|   4|   4|   2|   4|   2|   4|   1|   2|   2|   6|   4|   6|   4|   3|   4|   4|   2|   5|   2|   1|   5|   3|   5|   2|   6|   3|   4|   2|   3|   6|   5|   2| ## |   3|   3|   3|   2|   5|   5|   3|   2|   4|   5|   3|   3|   3|   4|   2|   5|   5|   4|   5|   5|   3|   1|   3|   3|   5|   3|[37]| 219|   8|
 +----+----+----+----+----+----+----+----+----+----+----+----+----+----+----+----+----+----+----+----+----+----+----+----+----+----+----+----+----+----+----+----+----+----+----+----+----+----+----+----+----+----+----+----+----+----+----+----+----+----+----+----+----+----+----+----+----+----+----+----+----+----+----+----+----+----+----+----+
 |[38]|    |    |    |    |    |    |    |    |    |    |    |    |    |    |    |    |   1|    |    |    |    |    |    |    |    |    |    |    |    |    |    |    |    |    |    |   1|    |    | ## |    |    |    |   1|    |    |   1|    |    |    |    |    |    |    |    |    |    |    |    |    |    |    |    |    |    |[38]|   4|   3|
 +----+----+----+----+----+----+----+----+----+----+----+----+----+----+----+----+----+----+----+----+----+----+----+----+----+----+----+----+----+----+----+----+----+----+----+----+----+----+----+----+----+----+----+----+----+----+----+----+----+----+----+----+----+----+----+----+----+----+----+----+----+----+----+----+----+----+----+----+
 |[39]|   6|   4|   5|   8|   6|   4|   6|   7|   6|   5|   7|   9|   7|   5|   8|   3|   5|   5|   6|   8|   7|   6|   6|   6|   5|   6|   6|   6|   3|   6|   6|   7|   7|   6|   6|   7|   4|   6|   7| ## |   5|   6|   9|   7|   7|   8|   4|   5|   4|   7|   5|   5|   6|   5|   7|   4|   7|   5|   6|   8|   6|   4|   5|   8|[39]| 376|  28|
 +----+----+----+----+----+----+----+----+----+----+----+----+----+----+----+----+----+----+----+----+----+----+----+----+----+----+----+----+----+----+----+----+----+----+----+----+----+----+----+----+----+----+----+----+----+----+----+----+----+----+----+----+----+----+----+----+----+----+----+----+----+----+----+----+----+----+----+----+
 |[40]|   6|   4|   5|   6|   6|   3|   3|   6|   5|   3|   6|   6|   3|   5|   6|   5|   5|   3|   6|   1|   4|   4|   4|   3|   1|   4|   4|   4|   2|   6|   7|   4|   5|   4|   6|   5|   5|   2|   4|   3| ## |   4|   4|   3|   3|   4|   2|   5|   4|   5|   2|   4|   7|   3|   5|   7|   5|   4|   2|   3|   6|   7|   4|   4|[40]| 271|  13|
 +----+----+----+----+----+----+----+----+----+----+----+----+----+----+----+----+----+----+----+----+----+----+----+----+----+----+----+----+----+----+----+----+----+----+----+----+----+----+----+----+----+----+----+----+----+----+----+----+----+----+----+----+----+----+----+----+----+----+----+----+----+----+----+----+----+----+----+----+
 |[41]|  21|   6|  12|  19|  14|  19|  15|  13|  21|  18|  17|  15|  15|  20|  16|  19|  14|  13|  16|  14|  16|  17|  15|  12|  19|  14|  16|  15|  20|  23|  16|  17|  17|  14|  15|  21|  17|  11|  17|  13|  19| ## |  14|  20|  20|  19|  28|  17|  13|  16|  13|  19|  19|  14|  21|  18|  12|  24|  21|  17|  14|  10|  21|  15|[41]|1046|  70|
 +----+----+----+----+----+----+----+----+----+----+----+----+----+----+----+----+----+----+----+----+----+----+----+----+----+----+----+----+----+----+----+----+----+----+----+----+----+----+----+----+----+----+----+----+----+----+----+----+----+----+----+----+----+----+----+----+----+----+----+----+----+----+----+----+----+----+----+----+
 |[42]|    |   2|   1|   2|   2|   1|    |    |   2|   1|   1|   2|   2|    |   1|   1|   1|   1|   2|   1|    |   2|   2|   1|   2|   1|   2|   3|   2|    |   1|   2|   2|   3|    |   2|   2|   1|   1|   2|    |    | ## |   2|   2|   1|   2|    |   2|   2|   2|    |   2|   2|   1|   1|   1|   2|   2|    |   1|   1|   2|    |[42]|  82|   7|
 +----+----+----+----+----+----+----+----+----+----+----+----+----+----+----+----+----+----+----+----+----+----+----+----+----+----+----+----+----+----+----+----+----+----+----+----+----+----+----+----+----+----+----+----+----+----+----+----+----+----+----+----+----+----+----+----+----+----+----+----+----+----+----+----+----+----+----+----+
 |[43]|   7|   8|   8|  12|   9|  11|   9|   9|  12|   6|  12|  11|  11|  10|  12|   8|   9|  11|  10|   7|   8|  12|  11|  10|  13|  10|  11|  12|   9|   7|  13|  12|  11|   7|  11|  10|   6|  12|   9|  11|  13|  11|   6| ## |  12|   6|  13|  11|   6|   7|  10|   9|  12|  10|   9|  11|  11|  13|   9|   9|  14|   6|   6|  10|[43]| 621|  27|
 +----+----+----+----+----+----+----+----+----+----+----+----+----+----+----+----+----+----+----+----+----+----+----+----+----+----+----+----+----+----+----+----+----+----+----+----+----+----+----+----+----+----+----+----+----+----+----+----+----+----+----+----+----+----+----+----+----+----+----+----+----+----+----+----+----+----+----+----+
 |[44]|  18|  18|  11|  16|  16|  17|  18|  19|  15|  14|  17|  16|  17|  11|  13|  23|  31|  21|  14|  32|  25|  20|  18|  13|  12|  17|  20|  22|  14|  12|  15|  20|  18|  20|  19|  26|  17|  21|  14|  24|  13|  16|  20|  20| ## |  19|  21|  19|  19|  22|  16|   9|  27|  20|  13|  14|  24|  14|  17|  19|  15|  14|  20|  17|[44]|1132|  75|
 +----+----+----+----+----+----+----+----+----+----+----+----+----+----+----+----+----+----+----+----+----+----+----+----+----+----+----+----+----+----+----+----+----+----+----+----+----+----+----+----+----+----+----+----+----+----+----+----+----+----+----+----+----+----+----+----+----+----+----+----+----+----+----+----+----+----+----+----+
 |[45]|    |    |    |    |    |   1|    |   1|    |    |    |    |    |    |    |    |    |    |    |    |    |    |    |    |    |    |    |    |    |    |    |    |    |    |    |    |    |    |    |    |    |    |    |    |    | ## |    |    |    |    |    |    |    |    |   1|    |    |    |    |    |    |    |    |    |[45]|   3|   2|
 +----+----+----+----+----+----+----+----+----+----+----+----+----+----+----+----+----+----+----+----+----+----+----+----+----+----+----+----+----+----+----+----+----+----+----+----+----+----+----+----+----+----+----+----+----+----+----+----+----+----+----+----+----+----+----+----+----+----+----+----+----+----+----+----+----+----+----+----+
 |[46]|  17|  14|  20|  17|  18|  18|  20|  17|  14|  15|  20|  18|  19|  20|  25|  22|  15|  19|  18|  20|  16|  19|  20|  19|  21|  19|  22|  20|  23|  18|  20|  19|  19|  21|  17|  17|  16|  21|  13|  21|  18|  25|  17|  17|  16|  21| ## |  19|  23|  22|  12|  14|  13|  15|  22|  18|  19|  23|  17|  20|  23|  20|  17|  18|[46]|1176|  75|
 +----+----+----+----+----+----+----+----+----+----+----+----+----+----+----+----+----+----+----+----+----+----+----+----+----+----+----+----+----+----+----+----+----+----+----+----+----+----+----+----+----+----+----+----+----+----+----+----+----+----+----+----+----+----+----+----+----+----+----+----+----+----+----+----+----+----+----+----+
 |[47]|   5|   5|   5|   2|   3|   3|   3|   2|   2|   1|   4|   1|   5|   3|   5|   2|   3|   4|   4|   4|   2|   3|   3|   4|   4|   4|   4|   2|   2|   3|   4|   5|   3|   5|   2|   4|   3|   3|   3|   2|   2|   3|   3|   8|   4|   3|   3| ## |   3|   3|   3|   3|   3|   3|   3|   4|   5|   5|   2|   3|   3|   4|   2|   3|[47]| 209|  13|
 +----+----+----+----+----+----+----+----+----+----+----+----+----+----+----+----+----+----+----+----+----+----+----+----+----+----+----+----+----+----+----+----+----+----+----+----+----+----+----+----+----+----+----+----+----+----+----+----+----+----+----+----+----+----+----+----+----+----+----+----+----+----+----+----+----+----+----+----+
 |[48]|    |    |    |    |    |    |    |    |    |    |    |   1|    |    |    |   1|    |    |    |   1|   1|    |    |    |    |    |    |    |    |    |    |   1|    |   1|    |    |    |    |    |    |    |    |    |    |    |   1|    |    | ## |    |   1|    |   1|   1|    |    |    |    |   1|   2|    |    |    |   1|[48]|  14|   3|
 +----+----+----+----+----+----+----+----+----+----+----+----+----+----+----+----+----+----+----+----+----+----+----+----+----+----+----+----+----+----+----+----+----+----+----+----+----+----+----+----+----+----+----+----+----+----+----+----+----+----+----+----+----+----+----+----+----+----+----+----+----+----+----+----+----+----+----+----+
 |[49]|   1|   2|   2|    |   3|   1|   2|   3|   1|   2|   3|   2|   1|   3|   3|   1|   1|   1|   3|   3|   2|   1|   3|   2|   4|   1|   1|   1|   2|   1|   2|   4|   3|   2|   1|   1|   2|   1|   1|   2|   2|   3|   3|   1|   2|   1|   3|   3|   2| ## |   2|   2|   2|   2|   2|   3|   2|   2|   3|   2|   1|   3|   2|   2|[49]| 125|  13|
 +----+----+----+----+----+----+----+----+----+----+----+----+----+----+----+----+----+----+----+----+----+----+----+----+----+----+----+----+----+----+----+----+----+----+----+----+----+----+----+----+----+----+----+----+----+----+----+----+----+----+----+----+----+----+----+----+----+----+----+----+----+----+----+----+----+----+----+----+
 |[50]|   1|   2|   2|   3|   1|   2|   3|   2|   2|   1|   2|   2|   3|   1|   2|   2|   1|   4|   1|   1|   2|   1|   4|   3|   2|   1|    |   2|   1|   3|   4|   4|   3|   2|   3|   2|   3|   1|   4|   2|   2|   4|   2|   2|   4|   1|   3|   1|   2|    | ## |   1|   2|   2|   4|   3|   3|   2|   4|   1|   2|   2|   2|   1|[50]| 135|  11|
 +----+----+----+----+----+----+----+----+----+----+----+----+----+----+----+----+----+----+----+----+----+----+----+----+----+----+----+----+----+----+----+----+----+----+----+----+----+----+----+----+----+----+----+----+----+----+----+----+----+----+----+----+----+----+----+----+----+----+----+----+----+----+----+----+----+----+----+----+
 |[51]|   2|   1|   1|   1|   1|   3|   3|   2|   2|   1|   2|   2|   2|   1|   2|   3|    |   2|   3|   1|   2|   3|   2|   2|   2|   2|   1|   1|   2|   1|   1|   4|   3|   1|   1|   3|   3|   1|   1|   2|   2|    |    |    |   3|   3|   3|   2|   2|   2|   3| ## |   2|   2|   2|   2|   3|   4|   2|   1|   2|   2|   2|   1|[51]| 118|   9|
 +----+----+----+----+----+----+----+----+----+----+----+----+----+----+----+----+----+----+----+----+----+----+----+----+----+----+----+----+----+----+----+----+----+----+----+----+----+----+----+----+----+----+----+----+----+----+----+----+----+----+----+----+----+----+----+----+----+----+----+----+----+----+----+----+----+----+----+----+
 |[52]|   1|    |   1|   2|    |    |    |   1|   3|    |   1|   2|   1|   2|   1|   1|   2|   3|   1|   3|   1|   1|    |   1|   2|    |   1|    |    |    |   1|   2|   1|   2|    |   1|   1|    |   2|    |   2|   1|    |   1|    |    |   2|    |   2|   1|   1|   1| ## |    |   3|   1|   2|    |   1|   1|   1|    |   1|   2|[52]|  64|   9|
 +----+----+----+----+----+----+----+----+----+----+----+----+----+----+----+----+----+----+----+----+----+----+----+----+----+----+----+----+----+----+----+----+----+----+----+----+----+----+----+----+----+----+----+----+----+----+----+----+----+----+----+----+----+----+----+----+----+----+----+----+----+----+----+----+----+----+----+----+
 |[53]|   2|    |   2|   2|   2|   5|   1|   2|   2|   1|   2|   3|   2|   2|   1|   3|   1|   2|   3|   3|   2|   3|   2|   1|   2|   1|   3|   2|   2|   3|   2|   2|   3|   2|   4|   3|   1|   2|   2|   3|   3|   2|   2|   3|   2|   3|   2|   2|   3|   2|   3|   2|   3| ## |   3|   2|    |   2|   2|   4|   3|   3|   1|   3|[53]| 141|  14|
 +----+----+----+----+----+----+----+----+----+----+----+----+----+----+----+----+----+----+----+----+----+----+----+----+----+----+----+----+----+----+----+----+----+----+----+----+----+----+----+----+----+----+----+----+----+----+----+----+----+----+----+----+----+----+----+----+----+----+----+----+----+----+----+----+----+----+----+----+
 |[54]|   1|   1|   1|    |   1|   1|    |   1|   1|   1|   1|   1|    |   1|   1|   1|   1|   1|   1|    |    |   1|   1|   1|    |   1|    |    |    |    |    |    |    |   1|   1|   1|    |   1|   1|    |   1|   1|    |    |   1|   1|   1|    |    |    |    |   1|   1|   1| ## |    |   1|    |    |    |   1|   1|   1|    |[54]|  37|   4|
 +----+----+----+----+----+----+----+----+----+----+----+----+----+----+----+----+----+----+----+----+----+----+----+----+----+----+----+----+----+----+----+----+----+----+----+----+----+----+----+----+----+----+----+----+----+----+----+----+----+----+----+----+----+----+----+----+----+----+----+----+----+----+----+----+----+----+----+----+
 |[55]|   2|   1|   2|   1|   2|    |   1|   1|   1|   1|   1|   1|   1|    |   2|   2|   2|   1|   1|   2|    |    |   1|    |   1|   1|   2|   1|   1|   2|   1|    |    |   1|   2|   1|    |   2|    |   1|   1|    |   1|    |   2|   1|   1|   3|    |   2|   1|   1|   1|    |   2| ## |   1|   2|   1|   2|   1|   2|   1|   3|[55]|  71|   7|
 +----+----+----+----+----+----+----+----+----+----+----+----+----+----+----+----+----+----+----+----+----+----+----+----+----+----+----+----+----+----+----+----+----+----+----+----+----+----+----+----+----+----+----+----+----+----+----+----+----+----+----+----+----+----+----+----+----+----+----+----+----+----+----+----+----+----+----+----+
 |[56]|   5|   8|   5|   3|  10|  11|   5|   8|   5|   7|   8|   6|   5|   7|   7|   8|   9|   7|   6|   8|   7|   5|   6|  10|   6|   7|   8|   7|   6|   9|   8|   7|  11|   5|   7|   8|   5|   8|   5|   7|   8|   7|  10|   3|   8|   4|  11|  10|   7|   6|   6|   7|   9|   6|   5|   5| ## |   8|   9|   6|   8|   7|   8|   6|[56]| 444|  23|
 +----+----+----+----+----+----+----+----+----+----+----+----+----+----+----+----+----+----+----+----+----+----+----+----+----+----+----+----+----+----+----+----+----+----+----+----+----+----+----+----+----+----+----+----+----+----+----+----+----+----+----+----+----+----+----+----+----+----+----+----+----+----+----+----+----+----+----+----+
 |[57]|  20|  20|  26|  22|  21|  30|  24|  21|  25|  20|  23|  22|  22|  19|  22|  20|  24|  21|  22|  19|  19|  21|  25|  25|  22|  27|  23|  21|  23|  25|  21|  25|  20|  21|  19|  21|  27|  22|  19|  26|  22|  23|  18|  23|  22|  21|  20|  23|  23|  24|  23|  23|  22|  21|  18|  24|  23| ## |  19|  20|  23|  23|  18|  25|[57]|1396|  62|
 +----+----+----+----+----+----+----+----+----+----+----+----+----+----+----+----+----+----+----+----+----+----+----+----+----+----+----+----+----+----+----+----+----+----+----+----+----+----+----+----+----+----+----+----+----+----+----+----+----+----+----+----+----+----+----+----+----+----+----+----+----+----+----+----+----+----+----+----+
 |[58]|   3|   4|   3|   2|   2|   4|   2|   3|   2|   2|   2|   3|   5|   3|   4|   3|   1|   3|   1|   2|   1|   3|   3|   2|   4|   3|   3|   1|   2|   3|   2|   3|   4|   3|   4|   7|   1|   2|   2|   2|   5|   4|   1|   4|   4|   2|   2|   5|   1|   2|   3|   2|   1|   3|   4|   4|    |   4| ## |   3|   4|   2|   2|   3|[58]| 174|  10|
 +----+----+----+----+----+----+----+----+----+----+----+----+----+----+----+----+----+----+----+----+----+----+----+----+----+----+----+----+----+----+----+----+----+----+----+----+----+----+----+----+----+----+----+----+----+----+----+----+----+----+----+----+----+----+----+----+----+----+----+----+----+----+----+----+----+----+----+----+
 |[59]|   2|   3|   3|   2|   2|   6|   7|   3|   3|   4|   5|   2|   5|   1|   3|   5|   5|   2|   2|   4|   4|   3|   4|   2|   5|   2|   4|   5|   5|   2|   4|   1|   2|   4|   3|   2|   2|   4|   2|   5|   4|   4|   2|   4|   5|   6|   7|   6|   4|   5|   4|   3|   2|   6|   4|   4|   4|   5|   4| ## |   3|   5|   4|   4|[59]| 233|  18|
 +----+----+----+----+----+----+----+----+----+----+----+----+----+----+----+----+----+----+----+----+----+----+----+----+----+----+----+----+----+----+----+----+----+----+----+----+----+----+----+----+----+----+----+----+----+----+----+----+----+----+----+----+----+----+----+----+----+----+----+----+----+----+----+----+----+----+----+----+
 |[60]|   3|   1|   2|   2|   2|   3|   4|   3|   2|   1|   1|   4|   2|   3|   2|   3|   1|   1|   4|   2|   2|   2|   1|   4|   1|   2|   2|   2|   2|   1|   5|   3|   3|   2|   2|   1|   3|   1|   4|   3|   2|   3|   4|   2|   3|   3|   3|   3|   4|   2|   3|   3|   4|   2|   1|   4|   5|   3|   2|   4| ## |   2|   4|   1|[60]| 159|  14|
 +----+----+----+----+----+----+----+----+----+----+----+----+----+----+----+----+----+----+----+----+----+----+----+----+----+----+----+----+----+----+----+----+----+----+----+----+----+----+----+----+----+----+----+----+----+----+----+----+----+----+----+----+----+----+----+----+----+----+----+----+----+----+----+----+----+----+----+----+
 |[61]|   1|   1|    |   1|   1|   1|   1|    |   2|   1|   1|   1|   2|    |    |   2|    |    |    |   1|   1|    |    |    |   1|   1|   1|   1|   1|   1|   2|   1|   1|   1|    |    |   1|   2|   1|    |    |   1|    |    |   1|    |    |   2|   1|    |   2|   1|    |   1|    |    |   1|   1|   2|    |   1| ## |    |   1|[61]|  47|   6|
 +----+----+----+----+----+----+----+----+----+----+----+----+----+----+----+----+----+----+----+----+----+----+----+----+----+----+----+----+----+----+----+----+----+----+----+----+----+----+----+----+----+----+----+----+----+----+----+----+----+----+----+----+----+----+----+----+----+----+----+----+----+----+----+----+----+----+----+----+
 |[62]|    |   4|   3|   4|   2|   5|   2|   3|    |   3|   3|   3|   2|   1|   2|   5|   3|   3|   1|   4|   1|   3|   3|   1|   2|   2|   5|   1|   1|   3|   3|    |   4|   3|   3|   1|   1|   3|   1|   2|   2|   4|   2|   4|   3|    |   2|   2|    |   2|   2|   4|   2|   4|   2|   1|   3|   2|   2|   3|   2|   2| ## |   3|[62]| 149|  13|
 +----+----+----+----+----+----+----+----+----+----+----+----+----+----+----+----+----+----+----+----+----+----+----+----+----+----+----+----+----+----+----+----+----+----+----+----+----+----+----+----+----+----+----+----+----+----+----+----+----+----+----+----+----+----+----+----+----+----+----+----+----+----+----+----+----+----+----+----+
 |[63]|   3|   5|   2|   4|   3|   7|   4|   5|   4|   4|   3|   5|   6|   6|   6|   8|   3|   5|   6|   3|   6|   6|   5|   4|   8|   5|   3|   3|   7|   5|   2|   5|   6|   2|   5|   5|   4|   5|   6|   7|   6|   3|   4|   6|   6|   5|   6|   4|   4|   5|   3|   2|   4|   6|   5|   7|   6|   5|   7|   5|   6|   5|   5| ## |[63]| 306|  11|
 +----+----+----+----+----+----+----+----+----+----+----+----+----+----+----+----+----+----+----+----+----+----+----+----+----+----+----+----+----+----+----+----+----+----+----+----+----+----+----+----+----+----+----+----+----+----+----+----+----+----+----+----+----+----+----+----+----+----+----+----+----+----+----+----+----+----+----+----+
 | ## |[ 0]|[ 1]|[ 2]|[ 3]|[ 4]|[ 5]|[ 6]|[ 7]|[ 8]|[ 9]|[10]|[11]|[12]|[13]|[14]|[15]|[16]|[17]|[18]|[19]|[20]|[21]|[22]|[23]|[24]|[25]|[26]|[27]|[28]|[29]|[30]|[31]|[32]|[33]|[34]|[35]|[36]|[37]|[38]|[39]|[40]|[41]|[42]|[43]|[44]|[45]|[46]|[47]|[48]|[49]|[50]|[51]|[52]|[53]|[54]|[55]|[56]|[57]|[58]|[59]|[60]|[61]|[62]|[63]| ## | ## |1024|
 +----+----+----+----+----+----+----+----+----+----+----+----+----+----+----+----+----+----+----+----+----+----+----+----+----+----+----+----+----+----+----+----+----+----+----+----+----+----+----+----+----+----+----+----+----+----+----+----+----+----+----+----+----+----+----+----+----+----+----+----+----+----+----+----+----+----+----+----+
 | TTL| 226| 210| 225| 224| 239| 263| 232| 253| 235| 215| 246| 251| 245| 241| 257| 271| 249| 236| 233| 250| 240| 242| 253| 230| 246| 238| 265| 250| 234| 230| 241| 259| 264| 241| 247| 282| 230| 242| 229| 253| 267| 233| 222| 251| 262| 236| 248| 265| 228| 244| 228| 226| 256| 243| 251| 245| 259| 246| 252| 234| 266| 235| 250| 251| ## | ## | ## |
 +----+----+----+----+----+----+----+----+----+----+----+----+----+----+----+----+----+----+----+----+----+----+----+----+----+----+----+----+----+----+----+----+----+----+----+----+----+----+----+----+----+----+----+----+----+----+----+----+----+----+----+----+----+----+----+----+----+----+----+----+----+----+----+----+----+----+----+----+






