
 now Q is 40

 now outputing  - - - -> end


basis_ent0 = 0.008997
 [34 , 39, 61]  0.008997 + 0.011032 >>  0.013399  :  1700.187500  (60)
 [1 , 34, 61]  0.008997 + 0.011035 <  0.013399  :  1647.078125  (58)
 [28 , 34, 61]  0.008997 + 0.011176 <  0.013399  :  1635.453125  (62)
 [14 , 34, 61]  0.008997 + 0.010312 <  0.013399  :  1604.734375  (58)
 [33 , 34, 61]  0.008997 + 0.010352 <  0.013399  :  1597.250000  (58)
 [34 , 36, 61]  0.008997 + 0.010319 <  0.013399  :  1588.656250  (58)
 [34 , 60, 61]  0.008997 + 0.011110 <  0.013399  :  1574.296875  (60)
 [29 , 34, 61]  0.008997 + 0.010608 <  0.013399  :  1567.484375  (58)
 [34 , 61, 62]  0.008997 + 0.010802 <  0.013399  :  1545.875000  (67)
 [30 , 34, 61]  0.008997 + 0.010011 <  0.013399  :  1540.093750  (60)

 [34 , 61, 99]  0.008997 + 0.010083 <  0.008932  :  1292.890625  (53)
 [34 , 37, 99]  0.008997 + 0.008469 <  0.008932  :  1234.531250  (34)
 [31 , 34, 99]  0.008997 + 0.008282 <  0.008932  :  1233.953125  (42)
 [0 , 34, 99]  0.008997 + 0.008373 <  0.008932  :  1221.078125  (37)
 [28 , 34, 99]  0.008997 + 0.008212 <  0.008932  :  1215.671875  (35)
 [34 , 36, 99]  0.008997 + 0.008013 <  0.008932  :  1214.203125  (35)
 [34 , 47, 99]  0.008997 + 0.008832 <  0.008932  :  1211.125000  (42)
 [34 , 63, 99]  0.008997 + 0.008242 <  0.008932  :  1210.843750  (36)
 [34 , 46, 99]  0.008997 + 0.008089 <  0.008932  :  1208.703125  (38)
 [34 , 42, 99]  0.008997 + 0.008235 <  0.008932  :  1208.500000  (34)

 [34 , 99, 99]  0.008997 + 0.008921 <  0.004466  :  1181.250000  (31)
 [61 , 99, 99]  0.008997 + 0.001674 <  0.004466  :  71.671875  (20)
 [31 , 99, 99]  0.008997 + 0.000711 <  0.004466  :  34.593750  (16)
 [47 , 99, 99]  0.008997 + 0.000736 <  0.004466  :  29.515625  (16)
 [0 , 99, 99]  0.008997 + 0.000474 <  0.004466  :  28.062500  (7)
 [63 , 99, 99]  0.008997 + 0.000127 <  0.004466  :  22.671875  (5)
 [42 , 99, 99]  0.008997 + 0.000293 <  0.004466  :  22.265625  (6)
 [30 , 99, 99]  0.008997 + 0.000429 <  0.004466  :  20.296875  (13)
 [36 , 99, 99]  0.008997 + 0.000195 <  0.004466  :  19.203125  (6)
 [11 , 99, 99]  0.008997 + 0.000277 <  0.004466  :  17.296875  (7)
34, 39, 61