Q10


 [ 1 ] 0
 [ 1 ] 3
 [ 1 ] 6
 [ 1 ] 7
 [ 1 ] 8
 [ 1 ] 9
 [ 1 ] 10
 [ 1 ] 11
 [ 1 ] 12
 [ 1 ] 13
 [ 1 ] 14
 [ 1 ] 15
 [ 1 ] 16
 [ 1 ] 17
 [ 1 ] 18
 [ 1 ] 19
 [ 1 ] 20
 [ 2 ] 23
 [ 2 ] 28
 [ 3 ] 29
 [ 1 ] 32
 [ 1 ] 37
 [ 1 ] 51
 [ 2 ] 59
 [ 1 ] 60
 [ 1 ] 66
 [ 1 ] 68
 [ 1 ] 69
 [ 1 ] 95
 [ 1 ] 96
 [ 2 ] 97
 [ 1 ] 98
 [ 3 ] 99
 [ 2 ] 106
 [ 1 ] 128
 [ 1 ] 129
 [ 1 ] 130
 [ 1 ] 131
 [ 1 ] 160
 [ 1 ] 192
 [ 1 ] 224
 [ 1 ] 256
 [ 1 ] 260
 [ 1 ] 288
 [ 3 ] 290
 [ 1 ] 293
 [ 1 ] 320
 [ 1 ] 326
 [ 1 ] 352
 [ 2 ] 356
 [ 1 ] 358
 [ 3 ] 359
 [ 3 ] 384
 [ 3 ] 390
 [ 3 ] 391
 [ 3 ] 393
 [ 3 ] 404
 [ 1 ] 406
 [ 1 ] 407
 [ 1 ] 414
 [ 1 ] 415
 [ 2 ] 422
 [ 3 ] 424
 [ 1 ] 430
 [ 2 ] 434
 [ 1 ] 445
 [ 2 ] 449
 [ 2 ] 456
 [ 3 ] 457
 [ 1 ] 458
 [ 1 ] 462
 [ 1 ] 463
 [ 1 ] 464
 [ 2 ] 465
 [ 1 ] 466
 [ 1 ] 467
 [ 2 ] 468
 [ 3 ] 469
 [ 3 ] 473
 [ 1 ] 476
 [ 3 ] 483
 [ 2 ] 484
 [ 2 ] 487
 [ 3 ] 488
 [ 3 ] 498
 [ 3 ] 499
 [ 1 ] 500
 [ 1 ] 503
 [ 2 ] 504
 [ 2 ] 507
 [ 1 ] 511
 [ 1 ] 518
 [ 3 ] 520
 [ 2 ] 524
 [ 2 ] 525
 [ 1 ] 526
 [ 1 ] 533
 [ 3 ] 547
 [ 2 ] 554
 [ 3 ] 555
 [ 2 ] 561
 [ 3 ] 565
 [ 3 ] 576
 [ 2 ] 577
 [ 1 ] 578
 [ 3 ] 579
 [ 3 ] 582
 [ 2 ] 587
 [ 2 ] 588
 [ 1 ] 589
 [ 2 ] 590
 [ 1 ] 597
 [ 1 ] 609
 [ 3 ] 611
 [ 3 ] 615
 [ 2 ] 616
 [ 3 ] 617
 [ 1 ] 618
 [ 2 ] 619
 [ 2 ] 622
 [ 3 ] 627
 [ 3 ] 629
 [ 1 ] 633
 [ 1 ] 644
 [ 2 ] 645
 [ 2 ] 648
 [ 2 ] 650
 [ 2 ] 651
 [ 2 ] 656
 [ 1 ] 657
 [ 3 ] 661
 [ 2 ] 662
 [ 1 ] 670
 [ 1 ] 672
 [ 1 ] 676
 [ 1 ] 677
 [ 2 ] 678
 [ 3 ] 680
 [ 2 ] 682
 [ 2 ] 685
 [ 2 ] 689
 [ 3 ] 692
 [ 2 ] 693
 [ 1 ] 694
 [ 3 ] 695
 [ 3 ] 696
 [ 1 ] 704
 [ 3 ] 709
 [ 1 ] 710
 [ 2 ] 711
 [ 3 ] 713
 [ 3 ] 714
 [ 2 ] 716
 [ 3 ] 719
 [ 2 ] 730
 [ 1 ] 736
 [ 3 ] 740
 [ 3 ] 741
 [ 2 ] 742
 [ 3 ] 745
 [ 1 ] 747
 [ 1 ] 751
 [ 3 ] 760
 [ 1 ] 762
 [ 1 ] 768
 [ 1 ] 779
 [ 1 ] 784
 [ 1 ] 785
 [ 2 ] 786
 [ 2 ] 787
 [ 3 ] 790
 [ 3 ] 791
 [ 2 ] 792
 [ 1 ] 794
 [ 1 ] 795
 [ 1 ] 800
 [ 1 ] 810
 [ 2 ] 811
 [ 1 ] 814
 [ 1 ] 815
 [ 2 ] 818
 [ 2 ] 821
 [ 1 ] 828
 [ 1 ] 832
 [ 2 ] 843
 [ 2 ] 844
 [ 2 ] 845
 [ 1 ] 864
 [ 1 ] 878
 [ 1 ] 879
 [ 2 ] 880
 [ 2 ] 881
 [ 3 ] 885
 [ 1 ] 888
 [ 1 ] 891
 [ 1 ] 896
 [ 1 ] 909
 [ 2 ] 910
 [ 1 ] 911
 [ 1 ] 913
 [ 2 ] 917
 [ 3 ] 919
 [ 1 ] 928
 [ 1 ] 944
 [ 1 ] 947
 [ 1 ] 953
 [ 1 ] 957
 [ 1 ] 960
 [ 3 ] 982
 [ 1 ] 988
 [ 1 ] 992
 [ 1 ] 1015
 [ 2 ] 1016
 [ 2 ] 1017
 [ 3 ] 1019
 [ 1 ] 1020





Q70

[ 2 ] 40
 [ 1 ] 41
 [ 1 ] 42
 [ 2 ] 44
 [ 1 ] 74
 [ 1 ] 75
 [ 1 ] 80
 [ 2 ] 83
 [ 1 ] 86
 [ 1 ] 87
 [ 3 ] 91
 [ 3 ] 102
 [ 2 ] 109
 [ 1 ] 110
 [ 2 ] 111
 [ 1 ] 117
 [ 1 ] 118
 [ 1 ] 120
 [ 3 ] 124
 [ 2 ] 126
 [ 1 ] 133
 [ 1 ] 150
 [ 1 ] 151
 [ 1 ] 152
 [ 3 ] 153
 [ 1 ] 156
 [ 3 ] 158
 [ 1 ] 166
 [ 2 ] 168
 [ 3 ] 178
 [ 2 ] 182
 [ 3 ] 183
 [ 1 ] 190
 [ 2 ] 195
 [ 1 ] 197
 [ 1 ] 198
 [ 1 ] 199
 [ 1 ] 200
 [ 1 ] 201
 [ 3 ] 208
 [ 2 ] 213
 [ 2 ] 215
 [ 2 ] 217
 [ 2 ] 221
 [ 2 ] 223
 [ 3 ] 226
 [ 2 ] 227
 [ 2 ] 240
 [ 2 ] 241
 [ 1 ] 243
 [ 2 ] 244
 [ 2 ] 245
 [ 2 ] 247
 [ 2 ] 252
 [ 1 ] 262
 [ 1 ] 265
 [ 1 ] 266
 [ 2 ] 269
 [ 2 ] 271
 [ 1 ] 276
 [ 2 ] 277
 [ 1 ] 278
 [ 2 ] 279
 [ 3 ] 295
 [ 1 ] 297
 [ 2 ] 298
 [ 2 ] 302
 [ 1 ] 303
 [ 1 ] 305
 [ 3 ] 306
 [ 3 ] 309
 [ 3 ] 312
 [ 3 ] 324
 [ 2 ] 328
 [ 1 ] 329
 [ 1 ] 330
 [ 2 ] 331
 [ 2 ] 332
 [ 3 ] 336
 [ 1 ] 337
 [ 1 ] 338
 [ 1 ] 339
 [ 1 ] 341
 [ 1 ] 343
 [ 2 ] 347
 [ 1 ] 360
 [ 1 ] 362
 [ 2 ] 367
 [ 1 ] 381
 [ 1 ] 382
 [ 1 ] 383
 [ 1 ] 386
 [ 1 ] 394
 [ 2 ] 395
 [ 3 ] 400
 [ 2 ] 402
 [ 1 ] 403
 [ 3 ] 418
 [ 1 ] 447
 [ 2 ] 454
 [ 1 ] 459
 [ 3 ] 460
 [ 1 ] 538
 [ 2 ] 543
 [ 1 ] 572
 [ 1 ] 598
 [ 3 ] 600
 [ 2 ] 632
 [ 3 ] 698
 [ 1 ] 699
 [ 2 ] 705
 [ 1 ] 737
 [ 2 ] 738
 [ 1 ] 769
 [ 1 ] 772
 [ 2 ] 801
 [ 3 ] 807
 [ 1 ] 834
 [ 3 ] 861
 [ 1 ] 870
 [ 1 ] 872
 [ 2 ] 874
 [ 3 ] 876
 [ 1 ] 894
 [ 2 ] 904
 [ 3 ] 905
 [ 1 ] 936
 [ 1 ] 937
 [ 3 ] 969
 [ 2 ] 971
 [ 2 ] 975
 [ 2 ] 978
 [ 2 ] 1005
 [ 2 ] 1007
