 [ 40 ] 10.359375
 [ 41 ] 6.671875
 [ 42 ] 6.546875
 [ 44 ] 9.718750
 [ 74 ] 7.140625
 [ 75 ] 5.421875
 [ 80 ] 5.359375
 [ 83 ] 7.140625
 [ 86 ] 7.296875
 [ 87 ] 5.468750
 [ 91 ] 11.125000
 [ 102 ] 21.593750
 [ 109 ] 9.843750
 [ 110 ] 7.578125
 [ 111 ] 9.593750
 [ 117 ] 4.859375
 [ 118 ] 4.125000
 [ 120 ] 4.234375
 [ 124 ] 8.671875
 [ 126 ] 7.406250
 [ 133 ] 3.859375
 [ 150 ] 5.281250
 [ 151 ] 5.812500
 [ 152 ] 5.953125
 [ 153 ] 8.828125
 [ 156 ] 5.375000
 [ 158 ] 7.593750
 [ 166 ] 5.296875
 [ 168 ] 7.703125
 [ 178 ] 15.515625
 [ 182 ] 8.984375
 [ 183 ] 9.140625
 [ 190 ] 3.171875
 [ 195 ] 6.781250
 [ 197 ] 5.625000
 [ 198 ] 7.062500
 [ 199 ] 7.718750
 [ 200 ] 7.312500
 [ 201 ] 7.656250
 [ 208 ] 13.140625
 [ 213 ] 9.265625
 [ 215 ] 6.218750
 [ 217 ] 7.250000
 [ 221 ] 7.406250
 [ 223 ] 4.390625
 [ 226 ] 13.812500
 [ 227 ] 10.843750
 [ 240 ] 10.984375
 [ 241 ] 8.390625
 [ 243 ] 7.343750
 [ 244 ] 10.671875
 [ 245 ] 9.625000
 [ 247 ] 8.750000
 [ 252 ] 9.203125
 [ 262 ] 8.468750
 [ 265 ] 5.203125
 [ 266 ] 9.843750
 [ 269 ] 6.890625
 [ 271 ] 6.625000
 [ 276 ] 4.250000
 [ 277 ] 6.890625
 [ 278 ] 3.656250
 [ 279 ] 3.125000
 [ 295 ] 13.562500
 [ 297 ] 6.031250
 [ 298 ] 8.953125
 [ 302 ] 10.921875
 [ 303 ] 4.953125
 [ 305 ] 7.312500
 [ 306 ] 7.140625
 [ 309 ] 9.750000
 [ 312 ] 10.406250
 [ 324 ] 8.546875
 [ 328 ] 6.921875
 [ 329 ] 5.718750
 [ 330 ] 6.812500
 [ 331 ] 9.406250
 [ 332 ] 9.015625
 [ 336 ] 14.203125
 [ 337 ] 5.281250
 [ 338 ] 5.296875
 [ 339 ] 6.953125
 [ 341 ] 6.078125
 [ 343 ] 2.781250
 [ 347 ] 5.593750
 [ 360 ] 5.046875
 [ 362 ] 5.171875
 [ 367 ] 6.921875
 [ 381 ] 4.093750
 [ 382 ] 3.015625
 [ 383 ] 2.484375
 [ 386 ] 4.703125
 [ 394 ] 6.343750
 [ 395 ] 11.078125
 [ 400 ] 10.687500
 [ 402 ] 8.234375
 [ 403 ] 8.812500
 [ 418 ] 8.515625
 [ 447 ] 11.406250
 [ 454 ] 13.578125
 [ 459 ] 13.234375
 [ 460 ] 49.218750
 [ 538 ] 14.484375
 [ 543 ] 20.703125
 [ 572 ] 4.734375
 [ 598 ] 6.109375
 [ 600 ] 6.578125
 [ 632 ] 7.781250
 [ 698 ] 10.390625
 [ 699 ] 4.609375
 [ 705 ] 10.562500
 [ 737 ] 2.078125
 [ 738 ] 6.296875
 [ 769 ] 2.593750
 [ 772 ] 5.937500
 [ 801 ] 7.609375
 [ 807 ] 19.390625
 [ 834 ] 1.734375
 [ 861 ] 26.500000
 [ 870 ] 1.453125
 [ 872 ] 5.515625
 [ 874 ] 9.296875
 [ 876 ] 12.781250
 [ 894 ] 5.031250
 [ 904 ] 6.765625
 [ 905 ] 11.953125
 [ 936 ] 6.515625
 [ 937 ] 5.328125
 [ 969 ] 29.046875
 [ 971 ] 15.578125
 [ 975 ] 4.578125
 [ 978 ] 10.125000
 [ 1005 ] 68.531250
 [ 1007 ] 40.484375