

 [80] ******************************************************

 [3 , 7, 9]  121891.745328 vs 117102.504987 >>  4789.240341  :  310.312500  (3)
[978]    108  [3, 7, 9]
[1018]    104  [7, 9]
[1020]    98  [9]

 [70] ******************************************************

 [32 , 38, 45]  100181.443032 vs 97086.807908 >>  3094.635124  :  485.921875  (3)
[1011]    197  [32, 38]
[1013]    144  [45]
[1019]    145  [32, 38]

 [60] ******************************************************

 [7 , 38, 45]  86232.334477 vs 84088.334238 >>  2144.000238  :  579.031250  (3)
[1011]    224  [7, 38]
[1013]    165  [7, 45]
[1018]    190  [7]

 [50] ******************************************************

 [7 , 32, 38]  75162.802696 vs 73721.551866 >>  1441.250830  :  624.718750  (3)
[1011]    253  [32, 38]
[1018]    197  [7]
[1019]    174  [32, 38]

 [40] ******************************************************

 [7 , 32, 38]  64956.747797 vs 63864.898452 >>  1091.849345  :  719.484375  (3)
[1011]    263  [32, 38]
[1018]    214  [7]
[1019]    243  [32, 38]

 [30] ******************************************************

 [7 , 32, 38]  54436.507764 vs 53626.796604 >>  809.711160  :  785.671875  (4)
[800]    2  [32]
[1011]    289  [32, 38]
[1018]    228  [7]
[1019]    268  [32, 38]