

 [80] ******************************************************

 [99 , 99, 99]  152718.430809 vs 149461.962712 >>  3256.468097  :  0.000000  (0)

 [70] ******************************************************

 [56 , 57, 61]  131002.014504 vs 128654.562114 >>  2347.452391  :  34.250000  (1)
[646]    34  [56, 57, 61]

 [60] ******************************************************

 [34 , 45, 54]  116495.898057 vs 114496.887075 >>  1999.010982  :  159.156250  (2)
[771]    71  [34, 54]
[804]    88  [34, 45, 54]

 [50] ******************************************************

 [34 , 45, 54]  102911.142500 vs 100545.652362 >>  2365.490138  :  394.843750  (2)
[771]    99  [34, 54]
[804]    296  [34, 45, 54]

 [40] ******************************************************

 [34 , 35, 54]  88822.025518 vs 86621.252889 >>  2200.772629  :  613.484375  (4)
[674]    145  [35]
[737]    5  [35, 54]
[771]    274  [34, 54]
[804]    194  [34, 35]

 [30] ******************************************************

 [30 , 34, 54]  72878.288091 vs 71048.345907 >>  1829.942183  :  1212.531250  (4)
[678]    70  [30, 34, 54]
[740]    343  [30]
[771]    540  [34, 54]
[804]    265  [30, 34]