

 [80] ******************************************************

 [19 , 40, 42]  131347.645610 vs 127209.166458 >>  4138.479152  :  3.609375  (1)
[8]    4  [19, 40, 42]

 [70] ******************************************************

 [25 , 40, 56]  109138.657973 vs 106170.985151 >>  2967.672822  :  82.453125  (5)
[8]    22  [25, 40, 56]
[12]    18  [40]
[13]    16  [25, 40]
[14]    17  [25, 40, 56]
[19]    10  [25, 40, 56]

 [60] ******************************************************

 [25 , 40, 52]  95498.035203 vs 93011.831998 >>  2486.203206  :  392.484375  (11)
[5]    17  [25, 40]
[6]    37  [25, 40, 52]
[7]    34  [25, 40, 52]
[8]    50  [25, 40, 52]
[9]    31  [40, 52]
[10]    44  [40, 52]
[11]    48  [25, 40]
[12]    35  [40, 52]
[13]    43  [25, 40, 52]
[14]    39  [25, 40, 52]
[19]    14  [25, 40]

 [50] ******************************************************

 [6 , 40, 52]  84826.251863 vs 82924.373243 >>  1901.878620  :  611.359375  (14)
[2]    40  [6, 40, 52]
[3]    42  [6, 40, 52]
[4]    32  [6, 40]
[5]    45  [6, 40]
[6]    66  [40]
[7]    35  [6, 40, 52]
[8]    53  [40, 52]
[9]    56  [40, 52]
[10]    55  [40, 52]
[11]    50  [40, 52]
[12]    42  [40, 52]
[13]    40  [40, 52]
[14]    45  [6, 40]
[19]    12  [6, 40, 52]

 [40] ******************************************************

 [6 , 40, 52]  73554.422273 vs 72027.212791 >>  1527.209483  :  732.000000  (15)
[2]    43  [6, 40, 52]
[3]    54  [6, 40, 52]
[4]    50  [6, 40]
[5]    59  [6, 40]
[6]    68  [40]
[7]    47  [6, 40, 52]
[8]    55  [40, 52]
[9]    70  [40, 52]
[10]    65  [40, 52]
[11]    49  [40, 52]
[12]    47  [40, 52]
[13]    44  [40, 52]
[14]    50  [6, 40]
[15]    12  [6, 40]
[19]    19  [6, 40, 52]

 [30] ******************************************************

 [6 , 40, 58]  62483.579989 vs 61581.818821 >>  901.761167  :  812.109375  (21)
[2]    38  [6, 40, 58]
[3]    52  [6, 40]
[4]    41  [6, 40]
[5]    53  [40, 58]
[6]    87  [40]
[7]    55  [6, 40, 58]
[8]    49  [40, 58]
[9]    64  [40]
[10]    55  [40, 58]
[11]    47  [40]
[12]    46  [40]
[13]    40  [40]
[14]    47  [6, 40]
[15]    37  [6, 40, 58]
[19]    44  [6, 40]
[25]    0  [58]
[28]    1  [6, 58]
[258]    44  [6, 40, 58]
[294]    0  [40]
[376]    10  [6]
[782]    9  [40]
[951]    4  [58]