

 [80] ******************************************************

 [99 , 99, 99]  131347.645610 vs 126915.527170 >>  4432.118440  :  0.000000  (0)

 [70] ******************************************************

 [99 , 99, 99]  109138.657973 vs 105967.759317 >>  3170.898657  :  0.000000  (0)

 [60] ******************************************************

 [99 , 99, 99]  95498.035203 vs 92754.271743 >>  2743.763461  :  0.000000  (0)

 [50] ******************************************************

 [4 , 19, 39]  84826.251863 vs 82726.920108 >>  2099.331755  :  67.687500  (1)
[467]    68  [4, 19, 39]

 [40] ******************************************************

 [5 , 45, 59]  73554.422273 vs 71874.875749 >>  1679.546524  :  253.687500  (1)
[466]    254  [5, 45, 59]

 [30] ******************************************************

 [14 , 35, 59]  62483.579989 vs 61335.758132 >>  1147.821856  :  355.265625  (2)
[466]    262  [14, 35, 59]
[609]    93  [14, 35, 59]