

 [80] ******************************************************

 [25 , 40, 53]  121891.745328 vs 117152.785089 >>  4738.960238  :  266.156250  (3)
 [978]    98.375000 (3)
 [982]    83.578125 (2)
 [987]    84.203125 (3)

 [70] ******************************************************

 [40 , 53, 57]  100181.443032 vs 97131.213334 >>  3050.229698  :  420.312500  (3)
 [982]    120.781250 (3)
 [987]    138.734375 (2)
 [1011]    160.796875 (3)

 [60] ******************************************************

 [21 , 35, 51]  86232.334477 vs 83849.764975 >>  2382.569502  :  718.156250  (4)
 [722]    201.203125 (2)
 [755]    164.703125 (2)
 [788]    272.875000 (3)
 [912]    79.375000 (1)

 [50] ******************************************************

 [18 , 21, 51]  75162.802696 vs 73533.915267 >>  1628.887429  :  842.734375  (4)
 [722]    330.609375 (3)
 [755]    39.796875 (2)
 [788]    341.171875 (3)
 [994]    131.156250 (2)

 [40] ******************************************************

 [21 , 27, 56]  64956.747797 vs 63718.643866 >>  1238.103931  :  941.015625  (5)
 [722]    382.390625 (3)
 [755]    108.296875 (3)
 [821]    302.828125 (3)
 [896]    128.140625 (1)
 [947]    19.359375 (3)

 [30] ******************************************************

 [21 , 48, 51]  54436.507764 vs 53449.359546 >>  987.148218  :  1784.140625  (4)
 [660]    518.906250 (2)
 [722]    417.718750 (2)
 [755]    218.046875 (2)
 [788]    629.468750 (3)