

 [80] ******************************************************

 [11 , 20, 38]  121891.745328 vs 117124.862635 >>  4766.882693  :  165.703125  (2)
 [755]    121.812500 (3)
 [821]    43.890625 (3)

 [70] ******************************************************

 [11 , 20, 38]  100181.443032 vs 97054.908952 >>  3126.534080  :  315.406250  (2)
 [755]    100.390625 (3)
 [821]    215.015625 (3)

 [60] ******************************************************

 [11 , 20, 38]  86232.334477 vs 83971.753011 >>  2260.581466  :  650.359375  (3)
 [722]    25.843750 (3)
 [755]    408.515625 (3)
 [821]    216.000000 (3)

 [50] ******************************************************

 [11 , 20, 38]  75162.802696 vs 73641.756601 >>  1521.046095  :  894.125000  (3)
 [722]    110.046875 (3)
 [755]    399.921875 (3)
 [821]    384.156250 (3)

 [40] ******************************************************

 [11 , 20, 38]  64956.747797 vs 63871.734583 >>  1085.013214  :  1065.781250  (6)
 [536]    1.843750 (1)
 [722]    168.328125 (3)
 [755]    383.140625 (3)
 [777]    2.015625 (1)
 [794]    5.109375 (1)
 [821]    505.343750 (3)

 [30] ******************************************************

 [11 , 20, 38]  54436.507764 vs 53693.890390 >>  742.617374  :  1742.046875  (13)
 [299]    9.625000 (1)
 [568]    5.812500 (1)
 [705]    1.609375 (1)
 [722]    242.359375 (3)
 [745]    5.140625 (1)
 [755]    582.140625 (3)
 [767]    0.171875 (1)
 [777]    1.015625 (1)
 [785]    0.906250 (1)
 [788]    260.734375 (2)
 [800]    2.734375 (1)
 [809]    0.062500 (1)
 [821]    630.328125 (3)
 [838]    0.296875 (1)
 [987]    1.187500 (1)