 now Q is 60

 now outputing  - - - -> end


basis_ent0 = 0.008054
 [1 , 54, 60]  0.008054 + 0.010536 >>  0.012112  :  880.609375  (33)
 [39 , 54, 60]  0.008054 + 0.010111 <  0.012112  :  876.750000  (29)
 [8 , 54, 60]  0.008054 + 0.010095 <  0.012112  :  866.437500  (29)
 [38 , 54, 60]  0.008054 + 0.009656 <  0.012112  :  858.015625  (32)
 [32 , 54, 60]  0.008054 + 0.009445 <  0.012112  :  856.562500  (30)
 [0 , 38, 54]  0.008054 + 0.009467 <  0.012112  :  852.640625  (30)
 [29 , 38, 54]  0.008054 + 0.008487 <  0.012112  :  852.218750  (27)
 [51 , 54, 60]  0.008054 + 0.009577 <  0.012112  :  849.812500  (32)
 [36 , 38, 54]  0.008054 + 0.008916 <  0.012112  :  848.078125  (29)
 [38 , 42, 54]  0.008054 + 0.009309 <  0.012112  :  847.828125  (33)

 [38 , 54, 99]  0.008054 + 0.009000 <  0.008075  :  810.468750  (26)
 [54 , 60, 99]  0.008054 + 0.009552 <  0.008075  :  804.312500  (27)
 [36 , 54, 99]  0.008054 + 0.008819 <  0.008075  :  798.390625  (24)
 [29 , 54, 99]  0.008054 + 0.008694 <  0.008075  :  797.078125  (24)
 [32 , 54, 99]  0.008054 + 0.009312 <  0.008075  :  794.734375  (24)
 [51 , 54, 99]  0.008054 + 0.008643 <  0.008075  :  791.687500  (24)
 [33 , 54, 99]  0.008054 + 0.008890 <  0.008075  :  788.875000  (24)
 [13 , 54, 99]  0.008054 + 0.009603 <  0.008075  :  788.765625  (30)
 [42 , 54, 99]  0.008054 + 0.008937 <  0.008075  :  787.156250  (26)
 [35 , 54, 99]  0.008054 + 0.008999 <  0.008075  :  783.406250  (26)

 [54 , 99, 99]  0.008054 + 0.008789 <  0.004037  :  750.578125  (21)
 [13 , 99, 99]  0.008054 + 0.000942 <  0.004037  :  16.109375  (8)
 [35 , 99, 99]  0.008054 + 0.000543 <  0.004037  :  11.343750  (6)
 [14 , 99, 99]  0.008054 + 0.000347 <  0.004037  :  10.828125  (4)
 [11 , 99, 99]  0.008054 + 0.001023 <  0.004037  :  7.890625  (9)
 [36 , 99, 99]  0.008054 + 0.000505 <  0.004037  :  6.734375  (4)
 [5 , 99, 99]  0.008054 + 0.000348 <  0.004037  :  6.703125  (3)
 [7 , 99, 99]  0.008054 + 0.000842 <  0.004037  :  6.296875  (8)
 [16 , 99, 99]  0.008054 + 0.000672 <  0.004037  :  6.015625  (6)
 [63 , 99, 99]  0.008054 + 0.000545 <  0.004037  :  5.906250  (5)
1, 54, 60