basis_ent0 = 0.005439
 [3 , 38, 44]  0.005439 + 0.005517 <  0.011791  :  224.890625  (16)
 [3 , 25, 38]  0.005439 + 0.005030 <  0.011791  :  220.500000  (14)
 [3 , 38, 43]  0.005439 + 0.005091 <  0.011791  :  219.062500  (14)
 [3 , 38, 40]  0.005439 + 0.005283 <  0.011791  :  217.156250  (17)
 [25 , 38, 44]  0.005439 + 0.005453 <  0.011791  :  216.734375  (17)
 [27 , 38, 43]  0.005439 + 0.005793 <  0.011791  :  215.437500  (17)
 [38 , 43, 44]  0.005439 + 0.005359 <  0.011791  :  213.265625  (15)
 [3 , 20, 38]  0.005439 + 0.005607 <  0.011791  :  212.828125  (19)
 [3 , 14, 38]  0.005439 + 0.005430 <  0.011791  :  212.250000  (16)
 [3 , 30, 38]  0.005439 + 0.005384 <  0.011791  :  211.656250  (15)

 [3 , 38, 99]  0.005439 + 0.005133 >>  0.007861  :  201.187500  (13)
 [25 , 38, 99]  0.005439 + 0.005122 <  0.007861  :  191.921875  (14)
 [38 , 44, 99]  0.005439 + 0.005537 <  0.007861  :  187.703125  (15)
 [38 , 43, 99]  0.005439 + 0.005006 <  0.007861  :  186.171875  (12)
 [0 , 38, 99]  0.005439 + 0.004994 <  0.007861  :  179.750000  (12)
 [38 , 40, 99]  0.005439 + 0.005290 <  0.007861  :  178.046875  (15)
 [20 , 38, 99]  0.005439 + 0.005493 <  0.007861  :  176.578125  (16)
 [27 , 38, 99]  0.005439 + 0.005283 <  0.007861  :  176.578125  (15)
 [1 , 38, 99]  0.005439 + 0.005568 <  0.007861  :  176.562500  (18)
 [14 , 38, 99]  0.005439 + 0.005476 <  0.007861  :  174.468750  (15)

 [38 , 99, 99]  0.005439 + 0.005139 <  0.003930  :  162.375000  (12)
 [44 , 99, 99]  0.005439 + 0.000337 <  0.003930  :  19.015625  (2)
 [40 , 99, 99]  0.005439 + 0.000279 <  0.003930  :  13.234375  (3)
 [20 , 99, 99]  0.005439 + 0.000502 <  0.003930  :  9.703125  (4)
 [53 , 99, 99]  0.005439 + 0.000656 <  0.003930  :  5.906250  (4)
 [1 , 99, 99]  0.005439 + 0.000791 <  0.003930  :  5.421875  (7)
 [36 , 99, 99]  0.005439 + 0.000216 <  0.003930  :  5.125000  (2)
 [22 , 99, 99]  0.005439 + 0.000256 <  0.003930  :  4.328125  (2)
 [58 , 99, 99]  0.005439 + 0.000317 <  0.003930  :  4.140625  (3)
 [42 , 99, 99]  0.005439 + 0.000685 <  0.003930  :  4.000000  (6)
3, 38, 99