

 Use image  :  barbara.bmp




  Relationship between basis and replaceable basis


  Number of basis used : 0, 1 


  [basis number] : Number of substitutable basis for basis number 


 *Total on the right : Number of replacements (Be done)

  Total below : Number of replacements (To do)


  Of the amount of improvement  : 0 ~ 10.000000

----------------------------------------------------------------------------------

 +----+----+----+----+----+----+----+----+----+----+----+----+----+----+----+----+----+----+----+----+----+----+----+----+----+----+----+----+----+----+----+----+----+----+----+----+----+----+----+----+----+----+----+----+----+----+----+----+----+----+----+----+----+----+----+----+----+----+----+----+----+----+----+----+----+----+----+----+
 | ## |[ 0]|[ 1]|[ 2]|[ 3]|[ 4]|[ 5]|[ 6]|[ 7]|[ 8]|[ 9]|[10]|[11]|[12]|[13]|[14]|[15]|[16]|[17]|[18]|[19]|[20]|[21]|[22]|[23]|[24]|[25]|[26]|[27]|[28]|[29]|[30]|[31]|[32]|[33]|[34]|[35]|[36]|[37]|[38]|[39]|[40]|[41]|[42]|[43]|[44]|[45]|[46]|[47]|[48]|[49]|[50]|[51]|[52]|[53]|[54]|[55]|[56]|[57]|[58]|[59]|[60]|[61]|[62]|[63]| ## | TTL| ## |                                                                                    
 +----+----+----+----+----+----+----+----+----+----+----+----+----+----+----+----+----+----+----+----+----+----+----+----+----+----+----+----+----+----+----+----+----+----+----+----+----+----+----+----+----+----+----+----+----+----+----+----+----+----+----+----+----+----+----+----+----+----+----+----+----+----+----+----+----+----+----+----+
 |[ 0]| ## |   2|   2|   2|   2|   2|   3|   2|   3|   1|   1|   2|   3|   1|   3|   1|   2|   3|   1|   3|   1|   1|    |    |   2|   2|   1|   1|   1|   3|   1|   2|    |   2|   1|   3|   2|   2|   2|   3|   1|   1|   1|   3|   1|    |   3|   2|   2|   1|    |   2|   2|   1|   2|   2|    |   2|   1|   3|   2|   3|    |    |[ 0]| 104|   3|
 +----+----+----+----+----+----+----+----+----+----+----+----+----+----+----+----+----+----+----+----+----+----+----+----+----+----+----+----+----+----+----+----+----+----+----+----+----+----+----+----+----+----+----+----+----+----+----+----+----+----+----+----+----+----+----+----+----+----+----+----+----+----+----+----+----+----+----+----+
 |[ 1]|    | ## |   1|    |   1|    |    |    |   1|   1|   1|   1|    |   1|    |   1|   1|    |    |    |   1|   1|   1|   1|    |    |    |    |   1|   1|   1|   1|    |    |    |   1|    |   1|    |    |    |   1|    |   1|    |   1|   1|    |   2|   1|    |   1|   1|   1|   1|    |    |    |    |   1|   1|   1|   1|    |[ 1]|  34|   3|
 +----+----+----+----+----+----+----+----+----+----+----+----+----+----+----+----+----+----+----+----+----+----+----+----+----+----+----+----+----+----+----+----+----+----+----+----+----+----+----+----+----+----+----+----+----+----+----+----+----+----+----+----+----+----+----+----+----+----+----+----+----+----+----+----+----+----+----+----+
 |[ 2]|   1|   1| ## |    |    |    |    |    |    |    |   1|   1|   1|    |   1|    |    |    |    |    |    |   1|    |    |    |    |   1|    |    |    |    |    |    |    |    |    |    |    |   1|    |    |    |    |    |    |    |    |    |    |    |    |   1|    |    |   1|    |    |    |    |    |    |    |    |    |[ 2]|  11|  11|
 +----+----+----+----+----+----+----+----+----+----+----+----+----+----+----+----+----+----+----+----+----+----+----+----+----+----+----+----+----+----+----+----+----+----+----+----+----+----+----+----+----+----+----+----+----+----+----+----+----+----+----+----+----+----+----+----+----+----+----+----+----+----+----+----+----+----+----+----+
 |[ 3]|    |    |    | ## |    |   1|    |    |    |    |   1|    |    |   1|    |    |    |    |    |    |    |   1|    |    |    |    |   1|    |    |    |   1|    |    |    |    |    |   1|    |    |   2|   1|    |    |    |    |   1|    |    |    |   3|    |   2|   1|    |    |    |    |   1|    |    |    |    |    |    |[ 3]|  18|  23|
 +----+----+----+----+----+----+----+----+----+----+----+----+----+----+----+----+----+----+----+----+----+----+----+----+----+----+----+----+----+----+----+----+----+----+----+----+----+----+----+----+----+----+----+----+----+----+----+----+----+----+----+----+----+----+----+----+----+----+----+----+----+----+----+----+----+----+----+----+
 |[ 4]|   1|   1|    |   1| ## |    |   1|    |   2|   4|   2|   2|    |   5|   1|    |   1|   3|   3|   3|   3|   2|   5|   3|   2|   2|   2|   1|   1|    |   2|   2|   1|    |   1|    |   2|   2|   3|   3|   4|   2|    |   2|   1|   1|    |    |   3|   2|   3|   3|   2|   2|   2|    |   3|   3|   4|   3|   1|   2|    |   1|[ 4]| 111|  17|
 +----+----+----+----+----+----+----+----+----+----+----+----+----+----+----+----+----+----+----+----+----+----+----+----+----+----+----+----+----+----+----+----+----+----+----+----+----+----+----+----+----+----+----+----+----+----+----+----+----+----+----+----+----+----+----+----+----+----+----+----+----+----+----+----+----+----+----+----+
 |[ 5]|    |   1|    |    |    | ## |   1|    |    |    |    |    |    |    |    |    |    |    |    |   1|   1|   1|    |    |   1|   1|    |    |    |   1|    |    |   1|    |    |    |   1|   1|    |   1|    |    |    |    |   1|    |   1|   1|    |   1|    |    |    |    |    |    |    |    |    |   1|    |   1|   1|    |[ 5]|  19|   6|
 +----+----+----+----+----+----+----+----+----+----+----+----+----+----+----+----+----+----+----+----+----+----+----+----+----+----+----+----+----+----+----+----+----+----+----+----+----+----+----+----+----+----+----+----+----+----+----+----+----+----+----+----+----+----+----+----+----+----+----+----+----+----+----+----+----+----+----+----+
 |[ 6]|   2|   3|   2|   4|   3|   2| ## |   2|    |   1|   3|   1|   2|   5|   2|   3|   2|   2|   5|    |   4|   2|    |   8|   3|    |   3|   5|   2|   3|   4|   6|   3|   1|   3|   3|   2|   5|   4|   4|   1|   3|   2|   1|    |   3|   3|   3|   2|   5|   3|   2|   1|    |   1|   1|   4|   3|   5|   1|   2|   2|   5|   5|[ 6]| 167|  14|
 +----+----+----+----+----+----+----+----+----+----+----+----+----+----+----+----+----+----+----+----+----+----+----+----+----+----+----+----+----+----+----+----+----+----+----+----+----+----+----+----+----+----+----+----+----+----+----+----+----+----+----+----+----+----+----+----+----+----+----+----+----+----+----+----+----+----+----+----+
 |[ 7]|    |    |    |    |    |    |    | ## |    |    |    |    |    |    |    |    |    |    |    |    |    |    |    |    |    |    |    |    |    |    |    |    |    |    |    |    |    |    |    |    |    |    |    |    |    |    |    |    |    |    |    |    |    |    |    |    |    |    |    |    |    |    |    |    |[ 7]|   0|   1|
 +----+----+----+----+----+----+----+----+----+----+----+----+----+----+----+----+----+----+----+----+----+----+----+----+----+----+----+----+----+----+----+----+----+----+----+----+----+----+----+----+----+----+----+----+----+----+----+----+----+----+----+----+----+----+----+----+----+----+----+----+----+----+----+----+----+----+----+----+
 |[ 8]|    |    |    |    |    |    |    |   1| ## |   1|    |    |    |    |   1|    |    |    |    |    |    |   1|    |   1|   1|    |    |   1|    |    |    |   1|   1|    |   1|   1|    |    |    |    |    |   1|   1|   1|   1|    |    |    |    |    |    |    |   1|    |    |   1|   1|    |    |    |    |   1|   1|    |[ 8]|  20|   4|
 +----+----+----+----+----+----+----+----+----+----+----+----+----+----+----+----+----+----+----+----+----+----+----+----+----+----+----+----+----+----+----+----+----+----+----+----+----+----+----+----+----+----+----+----+----+----+----+----+----+----+----+----+----+----+----+----+----+----+----+----+----+----+----+----+----+----+----+----+
 |[ 9]|    |    |    |    |   1|    |    |    |    | ## |    |    |    |    |    |    |    |   1|   1|    |    |    |    |   1|    |    |    |    |    |    |    |    |    |    |    |    |    |   1|    |   1|    |    |    |    |    |    |    |    |    |    |    |    |    |    |    |    |    |    |    |    |    |    |    |    |[ 9]|   6|   6|
 +----+----+----+----+----+----+----+----+----+----+----+----+----+----+----+----+----+----+----+----+----+----+----+----+----+----+----+----+----+----+----+----+----+----+----+----+----+----+----+----+----+----+----+----+----+----+----+----+----+----+----+----+----+----+----+----+----+----+----+----+----+----+----+----+----+----+----+----+
 |[10]|    |    |    |    |    |    |    |    |    |    | ## |   1|    |    |    |    |    |   2|   1|    |    |    |    |    |    |    |    |    |    |    |    |    |    |    |   1|    |    |    |    |   1|   1|    |    |    |    |    |    |    |    |    |    |    |    |    |    |    |    |    |    |    |    |    |    |    |[10]|   7|  21|
 +----+----+----+----+----+----+----+----+----+----+----+----+----+----+----+----+----+----+----+----+----+----+----+----+----+----+----+----+----+----+----+----+----+----+----+----+----+----+----+----+----+----+----+----+----+----+----+----+----+----+----+----+----+----+----+----+----+----+----+----+----+----+----+----+----+----+----+----+
 |[11]|   1|   2|   2|   3|    |   1|    |   1|   2|   1|   2| ## |   2|    |   1|   1|   2|   1|    |   1|   1|   1|   2|   1|    |   2|   1|    |    |   2|   2|   1|   2|    |   2|   1|   1|   1|   2|   1|   1|   2|   2|   1|   1|   1|   2|   1|    |    |   1|   1|   2|   1|   2|   1|   1|   1|   1|   3|   2|    |    |   1|[11]|  74|   6|
 +----+----+----+----+----+----+----+----+----+----+----+----+----+----+----+----+----+----+----+----+----+----+----+----+----+----+----+----+----+----+----+----+----+----+----+----+----+----+----+----+----+----+----+----+----+----+----+----+----+----+----+----+----+----+----+----+----+----+----+----+----+----+----+----+----+----+----+----+
 |[12]|    |    |    |    |    |    |    |    |    |    |    |    | ## |    |    |    |    |    |    |    |    |    |    |    |    |    |    |    |   1|    |   1|    |    |    |    |    |    |    |    |    |    |    |    |   1|    |    |   1|    |    |    |    |    |    |    |    |    |    |    |    |    |    |    |    |    |[12]|   4|  18|
 +----+----+----+----+----+----+----+----+----+----+----+----+----+----+----+----+----+----+----+----+----+----+----+----+----+----+----+----+----+----+----+----+----+----+----+----+----+----+----+----+----+----+----+----+----+----+----+----+----+----+----+----+----+----+----+----+----+----+----+----+----+----+----+----+----+----+----+----+
 |[13]|    |    |    |   1|    |    |   1|    |    |    |   1|   1|    | ## |    |   1|    |    |    |    |   1|    |    |    |    |    |   1|    |   1|   1|    |    |    |    |   1|    |    |    |    |    |    |   1|   1|    |   1|    |    |    |   1|    |    |    |    |    |   1|   1|    |    |    |   1|   1|    |    |    |[13]|  18|   4|
 +----+----+----+----+----+----+----+----+----+----+----+----+----+----+----+----+----+----+----+----+----+----+----+----+----+----+----+----+----+----+----+----+----+----+----+----+----+----+----+----+----+----+----+----+----+----+----+----+----+----+----+----+----+----+----+----+----+----+----+----+----+----+----+----+----+----+----+----+
 |[14]|    |    |    |    |    |    |    |   1|    |    |    |    |    |    | ## |    |    |    |    |    |   1|    |    |    |    |    |    |    |    |   1|    |    |    |    |    |    |    |    |   1|    |    |    |    |    |    |    |    |   1|   1|   1|    |    |    |    |   1|    |   1|    |    |    |   1|   1|    |   1|[14]|  12|   9|
 +----+----+----+----+----+----+----+----+----+----+----+----+----+----+----+----+----+----+----+----+----+----+----+----+----+----+----+----+----+----+----+----+----+----+----+----+----+----+----+----+----+----+----+----+----+----+----+----+----+----+----+----+----+----+----+----+----+----+----+----+----+----+----+----+----+----+----+----+
 |[15]|    |    |    |    |    |    |   1|   1|    |   1|    |    |    |    |    | ## |    |    |    |    |   1|    |    |    |    |    |    |    |    |    |   1|    |    |    |    |    |    |    |    |    |    |    |    |   1|    |    |    |    |    |    |    |    |    |   1|    |    |    |   1|    |    |    |    |    |    |[15]|   8|   2|
 +----+----+----+----+----+----+----+----+----+----+----+----+----+----+----+----+----+----+----+----+----+----+----+----+----+----+----+----+----+----+----+----+----+----+----+----+----+----+----+----+----+----+----+----+----+----+----+----+----+----+----+----+----+----+----+----+----+----+----+----+----+----+----+----+----+----+----+----+
 |[16]|    |    |    |    |    |    |    |    |    |    |    |    |    |    |    |    | ## |    |    |    |    |    |    |    |    |    |    |    |    |    |    |    |    |    |    |    |    |    |    |    |    |    |    |    |    |    |    |    |    |    |    |    |    |    |    |    |    |    |    |    |    |    |    |    |[16]|   0|   3|
 +----+----+----+----+----+----+----+----+----+----+----+----+----+----+----+----+----+----+----+----+----+----+----+----+----+----+----+----+----+----+----+----+----+----+----+----+----+----+----+----+----+----+----+----+----+----+----+----+----+----+----+----+----+----+----+----+----+----+----+----+----+----+----+----+----+----+----+----+
 |[17]|   3|   5|   1|   1|   6|   4|   2|   2|   2|   6|   4|   2|   4|   3|   3|   1|   3| ## |   1|   7|   2|   4|   7|   3|   6|   5|   3|   4|   1|   3|   3|   2|   3|    |   2|   5|   3|   1|   1|   9|   3|   2|   1|   3|   3|   3|   2|   4|   3|   4|   1|   3|   2|   2|   3|   2|   1|   1|   3|   5|   3|   4|   1|   1|[17]| 187|  51|
 +----+----+----+----+----+----+----+----+----+----+----+----+----+----+----+----+----+----+----+----+----+----+----+----+----+----+----+----+----+----+----+----+----+----+----+----+----+----+----+----+----+----+----+----+----+----+----+----+----+----+----+----+----+----+----+----+----+----+----+----+----+----+----+----+----+----+----+----+
 |[18]|    |   2|   2|   1|   1|    |   2|   2|    |   2|   2|   3|   3|   3|   2|   1|    |   2| ## |   1|   4|   1|   2|   6|   2|   1|   1|   1|   1|   2|   2|   3|   3|   1|    |    |    |   1|   2|   1|   2|   3|   1|   1|    |   3|   3|   1|   1|   3|   5|   2|   2|   2|   3|   1|   4|   2|   2|   1|   1|    |   4|   8|[18]| 118|  62|
 +----+----+----+----+----+----+----+----+----+----+----+----+----+----+----+----+----+----+----+----+----+----+----+----+----+----+----+----+----+----+----+----+----+----+----+----+----+----+----+----+----+----+----+----+----+----+----+----+----+----+----+----+----+----+----+----+----+----+----+----+----+----+----+----+----+----+----+----+
 |[19]|   4|   3|    |   1|   3|   4|    |   2|   2|   2|   2|   5|   3|   1|   1|   1|   2|   4|   2| ## |   1|   2|   4|   1|   2|   2|   2|    |   2|   2|   1|   4|   3|   2|   2|   2|   3|   1|   1|   2|   1|   3|   1|   1|   3|   3|   2|   1|   4|   3|   2|   2|   1|   3|   2|   1|   1|   3|   1|   3|   1|   3|    |   2|[19]| 128|  11|
 +----+----+----+----+----+----+----+----+----+----+----+----+----+----+----+----+----+----+----+----+----+----+----+----+----+----+----+----+----+----+----+----+----+----+----+----+----+----+----+----+----+----+----+----+----+----+----+----+----+----+----+----+----+----+----+----+----+----+----+----+----+----+----+----+----+----+----+----+
 |[20]|   1|   1|    |    |   2|   1|   1|   1|   1|   1|    |    |   2|    |    |   2|    |   1|   2|    | ## |   1|   1|    |   2|    |   2|   1|    |   1|    |   1|   2|   1|   2|    |    |    |   1|   1|   1|    |    |   1|   1|   2|   2|    |   1|    |    |   1|   1|    |   2|   1|   1|   2|   2|    |   1|   2|   1|   1|[20]|  55|   8|
 +----+----+----+----+----+----+----+----+----+----+----+----+----+----+----+----+----+----+----+----+----+----+----+----+----+----+----+----+----+----+----+----+----+----+----+----+----+----+----+----+----+----+----+----+----+----+----+----+----+----+----+----+----+----+----+----+----+----+----+----+----+----+----+----+----+----+----+----+
 |[21]|    |    |    |    |    |    |    |    |    |    |    |    |    |   1|    |    |    |    |    |    |    | ## |    |    |    |    |    |    |    |    |    |    |    |    |    |   1|    |    |    |    |    |    |    |    |    |   1|    |    |    |    |    |    |    |    |    |    |    |    |    |    |    |    |    |    |[21]|   3|   2|
 +----+----+----+----+----+----+----+----+----+----+----+----+----+----+----+----+----+----+----+----+----+----+----+----+----+----+----+----+----+----+----+----+----+----+----+----+----+----+----+----+----+----+----+----+----+----+----+----+----+----+----+----+----+----+----+----+----+----+----+----+----+----+----+----+----+----+----+----+
 |[22]|   4|   4|   1|   4|   5|   4|   6|   7|   5|   8|   5|   4|   3|   4|   2|   3|   5|   7|   6|   5|   5|   4| ## |   7|  12|   7|   4|   3|   7|   3|   8|   5|   6|   3|   7|   5|   8|   5|   7|  13|  10|   7|   3|   4|   4|  10|   5|   7|   3|   7|   1|   7|   3|   7|   7|   3|   2|   7|   5|   4|   4|   5|   3|   6|[22]| 335| 152|
 +----+----+----+----+----+----+----+----+----+----+----+----+----+----+----+----+----+----+----+----+----+----+----+----+----+----+----+----+----+----+----+----+----+----+----+----+----+----+----+----+----+----+----+----+----+----+----+----+----+----+----+----+----+----+----+----+----+----+----+----+----+----+----+----+----+----+----+----+
 |[23]|   4|   2|   2|   6|   6|   4|   7|   2|   5|   4|   6|   4|   2|   8|   2|   7|   4|   3|  12|   4|   9|   3|   4| ## |   7|   4|  10|   5|   4|   3|   1|   6|   3|   5|   4|   2|   6|   5|   9|   4|   4|   3|   3|   2|   1|   7|   7|   4|   5|   5|   3|   6|   3|   7|   6|   1|   9|   5|   6|   3|   6|   5|   4|   6|[23]| 299|  60|
 +----+----+----+----+----+----+----+----+----+----+----+----+----+----+----+----+----+----+----+----+----+----+----+----+----+----+----+----+----+----+----+----+----+----+----+----+----+----+----+----+----+----+----+----+----+----+----+----+----+----+----+----+----+----+----+----+----+----+----+----+----+----+----+----+----+----+----+----+
 |[24]|   1|   1|   3|   2|    |   2|   3|   1|   1|    |   3|    |    |   2|   2|   1|   2|   4|   2|   1|   3|   2|   4|   2| ## |   1|   1|   3|    |   3|   1|   4|   2|   1|    |   2|   3|   5|   2|   3|   1|   2|   1|   4|   1|   3|   1|   2|   5|   3|   3|    |   2|   1|   3|   1|   5|   4|   2|   3|   4|   1|   1|   1|[24]| 127|  12|
 +----+----+----+----+----+----+----+----+----+----+----+----+----+----+----+----+----+----+----+----+----+----+----+----+----+----+----+----+----+----+----+----+----+----+----+----+----+----+----+----+----+----+----+----+----+----+----+----+----+----+----+----+----+----+----+----+----+----+----+----+----+----+----+----+----+----+----+----+
 |[25]|    |    |    |    |    |    |    |    |    |    |    |    |    |    |    |    |    |    |    |    |    |    |    |    |    | ## |    |    |    |    |    |    |    |    |    |    |    |    |    |    |    |    |    |    |    |    |    |    |    |    |    |    |    |    |    |    |    |    |    |    |    |    |    |    |[25]|   0|   4|
 +----+----+----+----+----+----+----+----+----+----+----+----+----+----+----+----+----+----+----+----+----+----+----+----+----+----+----+----+----+----+----+----+----+----+----+----+----+----+----+----+----+----+----+----+----+----+----+----+----+----+----+----+----+----+----+----+----+----+----+----+----+----+----+----+----+----+----+----+
 |[26]|   1|   1|    |    |   1|   1|   1|   1|   1|    |    |   1|   1|    |    |   1|    |    |    |    |   1|    |    |    |   1|   1| ## |   1|    |   1|    |   1|   1|   1|   1|    |   1|   1|    |   1|    |   1|   1|   1|    |   1|   1|   1|   1|    |   1|    |   1|    |   1|   1|    |   1|    |   1|    |    |   1|    |[26]|  36|   1|
 +----+----+----+----+----+----+----+----+----+----+----+----+----+----+----+----+----+----+----+----+----+----+----+----+----+----+----+----+----+----+----+----+----+----+----+----+----+----+----+----+----+----+----+----+----+----+----+----+----+----+----+----+----+----+----+----+----+----+----+----+----+----+----+----+----+----+----+----+
 |[27]|   1|    |    |    |   1|   1|   1|    |   1|    |   1|   1|   1|    |    |   1|   1|    |   1|   1|   2|   1|   1|   1|   2|   1|    | ## |   1|    |    |    |   2|   1|   1|    |    |   1|    |   1|   1|    |    |   1|    |    |   1|    |   1|   2|    |   1|   1|    |    |   1|    |    |   1|    |    |    |   1|    |[27]|  38|   5|
 +----+----+----+----+----+----+----+----+----+----+----+----+----+----+----+----+----+----+----+----+----+----+----+----+----+----+----+----+----+----+----+----+----+----+----+----+----+----+----+----+----+----+----+----+----+----+----+----+----+----+----+----+----+----+----+----+----+----+----+----+----+----+----+----+----+----+----+----+
 |[28]|    |   1|    |   1|    |   1|    |   1|   1|    |    |    |   1|    |    |   1|    |    |   1|    |   1|   1|   1|    |    |   1|    |   1| ## |   1|    |    |   1|   1|    |   1|   1|   1|   1|   1|   1|   1|    |    |    |    |   1|   1|   1|   1|    |   1|    |   1|   1|   1|    |   1|    |    |    |   1|    |    |[28]|  33|   9|
 +----+----+----+----+----+----+----+----+----+----+----+----+----+----+----+----+----+----+----+----+----+----+----+----+----+----+----+----+----+----+----+----+----+----+----+----+----+----+----+----+----+----+----+----+----+----+----+----+----+----+----+----+----+----+----+----+----+----+----+----+----+----+----+----+----+----+----+----+
 |[29]|    |    |    |    |    |    |    |    |    |    |    |    |    |    |   1|    |    |    |    |    |    |    |    |    |    |    |    |    |    | ## |    |    |    |    |    |    |    |    |    |    |    |    |    |   1|    |    |   1|   1|    |    |    |    |    |    |    |    |    |    |    |    |    |    |    |    |[29]|   4|  14|
 +----+----+----+----+----+----+----+----+----+----+----+----+----+----+----+----+----+----+----+----+----+----+----+----+----+----+----+----+----+----+----+----+----+----+----+----+----+----+----+----+----+----+----+----+----+----+----+----+----+----+----+----+----+----+----+----+----+----+----+----+----+----+----+----+----+----+----+----+
 |[30]|    |   1|    |    |    |    |    |    |    |    |   1|    |    |    |    |    |    |   1|    |    |    |    |    |    |    |    |    |    |   1|    | ## |    |    |    |   1|   1|    |    |    |    |    |    |    |    |    |    |    |    |    |    |    |    |   1|   1|    |    |    |    |    |   1|    |   1|   1|    |[30]|  11|   3|
 +----+----+----+----+----+----+----+----+----+----+----+----+----+----+----+----+----+----+----+----+----+----+----+----+----+----+----+----+----+----+----+----+----+----+----+----+----+----+----+----+----+----+----+----+----+----+----+----+----+----+----+----+----+----+----+----+----+----+----+----+----+----+----+----+----+----+----+----+
 |[31]|   2|   3|    |   2|   1|   2|   6|   3|   3|   3|   7|   2|   1|   4|   4|   1|   2|   5|   2|   4|   4|   4|   5|   6|   4|   3|   5|    |   1|   4|   2| ## |   4|   1|   4|   4|   4|   7|   3|   6|   1|   2|   2|   4|   5|   6|   3|   4|   1|   5|   2|   3|   3|   5|   4|   1|   3|   4|   6|   3|   2|   2|    |   1|[31]| 200|  28|
 +----+----+----+----+----+----+----+----+----+----+----+----+----+----+----+----+----+----+----+----+----+----+----+----+----+----+----+----+----+----+----+----+----+----+----+----+----+----+----+----+----+----+----+----+----+----+----+----+----+----+----+----+----+----+----+----+----+----+----+----+----+----+----+----+----+----+----+----+
 |[32]|   1|   1|   2|   1|   1|   2|   1|   1|   1|   2|   1|    |   2|    |    |   1|    |   2|   1|    |    |   2|    |   1|   2|   2|   2|    |    |   1|   2|   1| ## |   2|   1|   1|   1|   3|   3|   2|   2|   3|   1|   1|   1|    |    |   1|   1|   2|    |   1|   2|   1|   2|    |   1|   1|   2|   1|   1|   2|   1|   1|[32]|  74|   6|
 +----+----+----+----+----+----+----+----+----+----+----+----+----+----+----+----+----+----+----+----+----+----+----+----+----+----+----+----+----+----+----+----+----+----+----+----+----+----+----+----+----+----+----+----+----+----+----+----+----+----+----+----+----+----+----+----+----+----+----+----+----+----+----+----+----+----+----+----+
 |[33]|    |    |    |    |    |    |    |    |    |    |    |    |    |    |    |    |    |    |    |    |    |    |    |    |    |    |    |    |    |    |    |    |    | ## |    |    |    |    |    |    |    |    |    |    |    |    |    |    |    |    |    |    |    |    |    |    |    |    |    |    |    |    |    |    |[33]|   0|   1|
 +----+----+----+----+----+----+----+----+----+----+----+----+----+----+----+----+----+----+----+----+----+----+----+----+----+----+----+----+----+----+----+----+----+----+----+----+----+----+----+----+----+----+----+----+----+----+----+----+----+----+----+----+----+----+----+----+----+----+----+----+----+----+----+----+----+----+----+----+
 |[34]|   2|   2|   2|   1|   2|   1|   2|   3|   2|   1|    |   1|   2|   1|   1|    |   2|   2|   1|   2|   2|   1|   2|   2|   1|    |   2|   1|   2|   2|   2|    |   1|    | ## |   1|   3|    |   1|   2|   2|   1|   1|   2|   2|    |   1|   2|   2|   2|   1|   2|   3|   2|   2|   2|   1|    |   2|   1|   1|   2|   1|   2|[34]|  92|  54|
 +----+----+----+----+----+----+----+----+----+----+----+----+----+----+----+----+----+----+----+----+----+----+----+----+----+----+----+----+----+----+----+----+----+----+----+----+----+----+----+----+----+----+----+----+----+----+----+----+----+----+----+----+----+----+----+----+----+----+----+----+----+----+----+----+----+----+----+----+
 |[35]|    |    |    |    |    |   1|    |   1|   1|   1|   1|    |    |    |    |    |    |   1|    |    |    |   1|    |    |    |    |    |    |    |    |   1|   2|    |    |    | ## |   1|    |    |   1|    |    |   1|    |   1|   1|    |    |   1|   1|    |    |   1|    |    |    |   1|   1|   1|    |    |    |   1|   1|[35]|  23|   3|
 +----+----+----+----+----+----+----+----+----+----+----+----+----+----+----+----+----+----+----+----+----+----+----+----+----+----+----+----+----+----+----+----+----+----+----+----+----+----+----+----+----+----+----+----+----+----+----+----+----+----+----+----+----+----+----+----+----+----+----+----+----+----+----+----+----+----+----+----+
 |[36]|   2|   1|   1|   1|    |    |    |   2|   2|   1|    |   1|   2|   2|    |   1|   1|    |    |   2|   2|    |   1|   2|   2|   2|   1|    |    |   1|    |   3|   1|    |   2|   2| ## |    |   1|   1|   1|    |   1|   2|   1|   1|    |   1|    |   4|    |   2|   2|   1|   1|    |   1|   2|   2|   2|   1|   1|   1|   1|[36]|  68|  15|
 +----+----+----+----+----+----+----+----+----+----+----+----+----+----+----+----+----+----+----+----+----+----+----+----+----+----+----+----+----+----+----+----+----+----+----+----+----+----+----+----+----+----+----+----+----+----+----+----+----+----+----+----+----+----+----+----+----+----+----+----+----+----+----+----+----+----+----+----+
 |[37]|   1|   3|   3|   1|   1|   1|   2|    |   1|   1|   3|   2|    |    |   1|    |   3|    |    |    |    |   2|   1|   1|   3|   1|   2|   1|   3|   2|   1|   3|   1|   2|   2|   1|   2| ## |   2|   1|   1|   2|   1|   1|    |   1|   1|   1|   3|    |    |   2|   4|   1|   1|   2|   1|    |   4|   1|   2|   3|    |   1|[37]|  87|   5|
 +----+----+----+----+----+----+----+----+----+----+----+----+----+----+----+----+----+----+----+----+----+----+----+----+----+----+----+----+----+----+----+----+----+----+----+----+----+----+----+----+----+----+----+----+----+----+----+----+----+----+----+----+----+----+----+----+----+----+----+----+----+----+----+----+----+----+----+----+
 |[38]|    |   1|   1|    |    |    |    |    |   1|    |    |    |    |   1|    |   1|    |   1|    |   1|    |    |    |    |   1|    |    |    |   1|    |    |   1|    |    |    |    |    |   1| ## |   1|    |    |    |   1|    |   1|    |    |    |   1|    |    |    |    |    |    |    |    |   1|   1|   1|   1|   1|    |[38]|  20|   4|
 +----+----+----+----+----+----+----+----+----+----+----+----+----+----+----+----+----+----+----+----+----+----+----+----+----+----+----+----+----+----+----+----+----+----+----+----+----+----+----+----+----+----+----+----+----+----+----+----+----+----+----+----+----+----+----+----+----+----+----+----+----+----+----+----+----+----+----+----+
 |[39]|   4|   4|   4|   4|   4|   1|   3|   2|   5|   8|   5|   4|   4|   4|   5|   3|   3|   9|   4|   8|   2|   4|  12|   2|   6|   2|   4|   2|   2|   3|   3|   6|   2|    |   5|   2|   5|   4|   4| ## |   8|   3|   7|   4|   5|   7|   5|    |   4|   5|   3|   6|   3|   5|   4|   2|   2|   4|   3|   5|   2|   4|   2|   2|[39]| 253|  56|
 +----+----+----+----+----+----+----+----+----+----+----+----+----+----+----+----+----+----+----+----+----+----+----+----+----+----+----+----+----+----+----+----+----+----+----+----+----+----+----+----+----+----+----+----+----+----+----+----+----+----+----+----+----+----+----+----+----+----+----+----+----+----+----+----+----+----+----+----+
 |[40]|    |    |   1|   2|   1|   1|    |   3|    |    |    |   1|   2|   2|    |   2|    |   1|   3|    |    |   1|   3|    |   2|   2|   1|   1|    |    |    |   2|   1|    |   1|   2|    |   1|   1|    | ## |   1|    |   1|   1|    |   2|   1|   1|    |    |   3|    |   2|    |    |   2|   1|    |    |   3|    |   1|   1|[40]|  57|  57|
 +----+----+----+----+----+----+----+----+----+----+----+----+----+----+----+----+----+----+----+----+----+----+----+----+----+----+----+----+----+----+----+----+----+----+----+----+----+----+----+----+----+----+----+----+----+----+----+----+----+----+----+----+----+----+----+----+----+----+----+----+----+----+----+----+----+----+----+----+
 |[41]|    |    |    |    |    |    |    |    |    |    |    |    |    |    |    |    |    |    |    |    |    |    |    |    |    |    |    |    |    |    |    |    |    |    |    |    |    |    |    |    |    | ## |    |    |    |    |    |    |    |    |    |    |    |    |    |    |    |    |    |    |    |    |    |   1|[41]|   1|  12|
 +----+----+----+----+----+----+----+----+----+----+----+----+----+----+----+----+----+----+----+----+----+----+----+----+----+----+----+----+----+----+----+----+----+----+----+----+----+----+----+----+----+----+----+----+----+----+----+----+----+----+----+----+----+----+----+----+----+----+----+----+----+----+----+----+----+----+----+----+
 |[42]|    |   2|   2|   1|    |    |   1|   2|   1|    |   1|   2|    |    |   1|   1|   1|   1|    |   1|    |    |    |    |    |    |    |    |   1|    |   1|   1|   1|   1|    |    |   1|   1|    |    |    |   2| ## |   1|   1|    |   1|    |   1|    |   1|    |    |   1|   1|    |    |   1|    |   1|    |   1|   2|   1|[42]|  39|   4|
 +----+----+----+----+----+----+----+----+----+----+----+----+----+----+----+----+----+----+----+----+----+----+----+----+----+----+----+----+----+----+----+----+----+----+----+----+----+----+----+----+----+----+----+----+----+----+----+----+----+----+----+----+----+----+----+----+----+----+----+----+----+----+----+----+----+----+----+----+
 |[43]|    |   2|   2|   1|    |   1|   1|   2|    |    |   1|    |    |    |   1|   1|    |   1|   1|   2|   1|    |    |   1|    |   1|   1|   1|    |   1|   1|   1|   1|   1|   1|   2|    |    |    |    |    |   1|   1| ## |    |   1|    |   2|    |   1|   1|   1|   2|   1|   1|   2|   1|    |   1|   1|    |    |   1|    |[43]|  47|  17|
 +----+----+----+----+----+----+----+----+----+----+----+----+----+----+----+----+----+----+----+----+----+----+----+----+----+----+----+----+----+----+----+----+----+----+----+----+----+----+----+----+----+----+----+----+----+----+----+----+----+----+----+----+----+----+----+----+----+----+----+----+----+----+----+----+----+----+----+----+
 |[44]|    |   2|    |    |   1|    |   1|   1|   1|    |   1|    |    |    |    |    |    |   2|    |    |   1|    |    |    |    |   1|    |    |    |   1|    |   1|    |   1|    |   1|    |   1|   1|    |   1|    |    |    | ## |   1|   1|    |    |   1|    |    |    |    |    |    |    |    |    |    |    |    |    |    |[44]|  21|   4|
 +----+----+----+----+----+----+----+----+----+----+----+----+----+----+----+----+----+----+----+----+----+----+----+----+----+----+----+----+----+----+----+----+----+----+----+----+----+----+----+----+----+----+----+----+----+----+----+----+----+----+----+----+----+----+----+----+----+----+----+----+----+----+----+----+----+----+----+----+
 |[45]|   1|   1|   1|   1|    |   2|    |   2|   1|    |   1|   1|   1|   3|   1|    |   1|   1|   1|    |    |   2|   1|   5|   2|    |   2|   2|    |    |    |   3|   3|    |   1|    |   1|   1|   2|   2|   2|    |    |    |   1| ## |   1|   1|   1|   3|    |   2|    |    |   1|    |   1|   1|   2|   2|    |    |   1|   2|[45]|  67|   8|
 +----+----+----+----+----+----+----+----+----+----+----+----+----+----+----+----+----+----+----+----+----+----+----+----+----+----+----+----+----+----+----+----+----+----+----+----+----+----+----+----+----+----+----+----+----+----+----+----+----+----+----+----+----+----+----+----+----+----+----+----+----+----+----+----+----+----+----+----+
 |[46]|    |    |    |    |    |    |    |    |    |    |    |    |    |    |    |    |    |    |    |    |    |    |    |    |    |    |    |    |   1|    |    |    |    |    |    |    |    |    |    |    |    |    |    |   1|    |    | ## |    |    |    |    |    |    |    |    |    |    |    |    |    |    |    |    |    |[46]|   2|   7|
 +----+----+----+----+----+----+----+----+----+----+----+----+----+----+----+----+----+----+----+----+----+----+----+----+----+----+----+----+----+----+----+----+----+----+----+----+----+----+----+----+----+----+----+----+----+----+----+----+----+----+----+----+----+----+----+----+----+----+----+----+----+----+----+----+----+----+----+----+
 |[47]|    |    |    |    |    |   1|    |    |    |    |   1|   1|    |    |    |    |    |    |   1|    |    |   1|    |    |    |    |    |    |    |    |    |    |    |    |    |    |    |    |   1|    |    |    |    |    |    |    |    | ## |    |    |    |    |    |    |    |    |    |    |    |    |    |   1|    |    |[47]|   7|   3|
 +----+----+----+----+----+----+----+----+----+----+----+----+----+----+----+----+----+----+----+----+----+----+----+----+----+----+----+----+----+----+----+----+----+----+----+----+----+----+----+----+----+----+----+----+----+----+----+----+----+----+----+----+----+----+----+----+----+----+----+----+----+----+----+----+----+----+----+----+
 |[48]|    |   1|    |    |   1|    |   1|   1|   1|   1|    |    |   1|   1|    |    |   1|    |    |    |    |   1|   2|   1|    |   1|   1|    |    |    |    |    |    |    |   1|   1|    |    |    |    |   1|   1|    |   1|   1|    |   1|    | ## |    |   1|   1|   1|   1|   1|    |    |   1|   1|   1|    |   1|   1|    |[48]|  32|   4|
 +----+----+----+----+----+----+----+----+----+----+----+----+----+----+----+----+----+----+----+----+----+----+----+----+----+----+----+----+----+----+----+----+----+----+----+----+----+----+----+----+----+----+----+----+----+----+----+----+----+----+----+----+----+----+----+----+----+----+----+----+----+----+----+----+----+----+----+----+
 |[49]|   1|   1|    |   1|    |   1|   3|   1|   2|    |   1|    |    |    |    |    |    |   2|   1|   2|   1|   2|   2|   3|   2|    |    |   1|   1|   1|   1|   4|   1|   1|   1|    |    |   1|   1|   3|   1|   1|   1|   1|   2|   1|   1|   1|   2| ## |   1|   1|   3|   2|   2|    |   3|   1|   2|   2|    |    |   1|    |[49]|  71|   6|
 +----+----+----+----+----+----+----+----+----+----+----+----+----+----+----+----+----+----+----+----+----+----+----+----+----+----+----+----+----+----+----+----+----+----+----+----+----+----+----+----+----+----+----+----+----+----+----+----+----+----+----+----+----+----+----+----+----+----+----+----+----+----+----+----+----+----+----+----+
 |[50]|    |    |    |    |    |    |    |    |    |    |    |    |    |    |    |    |    |    |    |    |   1|    |    |    |    |    |    |    |    |    |    |    |    |    |   1|    |    |    |    |    |    |    |    |    |    |    |    |   1|    |    | ## |    |    |    |    |   1|   1|    |    |    |    |    |    |    |[50]|   5|  15|
 +----+----+----+----+----+----+----+----+----+----+----+----+----+----+----+----+----+----+----+----+----+----+----+----+----+----+----+----+----+----+----+----+----+----+----+----+----+----+----+----+----+----+----+----+----+----+----+----+----+----+----+----+----+----+----+----+----+----+----+----+----+----+----+----+----+----+----+----+
 |[51]|   2|   1|    |   1|   3|   3|    |    |   2|   1|    |   1|   2|   1|    |    |   1|   1|    |   2|   2|   1|   1|    |   1|   1|   2|    |   1|    |   1|   1|   1|   1|   2|   1|   3|    |   3|   3|   3|   2|   1|   2|   1|   2|    |   2|   1|   1|    | ## |   1|   3|    |   3|   1|   2|   1|   2|    |    |   2|    |[51]|  76|  39|
 +----+----+----+----+----+----+----+----+----+----+----+----+----+----+----+----+----+----+----+----+----+----+----+----+----+----+----+----+----+----+----+----+----+----+----+----+----+----+----+----+----+----+----+----+----+----+----+----+----+----+----+----+----+----+----+----+----+----+----+----+----+----+----+----+----+----+----+----+
 |[52]|   1|   1|   2|   1|   1|   2|   2|   1|    |   1|   1|   1|   2|   1|   2|   2|   1|   1|   1|   3|   1|   2|    |    |   1|   1|    |   1|   2|   3|    |   1|   2|   1|   3|   2|   1|   1|   2|   2|   1|   1|   2|   2|   2|   1|   3|   2|   3|   2|   3|   3| ## |   1|   2|   3|   1|    |   1|   2|   2|    |   1|    |[52]|  91|  18|
 +----+----+----+----+----+----+----+----+----+----+----+----+----+----+----+----+----+----+----+----+----+----+----+----+----+----+----+----+----+----+----+----+----+----+----+----+----+----+----+----+----+----+----+----+----+----+----+----+----+----+----+----+----+----+----+----+----+----+----+----+----+----+----+----+----+----+----+----+
 |[53]|   1|   2|   1|    |   3|   2|   2|   1|   1|   2|    |   1|   1|   1|    |   1|   1|    |   1|   1|    |   1|   1|   3|   1|    |   3|    |   2|   2|    |   3|   2|   1|   2|    |    |   1|    |   2|   3|   2|   1|   1|   2|   2|   1|   1|   3|   1|   2|    |   1| ## |   2|   1|   2|   1|   1|    |   1|   2|   2|   2|[53]|  80|  27|
 +----+----+----+----+----+----+----+----+----+----+----+----+----+----+----+----+----+----+----+----+----+----+----+----+----+----+----+----+----+----+----+----+----+----+----+----+----+----+----+----+----+----+----+----+----+----+----+----+----+----+----+----+----+----+----+----+----+----+----+----+----+----+----+----+----+----+----+----+
 |[54]|    |    |    |   1|    |   1|    |    |    |    |    |    |    |    |    |    |    |    |    |    |   1|    |    |    |   1|    |    |    |    |   1|    |   1|    |    |    |    |    |   1|   1|    |    |    |    |   1|    |    |    |    |    |    |   1|    |    |   1| ## |    |   1|    |    |    |    |   1|    |    |[54]|  13|   1|
 +----+----+----+----+----+----+----+----+----+----+----+----+----+----+----+----+----+----+----+----+----+----+----+----+----+----+----+----+----+----+----+----+----+----+----+----+----+----+----+----+----+----+----+----+----+----+----+----+----+----+----+----+----+----+----+----+----+----+----+----+----+----+----+----+----+----+----+----+
 |[55]|    |    |    |    |    |   1|    |    |    |    |    |    |    |    |    |    |    |    |    |    |    |    |    |    |    |    |    |    |    |    |    |    |    |    |    |    |    |    |    |    |    |    |    |    |    |    |    |    |    |    |    |    |    |    |    | ## |    |    |    |    |    |    |    |    |[55]|   1|   5|
 +----+----+----+----+----+----+----+----+----+----+----+----+----+----+----+----+----+----+----+----+----+----+----+----+----+----+----+----+----+----+----+----+----+----+----+----+----+----+----+----+----+----+----+----+----+----+----+----+----+----+----+----+----+----+----+----+----+----+----+----+----+----+----+----+----+----+----+----+
 |[56]|   3|   4|   1|   5|   4|   2|   8|   3|   3|   3|   2|   5|   3|   4|   3|   3|   2|   2|   8|   4|   4|   1|   3|   5|   5|   2|   8|   4|   2|   3|   4|   6|   4|   5|   4|    |   5|   4|   2|   4|   4|   4|   2|   3|   4|   5|   3|   3|   1|   5|   3|   3|   4|   5|   2|   2| ## |   3|   3|   1|   6|   4|   5|   6|[56]| 228|  17|
 +----+----+----+----+----+----+----+----+----+----+----+----+----+----+----+----+----+----+----+----+----+----+----+----+----+----+----+----+----+----+----+----+----+----+----+----+----+----+----+----+----+----+----+----+----+----+----+----+----+----+----+----+----+----+----+----+----+----+----+----+----+----+----+----+----+----+----+----+
 |[57]|    |    |    |    |    |    |    |    |    |    |   1|    |    |    |    |    |    |    |    |    |    |    |    |    |    |    |    |    |    |    |    |    |    |    |    |    |    |    |    |    |    |    |    |    |    |    |    |    |    |    |    |   1|    |    |    |    |    | ## |    |    |    |    |    |    |[57]|   2|   3|
 +----+----+----+----+----+----+----+----+----+----+----+----+----+----+----+----+----+----+----+----+----+----+----+----+----+----+----+----+----+----+----+----+----+----+----+----+----+----+----+----+----+----+----+----+----+----+----+----+----+----+----+----+----+----+----+----+----+----+----+----+----+----+----+----+----+----+----+----+
 |[58]|    |   1|   1|   1|    |   1|   1|    |    |    |    |   1|   1|   1|   1|    |    |    |    |    |    |    |   1|    |   2|    |   1|    |    |   1|    |   1|    |   1|   1|    |    |    |   1|    |    |    |    |   1|   1|    |   1|   1|    |    |    |    |   1|    |   1|   1|   1|    | ## |    |    |   1|    |    |[58]|  27|   3|
 +----+----+----+----+----+----+----+----+----+----+----+----+----+----+----+----+----+----+----+----+----+----+----+----+----+----+----+----+----+----+----+----+----+----+----+----+----+----+----+----+----+----+----+----+----+----+----+----+----+----+----+----+----+----+----+----+----+----+----+----+----+----+----+----+----+----+----+----+
 |[59]|   1|    |   1|    |   1|   1|    |    |   1|   1|    |    |   1|    |    |    |    |    |    |    |    |    |   1|    |   1|    |    |    |   1|   1|   1|   1|   1|    |    |   1|    |    |   1|    |   1|   1|   1|    |   1|    |   1|    |   1|   1|   1|   1|   1|   1|    |    |   1|    |    | ## |    |    |    |    |[59]|  28|   1|
 +----+----+----+----+----+----+----+----+----+----+----+----+----+----+----+----+----+----+----+----+----+----+----+----+----+----+----+----+----+----+----+----+----+----+----+----+----+----+----+----+----+----+----+----+----+----+----+----+----+----+----+----+----+----+----+----+----+----+----+----+----+----+----+----+----+----+----+----+
 |[60]|    |    |    |   1|   2|    |   1|    |    |    |   1|    |    |    |   1|   1|   1|    |    |    |   1|   1|   1|    |   1|   1|    |   1|    |    |    |    |    |    |    |   1|    |   1|   1|    |   1|   1|    |    |   1|    |    |   1|    |   1|    |   1|   1|    |    |   1|   1|    |   1|   1| ## |   1|   1|   1|[60]|  31|   3|
 +----+----+----+----+----+----+----+----+----+----+----+----+----+----+----+----+----+----+----+----+----+----+----+----+----+----+----+----+----+----+----+----+----+----+----+----+----+----+----+----+----+----+----+----+----+----+----+----+----+----+----+----+----+----+----+----+----+----+----+----+----+----+----+----+----+----+----+----+
 |[61]|    |    |    |    |    |   1|    |   1|   1|    |   1|    |   1|   1|   1|   1|    |    |    |    |    |   1|    |   1|    |    |    |    |   1|    |   1|    |    |    |   1|   1|   1|   1|   1|    |   1|    |    |   1|    |    |    |   1|    |    |    |    |    |    |   1|   1|    |   1|    |    |    | ## |   1|   1|[61]|  25|   2|
 +----+----+----+----+----+----+----+----+----+----+----+----+----+----+----+----+----+----+----+----+----+----+----+----+----+----+----+----+----+----+----+----+----+----+----+----+----+----+----+----+----+----+----+----+----+----+----+----+----+----+----+----+----+----+----+----+----+----+----+----+----+----+----+----+----+----+----+----+
 |[62]|   1|   3|   2|    |   1|   2|   2|   2|   3|   1|   2|   2|   2|   1|   2|   2|    |   2|   3|    |   2|   3|   2|   4|   4|   3|   2|   1|   3|   2|   2|   3|   3|   2|   2|   1|   1|   2|   3|   1|   3|   2|   1|   3|   2|   1|   2|   1|   3|   2|   2|   2|   2|   3|   3|   2|   2|   1|   1|   2|   2|   1| ## |   3|[62]| 125|   8|
 +----+----+----+----+----+----+----+----+----+----+----+----+----+----+----+----+----+----+----+----+----+----+----+----+----+----+----+----+----+----+----+----+----+----+----+----+----+----+----+----+----+----+----+----+----+----+----+----+----+----+----+----+----+----+----+----+----+----+----+----+----+----+----+----+----+----+----+----+
 |[63]|   2|   1|    |   5|   2|   3|   5|    |   3|   4|   1|   4|   2|   1|   2|   1|   2|   3|  11|   5|   4|   1|   2|   5|   1|   1|   2|   1|   1|    |   2|   1|    |   1|   1|   1|   2|   2|    |   6|   2|   1|   1|   1|   1|    |    |   2|   2|   1|   3|   1|   3|   3|   3|   1|   3|   3|   3|   1|    |   3|   2| ## |[63]| 131|  43|
 +----+----+----+----+----+----+----+----+----+----+----+----+----+----+----+----+----+----+----+----+----+----+----+----+----+----+----+----+----+----+----+----+----+----+----+----+----+----+----+----+----+----+----+----+----+----+----+----+----+----+----+----+----+----+----+----+----+----+----+----+----+----+----+----+----+----+----+----+
 | ## |[ 0]|[ 1]|[ 2]|[ 3]|[ 4]|[ 5]|[ 6]|[ 7]|[ 8]|[ 9]|[10]|[11]|[12]|[13]|[14]|[15]|[16]|[17]|[18]|[19]|[20]|[21]|[22]|[23]|[24]|[25]|[26]|[27]|[28]|[29]|[30]|[31]|[32]|[33]|[34]|[35]|[36]|[37]|[38]|[39]|[40]|[41]|[42]|[43]|[44]|[45]|[46]|[47]|[48]|[49]|[50]|[51]|[52]|[53]|[54]|[55]|[56]|[57]|[58]|[59]|[60]|[61]|[62]|[63]| ## | ## |1024|
 +----+----+----+----+----+----+----+----+----+----+----+----+----+----+----+----+----+----+----+----+----+----+----+----+----+----+----+----+----+----+----+----+----+----+----+----+----+----+----+----+----+----+----+----+----+----+----+----+----+----+----+----+----+----+----+----+----+----+----+----+----+----+----+----+----+----+----+----+
 | TTL|  49|  68|  43|  58|  61|  61|  72|  59|  63|  64|  68|  59|  58|  64|  48|  48|  47|  71|  77|  64|  71|  62|  73|  77|  86|  54|  72|  44|  49|  60|  54|  85|  63|  40|  66|  53|  65|  67|  72|  89|  72|  64|  43|  65|  55|  71|  65|  59|  67|  81|  48|  71|  65|  69|  73|  44|  64|  65|  71|  64|  54|  64|  53|  60| ## | ## | ## |
 +----+----+----+----+----+----+----+----+----+----+----+----+----+----+----+----+----+----+----+----+----+----+----+----+----+----+----+----+----+----+----+----+----+----+----+----+----+----+----+----+----+----+----+----+----+----+----+----+----+----+----+----+----+----+----+----+----+----+----+----+----+----+----+----+----+----+----+----+






