

 [80] ******************************************************

 [99 , 99, 99]  152718.430809 vs 149461.962712 >>  3256.468097  :  0.000000  (0)

 [70] ******************************************************

 [25 , 46, 53]  131002.014504 vs 128800.969851 >>  2201.044653  :  27.968750  (1)
[944]    28  [25, 46, 53]

 [60] ******************************************************

 [37 , 40, 53]  116495.898057 vs 114695.470497 >>  1800.427560  :  108.078125  (3)
[675]    24  [37]
[768]    25  [37, 40]
[836]    59  [37, 40, 53]

 [50] ******************************************************

 [37 , 40, 53]  102911.142500 vs 100647.504712 >>  2263.637788  :  315.937500  (4)
[675]    27  [37]
[768]    21  [37]
[773]    164  [37, 40, 53]
[836]    104  [37, 40, 53]

 [40] ******************************************************

 [40 , 46, 53]  88822.025518 vs 86459.737774 >>  2362.287744  :  765.265625  (9)
[311]    183  [40, 46, 53]
[375]    13  [40, 46, 53]
[674]    28  [40, 46, 53]
[705]    101  [40, 46, 53]
[740]    199  [46, 53]
[768]    1  [53]
[773]    111  [40, 46, 53]
[836]    1  [40, 53]
[837]    128  [40, 46, 53]
[931]    14  [46, 53]

 [30] ******************************************************

 [40 , 46, 53]  72878.288091 vs 70859.475272 >>  2018.812819  :  2613.671875  (20)
[295]    13  [40, 53]
[311]    141  [40, 46, 53]
[343]    79  [40, 46, 53]
[518]    34  [40, 46, 53]
[673]    127  [46, 53]
[674]    127  [40, 46, 53]
[678]    48  [40, 53]
[705]    147  [40, 46, 53]
[707]    48  [46, 53]
[738]    15  [40, 46, 53]
[740]    460  [46, 53]
[773]    251  [40, 46, 53]
[805]    174  [40, 46, 53]
[836]    247  [40, 53]
[837]    239  [40, 46, 53]
[931]    235  [46, 53]
[932]    165  [40, 46, 53]
[935]    90  [40, 46, 53]
[947]    15  [53]
[1021]    4  [40, 46]