

 [80] ******************************************************

 [7 , 22, 24]  131347.645610 vs 127204.173139 >>  4143.472471  :  99.593750  (1)
[422]    100  [7, 22, 24]

 [70] ******************************************************

 [7 , 33, 47]  109138.657973 vs 105959.737521 >>  3178.920452  :  185.703125  (2)
[421]    116  [7, 33, 47]
[422]    69  [7, 33]

 [60] ******************************************************

 [7 , 10, 40]  95498.035203 vs 92775.291644 >>  2722.743560  :  316.937500  (2)
[422]    127  [7, 10, 40]
[457]    190  [10, 40]

 [50] ******************************************************

 [10 , 40, 47]  84826.251863 vs 82538.174324 >>  2288.077539  :  420.375000  (2)
[421]    165  [47]
[457]    255  [10, 40]

 [40] ******************************************************

 [11 , 49, 54]  73554.422273 vs 71766.605558 >>  1787.816715  :  514.171875  (2)
[390]    414  [11, 49, 54]
[857]    100  [11, 49, 54]

 [30] ******************************************************

 [7 , 31, 47]  62483.579989 vs 61408.191403 >>  1075.388585  :  657.343750  (3)
[421]    310  [7, 47]
[422]    223  [7, 31]
[465]    124  [7, 31, 47]