
 now Q is 40

basis_ent0 = 0.008997
 [2 , 29, 60]  0.008997 + 0.007125 <  0.016376  :  1006.453125  (66)
 [2 , 36, 60]  0.008997 + 0.007924 >>  0.016376  :  988.125000  (72)
 [2 , 18, 60]  0.008997 + 0.007141 <  0.016376  :  979.375000  (70)
 [2 , 47, 60]  0.008997 + 0.006937 <  0.016376  :  973.312500  (66)
 [2 , 32, 60]  0.008997 + 0.006831 <  0.016376  :  967.859375  (65)
 [2 , 27, 60]  0.008997 + 0.007539 <  0.016376  :  965.531250  (67)
 [2 , 30, 60]  0.008997 + 0.007115 <  0.016376  :  963.046875  (64)
 [2 , 33, 60]  0.008997 + 0.007038 <  0.016376  :  961.437500  (65)
 [2 , 38, 60]  0.008997 + 0.007127 <  0.016376  :  959.484375  (67)
 [2 , 57, 60]  0.008997 + 0.007275 <  0.016376  :  958.625000  (71)

 [2 , 60, 99]  0.008997 + 0.008216 <  0.010917  :  914.937500  (63)
 [18 , 60, 99]  0.008997 + 0.005202 <  0.010917  :  708.187500  (39)
 [29 , 60, 99]  0.008997 + 0.005573 <  0.010917  :  680.468750  (33)
 [36 , 60, 99]  0.008997 + 0.005980 <  0.010917  :  667.109375  (37)
 [33 , 60, 99]  0.008997 + 0.004766 <  0.010917  :  665.781250  (23)
 [38 , 60, 99]  0.008997 + 0.005315 <  0.010917  :  660.875000  (30)
 [57 , 60, 99]  0.008997 + 0.004747 <  0.010917  :  660.843750  (33)
 [1 , 60, 99]  0.008997 + 0.005080 <  0.010917  :  659.984375  (30)
 [47 , 60, 99]  0.008997 + 0.004898 <  0.010917  :  659.375000  (26)
 [20 , 60, 99]  0.008997 + 0.004981 <  0.010917  :  658.796875  (25)

 [60 , 99, 99]  0.008997 + 0.005366 <  0.005459  :  610.812500  (20)
 [2 , 99, 99]  0.008997 + 0.002856 <  0.005459  :  109.687500  (40)
 [18 , 99, 99]  0.008997 + 0.000848 <  0.005459  :  47.171875  (17)
 [36 , 99, 99]  0.008997 + 0.001144 <  0.005459  :  41.015625  (18)
 [38 , 99, 99]  0.008997 + 0.000550 <  0.005459  :  22.906250  (14)
 [27 , 99, 99]  0.008997 + 0.000174 <  0.005459  :  21.343750  (8)
 [29 , 99, 99]  0.008997 + 0.000452 <  0.005459  :  19.656250  (10)
 [57 , 99, 99]  0.008997 + 0.000589 <  0.005459  :  15.062500  (13)
 [1 , 99, 99]  0.008997 + 0.000476 <  0.005459  :  13.953125  (10)
 [10 , 99, 99]  0.008997 + 0.000447 <  0.005459  :  13.625000  (9)
2, 36, 60