

 [80] ******************************************************

 [16 , 28, 42]  152718.430809 vs 149420.783327 >>  3297.647482  :  90.500000  (2)
[340]    41  [16, 28]
[740]    49  [16, 28, 42]

 [70] ******************************************************

 [16 , 28, 42]  131002.014504 vs 128487.442321 >>  2514.572184  :  240.718750  (2)
[340]    74  [16, 28]
[740]    166  [16, 28, 42]

 [60] ******************************************************

 [16 , 28, 42]  116495.898057 vs 114544.179041 >>  1951.719016  :  377.765625  (2)
[340]    181  [16, 28]
[740]    197  [16, 28, 42]

 [50] ******************************************************

 [28 , 44, 47]  102911.142500 vs 100522.264153 >>  2388.878347  :  540.265625  (3)
[340]    233  [28, 44]
[773]    246  [28, 44, 47]
[881]    62  [28, 44, 47]

 [40] ******************************************************

 [9 , 16, 42]  88822.025518 vs 86708.313331 >>  2113.712187  :  817.921875  (2)
[311]    341  [9, 42]
[740]    481  [16, 42]

 [30] ******************************************************

 [16 , 17, 42]  72878.288091 vs 71198.873311 >>  1679.414780  :  1313.171875  (3)
[673]    285  [17]
[678]    288  [16, 17, 42]
[740]    754  [16, 17, 42]