 [ 1 ] 0
 [ 1 ] 3
 [ 1 ] 6
 [ 1 ] 7
 [ 1 ] 8
 [ 1 ] 9
 [ 1 ] 10
 [ 1 ] 11
 [ 1 ] 12
 [ 1 ] 13
 [ 1 ] 14
 [ 1 ] 15
 [ 1 ] 19
 [ 3 ] 29
 [ 1 ] 32
 [ 1 ] 37
 [ 1 ] 60
 [ 1 ] 66
 [ 1 ] 69
 [ 1 ] 96
 [ 1 ] 97
 [ 2 ] 99
 [ 2 ] 106
 [ 1 ] 128
 [ 1 ] 131
 [ 1 ] 160
 [ 1 ] 192
 [ 1 ] 224
 [ 1 ] 256
 [ 2 ] 260
 [ 1 ] 288
 [ 2 ] 293
 [ 1 ] 320
 [ 3 ] 326
 [ 1 ] 352
 [ 1 ] 356
 [ 3 ] 384
 [ 2 ] 390
 [ 4 ] 391
 [ 5 ] 393
 [ 1 ] 406
 [ 3 ] 407
 [ 2 ] 430
 [ 1 ] 445
 [ 2 ] 449
 [ 2 ] 456
 [ 5 ] 457
 [ 1 ] 458
 [ 1 ] 462
 [ 2 ] 463
 [ 1 ] 464
 [ 1 ] 465
 [ 2 ] 467
 [ 1 ] 468
 [ 2 ] 469
 [ 3 ] 473
 [ 2 ] 476
 [ 4 ] 483
 [ 3 ] 487
 [ 2 ] 488
 [ 2 ] 499
 [ 2 ] 500
 [ 1 ] 503
 [ 2 ] 504
 [ 3 ] 507
 [ 1 ] 511
 [ 1 ] 518
 [ 4 ] 520
 [ 2 ] 525
 [ 1 ] 526
 [ 1 ] 533
 [ 4 ] 554
 [ 3 ] 565
 [ 2 ] 576
 [ 1 ] 577
 [ 1 ] 578
 [ 3 ] 579
 [ 2 ] 582
 [ 1 ] 587
 [ 1 ] 588
 [ 1 ] 589
 [ 3 ] 609
 [ 3 ] 611
 [ 2 ] 615
 [ 3 ] 616
 [ 2 ] 617
 [ 2 ] 618
 [ 2 ] 619
 [ 5 ] 622
 [ 3 ] 627
 [ 3 ] 629
 [ 1 ] 644
 [ 2 ] 645
 [ 1 ] 648
 [ 2 ] 650
 [ 2 ] 651
 [ 1 ] 656
 [ 2 ] 657
 [ 3 ] 661
 [ 2 ] 662
 [ 1 ] 670
 [ 1 ] 672
 [ 1 ] 676
 [ 1 ] 677
 [ 1 ] 678
 [ 2 ] 680
 [ 2 ] 685
 [ 2 ] 689
 [ 3 ] 692
 [ 2 ] 693
 [ 2 ] 694
 [ 3 ] 695
 [ 3 ] 696
 [ 1 ] 704
 [ 5 ] 709
 [ 3 ] 711
 [ 4 ] 713
 [ 1 ] 714
 [ 2 ] 716
 [ 2 ] 719
 [ 1 ] 736
 [ 1 ] 740
 [ 3 ] 741
 [ 2 ] 742
 [ 1 ] 747
 [ 2 ] 751
 [ 3 ] 760
 [ 1 ] 762
 [ 1 ] 768
 [ 1 ] 779
 [ 1 ] 784
 [ 2 ] 785
 [ 1 ] 786
 [ 4 ] 787
 [ 4 ] 790
 [ 3 ] 791
 [ 3 ] 792
 [ 1 ] 795
 [ 1 ] 800
 [ 1 ] 810
 [ 3 ] 811
 [ 3 ] 818
 [ 1 ] 828
 [ 1 ] 832
 [ 2 ] 843
 [ 1 ] 864
 [ 1 ] 878
 [ 1 ] 879
 [ 2 ] 880
 [ 2 ] 881
 [ 4 ] 885
 [ 1 ] 888
 [ 1 ] 891
 [ 1 ] 896
 [ 1 ] 909
 [ 2 ] 910
 [ 1 ] 911
 [ 2 ] 913
 [ 2 ] 917
 [ 1 ] 928
 [ 2 ] 944
 [ 1 ] 947
 [ 2 ] 957
 [ 1 ] 960
 [ 3 ] 982
 [ 1 ] 988
 [ 1 ] 992
 [ 1 ] 1015
 [ 2 ] 1016
 [ 3 ] 1017
 [ 1 ] 1020