

 [80] ******************************************************

 [25 , 43, 55]  192129.397680 vs 188312.677906 >>  3816.719774  :  331.718750  (3)
[71]    128  [25, 43]
[135]    85  [25]
[200]    119  [25, 43, 55]

 [70] ******************************************************

 [13 , 40, 44]  159044.609240 vs 155975.108198 >>  3069.501042  :  638.734375  (3)
[103]    178  [13, 40]
[128]    226  [40, 44]
[152]    234  [13, 40]

 [60] ******************************************************

 [0 , 44, 50]  136158.699355 vs 133574.124826 >>  2584.574530  :  996.500000  (3)
[21]    204  [0, 50]
[128]    444  [0, 44, 50]
[161]    349  [0, 50]

 [50] ******************************************************

 [10 , 44, 50]  118403.661005 vs 115768.494766 >>  2635.166239  :  1288.390625  (4)
[128]    580  [10, 44, 50]
[161]    312  [10, 50]
[639]    6  [44, 50]
[842]    395  [10, 50]

 [40] ******************************************************

 [0 , 10, 44]  100180.338028 vs 97694.410787 >>  2485.927242  :  1436.812500  (3)
[21]    288  [0]
[128]    638  [0, 10, 44]
[842]    511  [0, 10]

 [30] ******************************************************

 [0 , 10, 44]  80083.370882 vs 77909.800186 >>  2173.570695  :  1698.468750  (3)
[21]    283  [0]
[128]    873  [0, 10, 44]
[842]    542  [0, 10]