basis_ent0 = 0.015039
 [46 , 48, 59]  0.015039 + 0.002568 >>  0.016445  :  3461.953125  (63)
 [39 , 46, 59]  0.015039 + 0.002095 <  0.016445  :  3179.375000  (64)
 [20 , 46, 59]  0.015039 + 0.002091 <  0.016445  :  3096.375000  (57)
 [46 , 55, 59]  0.015039 + 0.001985 <  0.016445  :  3091.484375  (61)
 [46 , 56, 59]  0.015039 + 0.001943 <  0.016445  :  3085.765625  (61)
 [46 , 47, 59]  0.015039 + 0.001856 <  0.016445  :  3029.968750  (60)
 [46 , 49, 59]  0.015039 + 0.001856 <  0.016445  :  3029.968750  (60)
 [46 , 50, 59]  0.015039 + 0.001856 <  0.016445  :  3029.968750  (60)
 [46 , 51, 59]  0.015039 + 0.001856 <  0.016445  :  3029.968750  (60)
 [46 , 52, 59]  0.015039 + 0.001856 <  0.016445  :  3029.968750  (60)

 [46 , 59, 99]  0.015039 + 0.001856 <  0.010963  :  3029.968750  (60)
 [46 , 48, 99]  0.015039 + 0.001240 <  0.010963  :  2176.062500  (27)
 [20 , 46, 99]  0.015039 + 0.000700 <  0.010963  :  2154.031250  (24)
 [6 , 46, 99]  0.015039 + 0.000509 <  0.010963  :  1985.625000  (25)
 [24 , 46, 99]  0.015039 + 0.000484 <  0.010963  :  1969.046875  (25)
 [46 , 51, 99]  0.015039 + 0.000470 <  0.010963  :  1940.437500  (24)
 [31 , 46, 99]  0.015039 + 0.000508 <  0.010963  :  1919.671875  (25)
 [39 , 46, 99]  0.015039 + 0.000465 <  0.010963  :  1917.781250  (24)
 [27 , 46, 99]  0.015039 + 0.000471 <  0.010963  :  1912.265625  (24)
 [5 , 46, 99]  0.015039 + 0.000740 <  0.010963  :  1887.000000  (24)

 [46 , 99, 99]  0.015039 + 0.000434 <  0.005482  :  1803.750000  (23)
 [59 , 99, 99]  0.015039 + 0.001506 <  0.005482  :  1245.000000  (37)
 [20 , 99, 99]  0.015039 + 0.000266 <  0.005482  :  350.281250  (1)
 [48 , 99, 99]  0.015039 + 0.001101 <  0.005482  :  318.828125  (4)
 [24 , 99, 99]  0.015039 + 0.000050 <  0.005482  :  165.296875  (2)
 [6 , 99, 99]  0.015039 + 0.000173 <  0.005482  :  163.984375  (2)
 [39 , 99, 99]  0.015039 + 0.000043 <  0.005482  :  158.078125  (2)
 [51 , 99, 99]  0.015039 + 0.000036 <  0.005482  :  136.687500  (1)
 [31 , 99, 99]  0.015039 + 0.000073 <  0.005482  :  115.921875  (2)
 [27 , 99, 99]  0.015039 + 0.000135 <  0.005482  :  108.265625  (1)
46, 48, 59