

 Use image  :  barbara.bmp




  Relationship between basis and replaceable basis


  Number of basis used : 0, 1 


  [basis number] : Number of substitutable basis for basis number 


 *Total on the right : Number of replacements (Be done)

  Total below : Number of replacements (To do)


  Of the amount of improvement  : 0 ~ 100.000000

----------------------------------------------------------------------------------

 +----+----+----+----+----+----+----+----+----+----+----+----+----+----+----+----+----+----+----+----+----+----+----+----+----+----+----+----+----+----+----+----+----+----+----+----+----+----+----+----+----+----+----+----+----+----+----+----+----+----+----+----+----+----+----+----+----+----+----+----+----+----+----+----+----+----+
 | ## |[ 0]|[ 1]|[ 2]|[ 3]|[ 4]|[ 5]|[ 6]|[ 7]|[ 8]|[ 9]|[10]|[11]|[12]|[13]|[14]|[15]|[16]|[17]|[18]|[19]|[20]|[21]|[22]|[23]|[24]|[25]|[26]|[27]|[28]|[29]|[30]|[31]|[32]|[33]|[34]|[35]|[36]|[37]|[38]|[39]|[40]|[41]|[42]|[43]|[44]|[45]|[46]|[47]|[48]|[49]|[50]|[51]|[52]|[53]|[54]|[55]|[56]|[57]|[58]|[59]|[60]|[61]|[62]|[63]| ## |                                                                                    
 +----+----+----+----+----+----+----+----+----+----+----+----+----+----+----+----+----+----+----+----+----+----+----+----+----+----+----+----+----+----+----+----+----+----+----+----+----+----+----+----+----+----+----+----+----+----+----+----+----+----+----+----+----+----+----+----+----+----+----+----+----+----+----+----+----+----+
 |[ 0]| ## |  55|    |    |    |  51|    |    |    |  50|  51|  50|  55|  52|    |  51|  51|    |  53|  52|    |    |    |    |  57|  53|  51|    |    |  57|    |  59|    |    |  56|    |  53|    |  53|  51|  54|    |    |  53|  51|  55|    |    |    |    |    |  52|  54|  53|  53|    |  52|  56|    |  56|    |  52|    |    |[ 0]|
 +----+----+----+----+----+----+----+----+----+----+----+----+----+----+----+----+----+----+----+----+----+----+----+----+----+----+----+----+----+----+----+----+----+----+----+----+----+----+----+----+----+----+----+----+----+----+----+----+----+----+----+----+----+----+----+----+----+----+----+----+----+----+----+----+----+----+
 |[ 1]|  50| ## |    |    |    |  51|    |  50|  51|  50|  54|    |  57|  54|    |    |  57|    |  54|    |  50|  55|    |  50|  56|    |  52|    |    |  56|  50|  53|  50|    |  52|  51|  55|  50|  57|  50|  58|  51|    |  55|    |  54|    |  57|  50|  50|    |  53|  53|  51|  54|    |    |  50|    |  53|    |  54|    |    |[ 1]|
 +----+----+----+----+----+----+----+----+----+----+----+----+----+----+----+----+----+----+----+----+----+----+----+----+----+----+----+----+----+----+----+----+----+----+----+----+----+----+----+----+----+----+----+----+----+----+----+----+----+----+----+----+----+----+----+----+----+----+----+----+----+----+----+----+----+----+
 |[ 2]|    |  52| ## |  52|    |  58|  52|    |  50|    |  59|    |  56|    |  55|  52|  57|    |  53|    |    |  54|    |    |  55|  52|  50|    |    |  55|  50|  61|  52|    |  52|  54|    |  50|  53|  55|  54|    |    |  56|  51|  51|  52|  53|    |    |    |  55|  56|    |  58|    |  52|  52|    |  57|  53|  53|    |    |[ 2]|
 +----+----+----+----+----+----+----+----+----+----+----+----+----+----+----+----+----+----+----+----+----+----+----+----+----+----+----+----+----+----+----+----+----+----+----+----+----+----+----+----+----+----+----+----+----+----+----+----+----+----+----+----+----+----+----+----+----+----+----+----+----+----+----+----+----+----+
 |[ 3]|    |    |    | ## |    |  52|    |    |  50|    |  55|    |  51|    |    |    |    |    |  54|    |  52|  51|    |    |  53|    |  52|    |    |  57|    |  54|    |    |  52|    |  51|  54|  53|  54|  54|    |    |    |    |  51|    |  51|    |    |    |    |  54|  51|  52|    |    |    |    |  50|  51|  52|    |    |[ 3]|
 +----+----+----+----+----+----+----+----+----+----+----+----+----+----+----+----+----+----+----+----+----+----+----+----+----+----+----+----+----+----+----+----+----+----+----+----+----+----+----+----+----+----+----+----+----+----+----+----+----+----+----+----+----+----+----+----+----+----+----+----+----+----+----+----+----+----+
 |[ 4]|    |    |    |    | ## |  51|    |    |  51|  50|  53|    |  56|  50|    |    |    |    |  57|    |    |  52|    |    |  52|    |  50|    |    |  52|    |    |  50|    |  52|    |    |    |    |  56|  58|    |    |  51|    |  53|    |  51|  51|    |    |    |    |  51|  53|    |    |    |  51|  52|    |  52|  52|    |[ 4]|
 +----+----+----+----+----+----+----+----+----+----+----+----+----+----+----+----+----+----+----+----+----+----+----+----+----+----+----+----+----+----+----+----+----+----+----+----+----+----+----+----+----+----+----+----+----+----+----+----+----+----+----+----+----+----+----+----+----+----+----+----+----+----+----+----+----+----+
 |[ 5]|    |    |    |  50|    | ## |  54|  52|    |    |  54|    |  57|    |    |  51|  53|    |  55|    |  51|  57|    |    |  55|  54|  51|    |    |  56|  50|  57|    |    |  55|  54|  53|  50|  55|  53|  55|    |    |  55|  52|  56|    |  54|    |  52|    |  50|  51|    |  54|    |    |  52|  52|  52|  50|  53|    |    |[ 5]|
 +----+----+----+----+----+----+----+----+----+----+----+----+----+----+----+----+----+----+----+----+----+----+----+----+----+----+----+----+----+----+----+----+----+----+----+----+----+----+----+----+----+----+----+----+----+----+----+----+----+----+----+----+----+----+----+----+----+----+----+----+----+----+----+----+----+----+
 |[ 6]|    |    |    |    |    |  54| ## |    |    |    |  52|    |  53|    |    |    |  51|    |  56|    |    |  52|    |    |  56|  51|  53|    |    |  57|    |  56|    |    |  55|  52|    |  51|    |  55|  55|    |    |  52|    |  55|    |    |  51|    |    |  51|  51|    |  53|    |    |  50|  51|  53|    |  51|    |    |[ 6]|
 +----+----+----+----+----+----+----+----+----+----+----+----+----+----+----+----+----+----+----+----+----+----+----+----+----+----+----+----+----+----+----+----+----+----+----+----+----+----+----+----+----+----+----+----+----+----+----+----+----+----+----+----+----+----+----+----+----+----+----+----+----+----+----+----+----+----+
 |[ 7]|    |  51|    |  50|    |  56|    | ## |  51|  50|  57|    |  54|  51|    |  50|    |    |  52|    |    |  58|    |  50|  53|  52|  53|    |    |  54|    |  53|  52|    |  50|  52|  50|    |  51|  52|  57|    |    |  55|  50|  57|    |  54|  50|  50|    |  50|  53|  53|  58|    |    |    |    |  54|    |  52|    |    |[ 7]|
 +----+----+----+----+----+----+----+----+----+----+----+----+----+----+----+----+----+----+----+----+----+----+----+----+----+----+----+----+----+----+----+----+----+----+----+----+----+----+----+----+----+----+----+----+----+----+----+----+----+----+----+----+----+----+----+----+----+----+----+----+----+----+----+----+----+----+
 |[ 8]|    |  52|    |  52|  52|  52|    |  51| ## |  57|  53|  50|  56|    |  50|    |  56|    |  53|    |    |  57|    |    |  54|  52|  54|    |    |  54|  50|  57|  52|    |  50|  50|  51|  52|  53|  54|  58|    |    |  55|  50|  56|  50|  54|    |  51|    |  54|  54|  52|  61|    |  50|  55|  54|  54|  50|  57|  52|    |[ 8]|
 +----+----+----+----+----+----+----+----+----+----+----+----+----+----+----+----+----+----+----+----+----+----+----+----+----+----+----+----+----+----+----+----+----+----+----+----+----+----+----+----+----+----+----+----+----+----+----+----+----+----+----+----+----+----+----+----+----+----+----+----+----+----+----+----+----+----+
 |[ 9]|    |  50|    |    |  50|    |  50|    |  56| ## |  56|    |  55|    |    |    |  51|    |  52|    |  51|  53|    |  52|  53|  53|  53|    |    |  53|  55|  56|    |    |  53|    |  51|    |    |  53|  59|    |    |  54|    |  57|    |    |  51|  51|    |  54|  53|  51|  56|    |    |  53|    |  52|    |  55|    |    |[ 9]|
 +----+----+----+----+----+----+----+----+----+----+----+----+----+----+----+----+----+----+----+----+----+----+----+----+----+----+----+----+----+----+----+----+----+----+----+----+----+----+----+----+----+----+----+----+----+----+----+----+----+----+----+----+----+----+----+----+----+----+----+----+----+----+----+----+----+----+
 |[10]|    |    |    |    |    |    |    |    |    |    | ## |    |  50|  50|    |    |    |    |  51|    |    |  54|    |  51|  53|    |    |    |    |  54|    |  53|    |    |  52|  50|    |    |    |  52|  53|    |    |  52|    |  54|    |  52|    |    |    |  51|  50|    |  54|    |  52|  50|    |  53|    |    |    |    |[10]|
 +----+----+----+----+----+----+----+----+----+----+----+----+----+----+----+----+----+----+----+----+----+----+----+----+----+----+----+----+----+----+----+----+----+----+----+----+----+----+----+----+----+----+----+----+----+----+----+----+----+----+----+----+----+----+----+----+----+----+----+----+----+----+----+----+----+----+
 |[11]|    |  52|    |  50|  52|  55|  53|    |  53|    |  55| ## |  60|  50|  55|    |  55|    |  54|    |    |  55|    |    |  55|  52|  54|    |    |  60|    |  56|  50|    |  57|    |  54|  53|  53|  53|  53|    |    |  57|    |  51|  51|  52|  55|    |    |  52|  52|  52|  60|    |    |  54|  50|  58|    |  54|  50|    |[11]|
 +----+----+----+----+----+----+----+----+----+----+----+----+----+----+----+----+----+----+----+----+----+----+----+----+----+----+----+----+----+----+----+----+----+----+----+----+----+----+----+----+----+----+----+----+----+----+----+----+----+----+----+----+----+----+----+----+----+----+----+----+----+----+----+----+----+----+
 |[12]|    |  52|    |    |  51|  55|  50|    |  50|  51|  53|  51| ## |  52|  50|  50|  54|    |  52|    |    |  56|    |    |  58|  56|  56|    |    |  55|  51|  55|  51|    |  53|  52|  50|    |  54|  52|  57|  50|    |  59|  50|  53|  52|  55|  50|  53|    |  54|  53|    |  55|    |    |  56|    |  55|    |  54|  51|    |[12]|
 +----+----+----+----+----+----+----+----+----+----+----+----+----+----+----+----+----+----+----+----+----+----+----+----+----+----+----+----+----+----+----+----+----+----+----+----+----+----+----+----+----+----+----+----+----+----+----+----+----+----+----+----+----+----+----+----+----+----+----+----+----+----+----+----+----+----+
 |[13]|    |  53|    |    |    |    |    |    |    |    |  56|    |  56| ## |    |    |  53|    |  53|    |    |  52|    |    |  56|    |  54|    |    |  51|    |  56|    |    |  52|  52|  54|    |    |    |  57|    |    |  51|    |  54|    |  53|    |  50|    |  50|    |    |  52|    |    |  54|    |  54|  51|  51|    |    |[13]|
 +----+----+----+----+----+----+----+----+----+----+----+----+----+----+----+----+----+----+----+----+----+----+----+----+----+----+----+----+----+----+----+----+----+----+----+----+----+----+----+----+----+----+----+----+----+----+----+----+----+----+----+----+----+----+----+----+----+----+----+----+----+----+----+----+----+----+
 |[14]|    |  50|    |  50|    |  52|  51|    |  50|    |  56|  52|  55|  50| ## |    |  51|    |  53|    |    |  55|    |  50|  54|  54|    |    |    |  60|    |  55|    |    |  55|  51|  51|  50|  54|  52|  52|    |  51|  58|    |  54|  50|  51|    |    |    |  52|  56|    |  54|    |    |  51|  51|  54|    |  56|  50|    |[14]|
 +----+----+----+----+----+----+----+----+----+----+----+----+----+----+----+----+----+----+----+----+----+----+----+----+----+----+----+----+----+----+----+----+----+----+----+----+----+----+----+----+----+----+----+----+----+----+----+----+----+----+----+----+----+----+----+----+----+----+----+----+----+----+----+----+----+----+
 |[15]|    |    |    |    |    |  56|    |  52|    |    |  57|    |  58|  50|  50| ## |  52|    |  55|    |  55|  53|    |    |  51|  59|  54|    |    |  58|    |  63|  50|    |  56|  53|  51|  52|  56|  50|  57|    |    |  59|    |  57|    |  58|  54|    |    |  52|  57|  54|  57|    |  52|  55|  50|  55|  55|  52|  53|    |[15]|
 +----+----+----+----+----+----+----+----+----+----+----+----+----+----+----+----+----+----+----+----+----+----+----+----+----+----+----+----+----+----+----+----+----+----+----+----+----+----+----+----+----+----+----+----+----+----+----+----+----+----+----+----+----+----+----+----+----+----+----+----+----+----+----+----+----+----+
 |[16]|    |  57|    |    |    |  55|  53|    |  55|  51|  54|  51|  59|  55|  51|    | ## |    |  53|    |  51|  59|    |    |  57|  51|  55|    |    |  56|    |  56|    |    |  55|  55|  55|  53|  53|  54|  54|    |    |  55|  50|  58|    |  54|    |  52|    |  56|  54|  52|  57|    |  50|  54|  51|  57|  53|  58|  51|    |[16]|
 +----+----+----+----+----+----+----+----+----+----+----+----+----+----+----+----+----+----+----+----+----+----+----+----+----+----+----+----+----+----+----+----+----+----+----+----+----+----+----+----+----+----+----+----+----+----+----+----+----+----+----+----+----+----+----+----+----+----+----+----+----+----+----+----+----+----+
 |[17]|    |    |    |    |    |    |    |    |    |    |    |    |    |    |    |    |    | ## |    |    |    |  53|    |    |    |    |    |    |    |    |    |  50|    |    |    |    |    |    |    |  53|  51|    |    |    |    |    |    |    |    |    |    |    |    |    |    |    |    |    |    |    |    |    |    |    |[17]|
 +----+----+----+----+----+----+----+----+----+----+----+----+----+----+----+----+----+----+----+----+----+----+----+----+----+----+----+----+----+----+----+----+----+----+----+----+----+----+----+----+----+----+----+----+----+----+----+----+----+----+----+----+----+----+----+----+----+----+----+----+----+----+----+----+----+----+
 |[18]|    |    |    |    |  50|  50|  51|    |    |    |  51|    |    |    |    |    |    |    | ## |    |  52|  52|    |    |  51|    |  51|    |    |  53|    |  53|    |    |  53|    |    |  51|    |  51|  54|    |    |  50|    |  51|    |    |    |    |    |    |  51|    |  50|    |    |  53|    |    |    |    |    |    |[18]|
 +----+----+----+----+----+----+----+----+----+----+----+----+----+----+----+----+----+----+----+----+----+----+----+----+----+----+----+----+----+----+----+----+----+----+----+----+----+----+----+----+----+----+----+----+----+----+----+----+----+----+----+----+----+----+----+----+----+----+----+----+----+----+----+----+----+----+
 |[19]|    |    |    |    |    |  50|    |    |    |    |  53|    |    |    |    |    |    |    |  53| ## |  50|  53|    |    |  51|    |    |    |    |  57|    |  52|    |    |  52|    |    |    |    |  53|  52|    |    |  57|    |  55|    |  50|    |    |    |  53|  51|    |    |    |    |    |    |  54|  51|  51|    |    |[19]|
 +----+----+----+----+----+----+----+----+----+----+----+----+----+----+----+----+----+----+----+----+----+----+----+----+----+----+----+----+----+----+----+----+----+----+----+----+----+----+----+----+----+----+----+----+----+----+----+----+----+----+----+----+----+----+----+----+----+----+----+----+----+----+----+----+----+----+
 |[20]|    |  50|    |  52|    |  53|  51|    |    |  51|  55|    |  54|    |    |  52|  51|    |  59|  50| ## |  56|    |  51|  56|  50|  51|    |    |  56|    |  55|  50|    |  53|    |  50|  52|  53|  51|  55|  54|    |  54|    |  55|    |  56|    |    |    |    |  54|  57|  55|    |  51|    |  54|  51|  52|  51|  51|    |[20]|
 +----+----+----+----+----+----+----+----+----+----+----+----+----+----+----+----+----+----+----+----+----+----+----+----+----+----+----+----+----+----+----+----+----+----+----+----+----+----+----+----+----+----+----+----+----+----+----+----+----+----+----+----+----+----+----+----+----+----+----+----+----+----+----+----+----+----+
 |[21]|    |  51|    |    |    |  54|    |  51|  51|    |  57|    |  56|    |  50|    |  54|  52|  54|    |  51| ## |    |  51|  54|  52|  52|    |    |  55|    |  56|  52|    |  54|  51|  51|  54|  54|  53|  53|    |    |  57|    |  53|    |  52|    |    |    |  52|  54|  52|  54|    |  51|  52|  52|  57|    |  56|  51|    |[21]|
 +----+----+----+----+----+----+----+----+----+----+----+----+----+----+----+----+----+----+----+----+----+----+----+----+----+----+----+----+----+----+----+----+----+----+----+----+----+----+----+----+----+----+----+----+----+----+----+----+----+----+----+----+----+----+----+----+----+----+----+----+----+----+----+----+----+----+
 |[22]|    |    |    |    |    |    |    |    |    |    |  52|    |    |    |    |    |    |    |    |    |    |    | ## |    |    |    |    |    |    |  53|    |    |    |    |  53|    |    |    |    |    |    |    |    |    |    |    |    |    |    |    |    |    |  52|    |    |    |    |    |    |  50|    |    |    |    |[22]|
 +----+----+----+----+----+----+----+----+----+----+----+----+----+----+----+----+----+----+----+----+----+----+----+----+----+----+----+----+----+----+----+----+----+----+----+----+----+----+----+----+----+----+----+----+----+----+----+----+----+----+----+----+----+----+----+----+----+----+----+----+----+----+----+----+----+----+
 |[23]|    |    |    |    |    |    |    |    |    |  50|  57|    |    |    |    |    |    |    |  53|    |    |  54|    | ## |  52|    |    |    |    |    |    |    |    |    |  52|    |    |    |  50|    |  56|    |    |  51|  50|    |    |    |    |    |    |  50|    |    |    |    |    |    |    |  54|    |    |    |    |[23]|
 +----+----+----+----+----+----+----+----+----+----+----+----+----+----+----+----+----+----+----+----+----+----+----+----+----+----+----+----+----+----+----+----+----+----+----+----+----+----+----+----+----+----+----+----+----+----+----+----+----+----+----+----+----+----+----+----+----+----+----+----+----+----+----+----+----+----+
 |[24]|    |  51|    |    |    |  52|  53|    |    |    |  55|    |  57|  52|    |    |  50|    |  53|    |  50|  53|    |    | ## |    |  53|    |    |  52|    |  56|  51|    |  53|    |  50|    |  52|  54|  58|    |    |  54|  50|  53|  50|    |    |    |    |  52|  51|  54|  53|    |    |  51|    |  53|    |  51|    |    |[24]|
 +----+----+----+----+----+----+----+----+----+----+----+----+----+----+----+----+----+----+----+----+----+----+----+----+----+----+----+----+----+----+----+----+----+----+----+----+----+----+----+----+----+----+----+----+----+----+----+----+----+----+----+----+----+----+----+----+----+----+----+----+----+----+----+----+----+----+
 |[25]|    |    |    |    |    |  55|  51|    |  50|  52|  54|    |  59|    |  51|  54|  50|    |  54|    |    |  56|    |    |  53| ## |  52|    |    |  55|    |  57|    |    |  51|  52|  54|    |  52|  54|  55|    |    |  54|  52|  54|    |  52|    |    |    |  53|  52|  52|  51|    |    |  51|  52|  54|  50|  51|    |    |[25]|
 +----+----+----+----+----+----+----+----+----+----+----+----+----+----+----+----+----+----+----+----+----+----+----+----+----+----+----+----+----+----+----+----+----+----+----+----+----+----+----+----+----+----+----+----+----+----+----+----+----+----+----+----+----+----+----+----+----+----+----+----+----+----+----+----+----+----+
 |[26]|    |  50|    |  50|    |  51|  53|    |  51|  51|  51|    |  58|  52|    |    |  53|    |  56|    |    |  55|    |    |  57|  51| ## |    |    |  56|    |  57|  50|    |  56|  51|  53|  50|  54|  54|  57|    |    |  52|    |  55|    |  53|    |    |    |    |  51|  51|  55|    |  50|  52|  53|  56|  51|  57|  51|    |[26]|
 +----+----+----+----+----+----+----+----+----+----+----+----+----+----+----+----+----+----+----+----+----+----+----+----+----+----+----+----+----+----+----+----+----+----+----+----+----+----+----+----+----+----+----+----+----+----+----+----+----+----+----+----+----+----+----+----+----+----+----+----+----+----+----+----+----+----+
 |[27]|    |  51|    |  50|    |  54|  52|    |    |    |    |    |  53|    |    |    |  51|    |  53|    |  50|  55|    |    |  56|  53|  51| ## |    |  54|    |  57|    |    |  54|    |  53|  57|  54|  54|  57|    |    |  53|  50|  55|    |  50|    |    |    |  53|  51|  52|  52|    |    |  50|  50|  52|    |  50|    |    |[27]|
 +----+----+----+----+----+----+----+----+----+----+----+----+----+----+----+----+----+----+----+----+----+----+----+----+----+----+----+----+----+----+----+----+----+----+----+----+----+----+----+----+----+----+----+----+----+----+----+----+----+----+----+----+----+----+----+----+----+----+----+----+----+----+----+----+----+----+
 |[28]|    |  50|    |    |  52|  52|  50|    |  52|    |  54|    |  54|    |    |    |  54|    |  54|  52|  51|  55|    |    |  52|    |  57|    | ## |  56|  51|  57|    |    |  56|    |  51|    |  50|  56|  56|    |    |  54|    |  58|  50|  53|    |  50|    |  54|  54|  51|  60|    |    |  53|  50|  54|  51|  56|  50|    |[28]|
 +----+----+----+----+----+----+----+----+----+----+----+----+----+----+----+----+----+----+----+----+----+----+----+----+----+----+----+----+----+----+----+----+----+----+----+----+----+----+----+----+----+----+----+----+----+----+----+----+----+----+----+----+----+----+----+----+----+----+----+----+----+----+----+----+----+----+
 |[29]|    |  51|    |  52|    |  53|  54|    |    |    |  56|  50|  55|    |  54|  50|  50|    |  55|  52|  51|  55|    |    |  53|  51|  53|    |    | ## |    |  58|  50|    |  55|  51|  55|  51|  55|  50|  52|    |    |  57|  50|  54|    |  53|  51|  52|    |  51|  56|  50|  54|    |    |  50|    |  54|  52|  56|    |    |[29]|
 +----+----+----+----+----+----+----+----+----+----+----+----+----+----+----+----+----+----+----+----+----+----+----+----+----+----+----+----+----+----+----+----+----+----+----+----+----+----+----+----+----+----+----+----+----+----+----+----+----+----+----+----+----+----+----+----+----+----+----+----+----+----+----+----+----+----+
 |[30]|    |  52|    |    |    |  54|  51|    |  51|  57|  58|    |  58|  51|    |    |  51|    |  51|    |    |  55|    |  50|  53|  50|  54|    |    |  56| ## |  56|  50|    |  53|  56|  54|    |  54|  53|  60|  50|  50|  55|    |  56|    |  56|    |  54|    |  57|  53|  52|  54|  50|    |  51|    |  60|    |  50|  51|    |[30]|
 +----+----+----+----+----+----+----+----+----+----+----+----+----+----+----+----+----+----+----+----+----+----+----+----+----+----+----+----+----+----+----+----+----+----+----+----+----+----+----+----+----+----+----+----+----+----+----+----+----+----+----+----+----+----+----+----+----+----+----+----+----+----+----+----+----+----+
 |[31]|    |    |    |    |    |  51|  51|    |    |    |  53|    |  51|    |    |  52|    |    |  53|    |    |  53|    |    |  54|  51|  52|    |    |  55|    | ## |    |    |  54|    |    |  50|  51|  52|  51|    |    |  53|  51|  57|    |    |    |    |    |  51|  56|    |  57|    |    |  53|  52|  54|    |  52|    |    |[31]|
 +----+----+----+----+----+----+----+----+----+----+----+----+----+----+----+----+----+----+----+----+----+----+----+----+----+----+----+----+----+----+----+----+----+----+----+----+----+----+----+----+----+----+----+----+----+----+----+----+----+----+----+----+----+----+----+----+----+----+----+----+----+----+----+----+----+----+
 |[32]|    |  50|    |    |  50|    |  50|  50|  50|    |  54|    |  56|    |    |    |    |    |  56|    |  50|  57|    |  51|  56|  50|  52|    |    |  55|    |  56| ## |    |  52|    |    |  51|    |  54|  55|  50|    |  53|  50|  53|  52|  52|  50|    |    |  52|  54|  51|  53|    |  50|  51|  51|  53|    |    |  53|    |[32]|
 +----+----+----+----+----+----+----+----+----+----+----+----+----+----+----+----+----+----+----+----+----+----+----+----+----+----+----+----+----+----+----+----+----+----+----+----+----+----+----+----+----+----+----+----+----+----+----+----+----+----+----+----+----+----+----+----+----+----+----+----+----+----+----+----+----+----+
 |[33]|    |  52|    |  53|    |  57|  54|    |  51|    |  60|    |  56|  52|    |    |  53|    |  55|  50|    |  53|    |    |  60|  50|  54|    |    |  61|    |  57|  53| ## |  59|  56|  51|  53|  53|  52|  53|    |    |  57|  50|  57|    |  55|  50|    |    |  54|  57|  54|  51|    |  52|  51|    |  55|    |  53|  53|    |[33]|
 +----+----+----+----+----+----+----+----+----+----+----+----+----+----+----+----+----+----+----+----+----+----+----+----+----+----+----+----+----+----+----+----+----+----+----+----+----+----+----+----+----+----+----+----+----+----+----+----+----+----+----+----+----+----+----+----+----+----+----+----+----+----+----+----+----+----+
 |[34]|    |    |    |    |    |  51|  51|    |    |    |  53|    |  51|    |    |    |    |    |  54|    |    |  52|    |    |  52|    |  52|    |    |  54|    |  55|    |    | ## |  50|    |    |  52|    |  54|    |    |  50|    |  52|    |  50|    |    |    |    |  53|  51|  52|    |    |  50|    |  52|    |  53|    |    |[34]|
 +----+----+----+----+----+----+----+----+----+----+----+----+----+----+----+----+----+----+----+----+----+----+----+----+----+----+----+----+----+----+----+----+----+----+----+----+----+----+----+----+----+----+----+----+----+----+----+----+----+----+----+----+----+----+----+----+----+----+----+----+----+----+----+----+----+----+
 |[35]|    |  52|    |  51|  50|  57|  55|  51|  50|    |  59|    |  57|  55|  51|  51|  56|  50|    |    |  50|  56|    |    |  55|  55|  54|    |    |  57|  54|  57|    |    |  57| ## |  52|  52|  53|  55|  58|  50|    |  57|  52|  54|  51|  58|    |    |    |  54|  55|  52|  55|    |  51|  52|  50|  58|  53|  56|  56|    |[35]|
 +----+----+----+----+----+----+----+----+----+----+----+----+----+----+----+----+----+----+----+----+----+----+----+----+----+----+----+----+----+----+----+----+----+----+----+----+----+----+----+----+----+----+----+----+----+----+----+----+----+----+----+----+----+----+----+----+----+----+----+----+----+----+----+----+----+----+
 |[36]|    |  53|    |  50|    |  53|    |    |    |    |  55|    |  52|  53|    |    |  52|    |  52|    |    |  54|    |    |  54|  53|  53|    |    |  58|  50|  53|    |    |  52|    | ## |  53|  53|  50|  56|    |    |  52|    |  57|    |  53|    |  50|    |  52|  52|  52|  53|    |    |    |  51|  51|    |  54|    |    |[36]|
 +----+----+----+----+----+----+----+----+----+----+----+----+----+----+----+----+----+----+----+----+----+----+----+----+----+----+----+----+----+----+----+----+----+----+----+----+----+----+----+----+----+----+----+----+----+----+----+----+----+----+----+----+----+----+----+----+----+----+----+----+----+----+----+----+----+----+
 |[37]|    |    |    |  54|    |  51|  53|    |  50|    |  53|    |  51|    |    |    |  51|    |  57|    |  51|  59|    |  50|  54|  50|  52|  52|    |  56|    |  57|  50|    |  55|  50|  54| ## |  55|  55|  55|    |    |  56|    |  56|  51|  50|  50|    |    |    |  52|  50|  53|    |  52|  53|  51|  53|    |  52|  50|    |[37]|
 +----+----+----+----+----+----+----+----+----+----+----+----+----+----+----+----+----+----+----+----+----+----+----+----+----+----+----+----+----+----+----+----+----+----+----+----+----+----+----+----+----+----+----+----+----+----+----+----+----+----+----+----+----+----+----+----+----+----+----+----+----+----+----+----+----+----+
 |[38]|    |  53|    |    |    |  53|    |    |    |    |  53|    |  54|    |    |    |    |    |  51|    |    |  55|    |    |  53|    |  52|    |    |  56|    |  55|    |    |  55|    |  51|  52| ## |  51|  54|  50|    |  58|    |  52|    |  52|    |    |    |  50|  53|  50|  56|    |    |  50|  51|  54|    |  51|    |    |[38]|
 +----+----+----+----+----+----+----+----+----+----+----+----+----+----+----+----+----+----+----+----+----+----+----+----+----+----+----+----+----+----+----+----+----+----+----+----+----+----+----+----+----+----+----+----+----+----+----+----+----+----+----+----+----+----+----+----+----+----+----+----+----+----+----+----+----+----+
 |[39]|    |    |    |    |    |    |    |    |    |    |  50|    |    |    |    |    |    |    |    |    |    |    |    |    |  50|    |    |    |    |    |    |  51|    |    |    |    |    |    |    | ## |  50|    |    |    |    |    |    |    |    |    |    |    |    |    |    |    |    |    |    |  50|    |    |    |    |[39]|
 +----+----+----+----+----+----+----+----+----+----+----+----+----+----+----+----+----+----+----+----+----+----+----+----+----+----+----+----+----+----+----+----+----+----+----+----+----+----+----+----+----+----+----+----+----+----+----+----+----+----+----+----+----+----+----+----+----+----+----+----+----+----+----+----+----+----+
 |[40]|    |    |    |    |    |    |    |    |    |    |  50|    |  51|    |    |    |    |    |  51|    |    |    |    |    |  53|    |    |    |    |    |    |    |    |    |  50|    |    |    |    |    | ## |    |    |    |    |  51|    |  50|    |    |    |    |    |    |  50|    |    |    |    |  50|    |    |    |    |[40]|
 +----+----+----+----+----+----+----+----+----+----+----+----+----+----+----+----+----+----+----+----+----+----+----+----+----+----+----+----+----+----+----+----+----+----+----+----+----+----+----+----+----+----+----+----+----+----+----+----+----+----+----+----+----+----+----+----+----+----+----+----+----+----+----+----+----+----+
 |[41]|    |  54|    |    |    |  53|    |    |    |    |  51|    |  57|    |    |    |  51|    |  52|    |  57|  55|    |  50|  50|  51|  53|    |    |  54|  50|  55|  52|    |  53|  51|  50|  52|  56|  56|  55| ## |    |  53|  53|  58|  50|  50|  51|    |    |  53|  53|  54|  58|    |  50|  54|  52|  58|    |  54|  51|    |[41]|
 +----+----+----+----+----+----+----+----+----+----+----+----+----+----+----+----+----+----+----+----+----+----+----+----+----+----+----+----+----+----+----+----+----+----+----+----+----+----+----+----+----+----+----+----+----+----+----+----+----+----+----+----+----+----+----+----+----+----+----+----+----+----+----+----+----+----+
 |[42]|    |  53|    |  50|  52|  55|    |  50|  53|  51|  59|    |  58|    |  57|  53|    |  50|  56|    |  54|  58|    |  52|  59|  53|  57|    |    |  59|  54|  57|  52|    |  56|  54|  51|  53|  56|  54|  57|  53| ## |  51|  55|  57|    |  54|  52|  51|    |  52|  57|    |  53|    |  50|  53|    |  55|    |  58|  55|    |[42]|
 +----+----+----+----+----+----+----+----+----+----+----+----+----+----+----+----+----+----+----+----+----+----+----+----+----+----+----+----+----+----+----+----+----+----+----+----+----+----+----+----+----+----+----+----+----+----+----+----+----+----+----+----+----+----+----+----+----+----+----+----+----+----+----+----+----+----+
 |[43]|    |  50|    |    |    |  53|    |    |    |    |  54|    |  59|    |  52|  51|  50|    |  52|  52|    |  57|    |    |  55|  50|  50|    |    |  58|    |  56|    |    |  52|  51|    |  52|  57|  51|  50|    |    | ## |    |  50|  52|  54|    |    |    |  50|    |  51|  54|    |    |    |    |  57|    |  53|    |    |[43]|
 +----+----+----+----+----+----+----+----+----+----+----+----+----+----+----+----+----+----+----+----+----+----+----+----+----+----+----+----+----+----+----+----+----+----+----+----+----+----+----+----+----+----+----+----+----+----+----+----+----+----+----+----+----+----+----+----+----+----+----+----+----+----+----+----+----+----+
 |[44]|    |    |    |    |    |  55|  50|  50|  50|    |  57|    |  56|    |    |    |  51|    |  53|    |    |  54|    |  52|  57|  54|  50|    |    |  56|    |  60|  50|    |  52|  52|  50|    |  52|  50|  56|  52|    |  54| ## |  58|    |  53|    |    |    |  52|  54|  50|  53|    |  50|    |  50|  55|  51|  55|    |    |[44]|
 +----+----+----+----+----+----+----+----+----+----+----+----+----+----+----+----+----+----+----+----+----+----+----+----+----+----+----+----+----+----+----+----+----+----+----+----+----+----+----+----+----+----+----+----+----+----+----+----+----+----+----+----+----+----+----+----+----+----+----+----+----+----+----+----+----+----+
 |[45]|    |    |    |    |    |  52|  52|    |    |  51|  55|    |  51|    |    |    |  52|    |  52|  50|    |  52|    |    |  53|  50|  51|    |    |  53|    |  59|    |    |  53|    |  53|  51|  51|  52|  55|  50|    |    |  51| ## |    |  50|    |    |    |  53|  51|    |  55|    |    |  52|  51|  51|    |  50|    |    |[45]|
 +----+----+----+----+----+----+----+----+----+----+----+----+----+----+----+----+----+----+----+----+----+----+----+----+----+----+----+----+----+----+----+----+----+----+----+----+----+----+----+----+----+----+----+----+----+----+----+----+----+----+----+----+----+----+----+----+----+----+----+----+----+----+----+----+----+----+
 |[46]|    |  51|    |  50|  51|  52|  50|    |  51|    |  55|    |  59|  52|  51|    |  50|    |  52|    |  50|  52|    |    |  58|  52|  50|    |    |  56|    |  56|  54|    |  54|  52|    |  54|  52|  55|  51|    |    |  59|    |  52| ## |  55|  51|  52|    |  57|  53|    |  55|    |    |  53|  54|  53|  55|  54|  50|    |[46]|
 +----+----+----+----+----+----+----+----+----+----+----+----+----+----+----+----+----+----+----+----+----+----+----+----+----+----+----+----+----+----+----+----+----+----+----+----+----+----+----+----+----+----+----+----+----+----+----+----+----+----+----+----+----+----+----+----+----+----+----+----+----+----+----+----+----+----+
 |[47]|    |  56|    |  51|  50|  54|    |  51|  51|    |  58|    |  59|  53|    |  54|  53|    |  52|    |  55|  55|    |  50|  52|  52|  54|    |    |  57|  53|  54|  51|    |  55|  55|  54|  50|  55|  53|  59|    |    |  57|  51|  54|  52| ## |  54|  51|    |  53|  56|  50|  56|    |  52|  52|  53|  55|  50|  54|  52|    |[47]|
 +----+----+----+----+----+----+----+----+----+----+----+----+----+----+----+----+----+----+----+----+----+----+----+----+----+----+----+----+----+----+----+----+----+----+----+----+----+----+----+----+----+----+----+----+----+----+----+----+----+----+----+----+----+----+----+----+----+----+----+----+----+----+----+----+----+----+
 |[48]|    |  50|    |  50|  51|  52|  53|    |    |  51|  56|  51|  55|  51|    |  51|    |    |  52|    |  50|  53|    |    |  55|    |  51|    |    |  57|    |  57|  51|    |  51|    |  52|  51|  53|  53|  57|    |    |  54|    |  53|  50|  56| ## |  50|    |  52|  55|  52|  55|    |    |  51|    |  55|    |  51|  51|    |[48]|
 +----+----+----+----+----+----+----+----+----+----+----+----+----+----+----+----+----+----+----+----+----+----+----+----+----+----+----+----+----+----+----+----+----+----+----+----+----+----+----+----+----+----+----+----+----+----+----+----+----+----+----+----+----+----+----+----+----+----+----+----+----+----+----+----+----+----+
 |[49]|    |  51|    |    |    |  55|  52|  50|  51|  52|  56|    |  59|  53|    |    |  53|    |  52|    |    |  53|    |  51|  56|    |  52|    |    |  58|  53|  57|  50|    |  52|  50|  53|  50|  52|  53|  58|    |    |  51|    |  55|  52|  53|  50| ## |    |  53|  53|  52|  53|    |    |  52|  50|  54|  50|  50|    |    |[49]|
 +----+----+----+----+----+----+----+----+----+----+----+----+----+----+----+----+----+----+----+----+----+----+----+----+----+----+----+----+----+----+----+----+----+----+----+----+----+----+----+----+----+----+----+----+----+----+----+----+----+----+----+----+----+----+----+----+----+----+----+----+----+----+----+----+----+----+
 |[50]|    |    |    |    |    |  54|  51|    |    |    |  55|    |  52|    |  55|    |  50|    |  54|    |    |  50|    |    |  51|    |    |    |    |  58|    |  55|    |    |  55|    |  51|    |  51|    |  56|    |    |  56|    |  52|    |  50|  51|  50| ## |  51|  51|  50|  55|    |    |    |    |  55|    |  50|  50|    |[50]|
 +----+----+----+----+----+----+----+----+----+----+----+----+----+----+----+----+----+----+----+----+----+----+----+----+----+----+----+----+----+----+----+----+----+----+----+----+----+----+----+----+----+----+----+----+----+----+----+----+----+----+----+----+----+----+----+----+----+----+----+----+----+----+----+----+----+----+
 |[51]|    |  50|    |    |    |    |    |    |    |  50|  55|    |  54|    |    |    |  52|    |    |    |    |  53|    |    |  54|  51|    |    |    |  53|  51|  55|    |    |  50|    |  51|    |  50|    |  55|    |    |  51|    |  55|  51|  51|    |    |    | ## |  50|  50|  57|    |    |  51|    |  50|    |  50|    |    |[51]|
 +----+----+----+----+----+----+----+----+----+----+----+----+----+----+----+----+----+----+----+----+----+----+----+----+----+----+----+----+----+----+----+----+----+----+----+----+----+----+----+----+----+----+----+----+----+----+----+----+----+----+----+----+----+----+----+----+----+----+----+----+----+----+----+----+----+----+
 |[52]|    |    |    |  51|    |    |    |    |    |    |  53|    |  53|    |  51|  50|    |    |  54|    |  50|  55|    |    |  53|  50|    |    |    |  57|    |  60|  50|    |  56|  50|  50|    |  53|  51|  52|    |    |  50|  50|  52|    |  53|  51|    |    |  50| ## |    |  55|    |  51|  50|  51|  53|    |  54|  51|    |[52]|
 +----+----+----+----+----+----+----+----+----+----+----+----+----+----+----+----+----+----+----+----+----+----+----+----+----+----+----+----+----+----+----+----+----+----+----+----+----+----+----+----+----+----+----+----+----+----+----+----+----+----+----+----+----+----+----+----+----+----+----+----+----+----+----+----+----+----+
 |[53]|    |    |    |    |    |    |    |    |    |    |  52|    |    |    |    |    |    |    |  53|    |  53|  54|    |    |  57|  50|    |    |    |  52|    |  53|    |    |  54|    |  50|    |  51|  52|  50|    |    |  53|    |  51|    |    |    |    |    |  50|    | ## |  52|    |    |    |    |  52|    |    |    |    |[53]|
 +----+----+----+----+----+----+----+----+----+----+----+----+----+----+----+----+----+----+----+----+----+----+----+----+----+----+----+----+----+----+----+----+----+----+----+----+----+----+----+----+----+----+----+----+----+----+----+----+----+----+----+----+----+----+----+----+----+----+----+----+----+----+----+----+----+----+
 |[54]|    |  50|    |    |    |  52|  51|  52|  56|  51|  57|  51|  55|    |    |    |  52|    |  53|    |  51|  54|    |    |  55|    |  53|    |  50|  55|    |  61|    |    |  55|  50|  51|    |  56|  52|  56|  51|    |  55|    |  57|    |  54|  51|    |    |  57|  55|  52| ## |  50|    |  54|  52|  56|  50|  53|    |    |[54]|
 +----+----+----+----+----+----+----+----+----+----+----+----+----+----+----+----+----+----+----+----+----+----+----+----+----+----+----+----+----+----+----+----+----+----+----+----+----+----+----+----+----+----+----+----+----+----+----+----+----+----+----+----+----+----+----+----+----+----+----+----+----+----+----+----+----+----+
 |[55]|    |  51|    |  50|    |  55|  53|    |  52|  54|  55|    |  58|    |  51|  50|    |    |  53|    |  51|  58|    |    |  54|  53|  50|    |    |  58|  54|  58|  52|    |  54|  52|  56|  50|  55|  54|  55|    |    |  58|  50|  50|    |  52|    |    |    |  52|  56|    |  61| ## |    |    |    |  57|    |  53|  50|    |[55]|
 +----+----+----+----+----+----+----+----+----+----+----+----+----+----+----+----+----+----+----+----+----+----+----+----+----+----+----+----+----+----+----+----+----+----+----+----+----+----+----+----+----+----+----+----+----+----+----+----+----+----+----+----+----+----+----+----+----+----+----+----+----+----+----+----+----+----+
 |[56]|    |    |    |    |    |    |    |    |    |    |  59|    |  51|  50|    |    |    |    |  53|    |  50|  55|    |    |  54|  50|  52|    |    |  52|    |  53|  50|    |  50|    |  51|  52|  50|  50|  55|    |    |  52|    |  52|    |  53|    |    |    |    |  55|    |  52|    | ## |  54|    |  54|    |    |    |    |[56]|
 +----+----+----+----+----+----+----+----+----+----+----+----+----+----+----+----+----+----+----+----+----+----+----+----+----+----+----+----+----+----+----+----+----+----+----+----+----+----+----+----+----+----+----+----+----+----+----+----+----+----+----+----+----+----+----+----+----+----+----+----+----+----+----+----+----+----+
 |[57]|    |    |    |    |    |  53|  51|    |  52|  52|  57|    |  59|  54|    |  50|  52|    |  60|    |    |  56|    |    |  55|  51|  53|    |    |  54|    |  60|  50|    |  55|  50|  50|  52|  52|  57|  57|  50|    |  53|    |  57|  50|  52|  50|  50|    |  53|  53|  51|  57|    |  54| ## |  51|  54|    |  51|    |    |[57]|
 +----+----+----+----+----+----+----+----+----+----+----+----+----+----+----+----+----+----+----+----+----+----+----+----+----+----+----+----+----+----+----+----+----+----+----+----+----+----+----+----+----+----+----+----+----+----+----+----+----+----+----+----+----+----+----+----+----+----+----+----+----+----+----+----+----+----+
 |[58]|    |    |    |    |  50|  53|  53|    |  53|    |  52|    |  53|    |  50|    |  51|    |  50|    |  54|  56|    |    |  51|  53|  55|    |    |  51|    |  60|  50|    |  52|    |  53|  51|  55|  57|  54|    |    |  51|    |  57|  51|  54|    |    |    |  50|  55|  52|  55|    |    |  52| ## |  54|    |  53|    |    |[58]|
 +----+----+----+----+----+----+----+----+----+----+----+----+----+----+----+----+----+----+----+----+----+----+----+----+----+----+----+----+----+----+----+----+----+----+----+----+----+----+----+----+----+----+----+----+----+----+----+----+----+----+----+----+----+----+----+----+----+----+----+----+----+----+----+----+----+----+
 |[59]|    |  50|    |    |    |  51|  52|  50|  50|    |  57|  51|  56|  52|  50|    |  53|    |  51|  51|    |  59|    |  52|  56|  53|  55|    |    |  56|  54|  58|  50|    |  55|  54|  50|  50|  55|  56|  57|  52|    |  58|  51|  54|    |  53|  52|  50|    |  50|  54|  52|  57|    |  52|  52|  51| ## |  51|  52|  50|    |[59]|
 +----+----+----+----+----+----+----+----+----+----+----+----+----+----+----+----+----+----+----+----+----+----+----+----+----+----+----+----+----+----+----+----+----+----+----+----+----+----+----+----+----+----+----+----+----+----+----+----+----+----+----+----+----+----+----+----+----+----+----+----+----+----+----+----+----+----+
 |[60]|    |    |    |  51|    |  52|    |    |    |    |  57|    |  51|  53|    |  52|  53|    |  56|  52|  52|  51|    |    |  55|  52|  54|    |    |  57|    |  56|    |    |    |  52|    |    |  52|  52|  51|    |    |  51|  51|  55|  53|  52|    |    |    |  52|  53|  51|  54|    |    |  50|    |  54| ## |  56|  52|    |[60]|
 +----+----+----+----+----+----+----+----+----+----+----+----+----+----+----+----+----+----+----+----+----+----+----+----+----+----+----+----+----+----+----+----+----+----+----+----+----+----+----+----+----+----+----+----+----+----+----+----+----+----+----+----+----+----+----+----+----+----+----+----+----+----+----+----+----+----+
 |[61]|    |  52|    |  50|  50|  53|  51|    |  54|  52|  55|    |  57|  50|  53|    |  55|    |  53|    |  50|  59|    |    |  55|  51|  57|    |    |  59|    |  58|    |    |  57|  53|  55|  51|  53|  53|  52|  50|    |  56|  52|  53|  50|  54|    |    |    |  52|  56|    |  55|    |    |  50|  52|  53|  53| ## |  52|    |[61]|
 +----+----+----+----+----+----+----+----+----+----+----+----+----+----+----+----+----+----+----+----+----+----+----+----+----+----+----+----+----+----+----+----+----+----+----+----+----+----+----+----+----+----+----+----+----+----+----+----+----+----+----+----+----+----+----+----+----+----+----+----+----+----+----+----+----+----+
 |[62]|    |    |    |  50|  53|  52|  52|    |  52|    |  58|    |  57|  51|  50|  52|  52|  50|  54|    |  53|  57|    |    |  53|  52|  54|    |    |  54|  50|  57|  54|    |  54|  56|  53|  52|  50|  54|  58|  50|  50|  52|    |  55|    |  54|  52|    |    |  50|  56|  52|  54|    |  50|  50|  50|  54|  53|  56| ## |    |[62]|
 +----+----+----+----+----+----+----+----+----+----+----+----+----+----+----+----+----+----+----+----+----+----+----+----+----+----+----+----+----+----+----+----+----+----+----+----+----+----+----+----+----+----+----+----+----+----+----+----+----+----+----+----+----+----+----+----+----+----+----+----+----+----+----+----+----+----+
 |[63]|    |    |    |    |    |  51|    |    |    |    |  50|    |    |    |    |    |    |    |    |    |    |  51|    |    |  50|    |    |    |    |  52|    |  53|  50|    |    |    |    |    |    |    |  52|    |    |  51|    |  50|    |    |    |    |    |    |    |    |    |    |    |    |    |    |    |    |    | ## |[63]|
 +----+----+----+----+----+----+----+----+----+----+----+----+----+----+----+----+----+----+----+----+----+----+----+----+----+----+----+----+----+----+----+----+----+----+----+----+----+----+----+----+----+----+----+----+----+----+----+----+----+----+----+----+----+----+----+----+----+----+----+----+----+----+----+----+----+----+
 | ## |[ 0]|[ 1]|[ 2]|[ 3]|[ 4]|[ 5]|[ 6]|[ 7]|[ 8]|[ 9]|[10]|[11]|[12]|[13]|[14]|[15]|[16]|[17]|[18]|[19]|[20]|[21]|[22]|[23]|[24]|[25]|[26]|[27]|[28]|[29]|[30]|[31]|[32]|[33]|[34]|[35]|[36]|[37]|[38]|[39]|[40]|[41]|[42]|[43]|[44]|[45]|[46]|[47]|[48]|[49]|[50]|[51]|[52]|[53]|[54]|[55]|[56]|[57]|[58]|[59]|[60]|[61]|[62]|[63]| ## |
 +----+----+----+----+----+----+----+----+----+----+----+----+----+----+----+----+----+----+----+----+----+----+----+----+----+----+----+----+----+----+----+----+----+----+----+----+----+----+----+----+----+----+----+----+----+----+----+----+----+----+----+----+----+----+----+----+----+----+----+----+----+----+----+----+----+----+
 | ## |[ 1]|[35]|[ 0]|[23]|[15]|[50]|[35]|[13]|[31]|[21]|[61]|[ 9]|[55]|[26]|[20]|[19]|[41]|[ 4]|[57]|[ 9]|[30]|[59]|[ 0]|[16]|[61]|[42]|[50]|[ 1]|[ 1]|[59]|[17]|[59]|[31]|[ 0]|[59]|[35]|[45]|[37]|[50]|[55]|[62]|[15]|[ 3]|[57]|[25]|[59]|[20]|[51]|[23]|[19]|[ 0]|[50]|[54]|[40]|[57]|[ 2]|[21]|[46]|[32]|[60]|[22]|[52]|[27]|[ 0]| ## |
 +----+----+----+----+----+----+----+----+----+----+----+----+----+----+----+----+----+----+----+----+----+----+----+----+----+----+----+----+----+----+----+----+----+----+----+----+----+----+----+----+----+----+----+----+----+----+----+----+----+----+----+----+----+----+----+----+----+----+----+----+----+----+----+----+----+----+






