

 Use image  :  barbara.bmp




  Relationship between basis and replaceable basis


  Number of basis used : 0, 1 


  [basis number] : Number of substitutable basis for basis number 


 *Total on the right : Number of replacements (Be done)

  Total below : Number of replacements (To do)


  Of the amount of improvement  : 0 ~ 50.000000

----------------------------------------------------------------------------------

 +----+----+----+----+----+----+----+----+----+----+----+----+----+----+----+----+----+----+----+----+----+----+----+----+----+----+----+----+----+----+----+----+----+----+----+----+----+----+----+----+----+----+----+----+----+----+----+----+----+----+----+----+----+----+----+----+----+----+----+----+----+----+----+----+----+----+
 | ## |[ 0]|[ 1]|[ 2]|[ 3]|[ 4]|[ 5]|[ 6]|[ 7]|[ 8]|[ 9]|[10]|[11]|[12]|[13]|[14]|[15]|[16]|[17]|[18]|[19]|[20]|[21]|[22]|[23]|[24]|[25]|[26]|[27]|[28]|[29]|[30]|[31]|[32]|[33]|[34]|[35]|[36]|[37]|[38]|[39]|[40]|[41]|[42]|[43]|[44]|[45]|[46]|[47]|[48]|[49]|[50]|[51]|[52]|[53]|[54]|[55]|[56]|[57]|[58]|[59]|[60]|[61]|[62]|[63]| ## |                                                                                    
 +----+----+----+----+----+----+----+----+----+----+----+----+----+----+----+----+----+----+----+----+----+----+----+----+----+----+----+----+----+----+----+----+----+----+----+----+----+----+----+----+----+----+----+----+----+----+----+----+----+----+----+----+----+----+----+----+----+----+----+----+----+----+----+----+----+----+
 |[ 0]| ## |  54|    |    |    |    |    |    |    |    |  50|    |  52|  50|    |    |    |    |    |    |    |    |    |    |  53|  50|  51|    |    |  55|    |  57|    |    |  52|    |  56|    |  52|    |    |    |    |    |    |  55|    |    |    |    |    |    |  56|    |  55|    |    |  51|  50|  51|    |  53|    |    |[ 0]|
 +----+----+----+----+----+----+----+----+----+----+----+----+----+----+----+----+----+----+----+----+----+----+----+----+----+----+----+----+----+----+----+----+----+----+----+----+----+----+----+----+----+----+----+----+----+----+----+----+----+----+----+----+----+----+----+----+----+----+----+----+----+----+----+----+----+----+
 |[ 1]|    | ## |    |    |    |    |    |    |  50|    |  53|    |  55|  52|    |    |  50|    |  54|    |    |  51|    |    |  55|    |  50|    |    |  53|    |  52|    |    |    |    |  57|    |  54|    |  53|  52|    |    |    |  53|    |  53|    |  51|    |  52|  55|  51|  56|    |    |    |    |  50|    |  50|    |    |[ 1]|
 +----+----+----+----+----+----+----+----+----+----+----+----+----+----+----+----+----+----+----+----+----+----+----+----+----+----+----+----+----+----+----+----+----+----+----+----+----+----+----+----+----+----+----+----+----+----+----+----+----+----+----+----+----+----+----+----+----+----+----+----+----+----+----+----+----+----+
 |[ 2]|    |  50| ## |    |    |  56|  50|    |  51|    |  55|  51|  52|    |  53|  53|  54|    |  53|    |    |    |    |    |  56|    |  50|    |  50|  52|    |  62|    |    |  53|    |    |  51|    |  51|  50|    |    |  51|    |    |  55|    |    |    |    |  53|  56|    |  59|    |    |  51|    |  57|  53|  51|    |    |[ 2]|
 +----+----+----+----+----+----+----+----+----+----+----+----+----+----+----+----+----+----+----+----+----+----+----+----+----+----+----+----+----+----+----+----+----+----+----+----+----+----+----+----+----+----+----+----+----+----+----+----+----+----+----+----+----+----+----+----+----+----+----+----+----+----+----+----+----+----+
 |[ 3]|    |    |    | ## |    |    |    |    |    |    |    |    |    |    |    |    |    |    |  53|    |  52|    |    |    |  51|    |    |    |    |  52|    |  55|    |    |    |    |  51|  51|    |    |    |    |    |    |    |    |    |    |    |    |    |    |  52|    |  53|    |    |    |    |    |    |  52|    |    |[ 3]|
 +----+----+----+----+----+----+----+----+----+----+----+----+----+----+----+----+----+----+----+----+----+----+----+----+----+----+----+----+----+----+----+----+----+----+----+----+----+----+----+----+----+----+----+----+----+----+----+----+----+----+----+----+----+----+----+----+----+----+----+----+----+----+----+----+----+----+
 |[ 4]|    |    |    |    | ## |    |    |    |    |    |    |    |  52|    |    |    |    |    |  57|    |    |    |    |    |  51|    |  50|    |    |    |    |    |    |    |    |    |    |    |    |  56|  54|    |    |    |    |    |    |    |    |    |    |    |    |    |  54|    |    |    |    |    |    |  51|    |    |[ 4]|
 +----+----+----+----+----+----+----+----+----+----+----+----+----+----+----+----+----+----+----+----+----+----+----+----+----+----+----+----+----+----+----+----+----+----+----+----+----+----+----+----+----+----+----+----+----+----+----+----+----+----+----+----+----+----+----+----+----+----+----+----+----+----+----+----+----+----+
 |[ 5]|    |    |    |    |    | ## |  50|    |    |    |    |    |  53|    |    |    |    |    |  53|    |    |  50|    |    |  51|    |  50|    |    |  51|    |  56|    |    |  50|    |  50|    |  50|  50|    |    |    |  50|    |  52|    |    |    |    |    |    |    |    |  52|    |    |    |    |    |    |  50|    |    |[ 5]|
 +----+----+----+----+----+----+----+----+----+----+----+----+----+----+----+----+----+----+----+----+----+----+----+----+----+----+----+----+----+----+----+----+----+----+----+----+----+----+----+----+----+----+----+----+----+----+----+----+----+----+----+----+----+----+----+----+----+----+----+----+----+----+----+----+----+----+
 |[ 6]|    |    |    |    |    |  52| ## |    |    |    |    |    |    |    |    |    |    |    |  54|    |    |    |    |    |  53|    |  52|    |    |  54|    |  55|    |    |    |    |    |    |    |  55|  54|    |    |  52|    |  53|    |    |  50|    |    |    |    |    |  54|    |    |    |  52|  51|    |  53|    |    |[ 6]|
 +----+----+----+----+----+----+----+----+----+----+----+----+----+----+----+----+----+----+----+----+----+----+----+----+----+----+----+----+----+----+----+----+----+----+----+----+----+----+----+----+----+----+----+----+----+----+----+----+----+----+----+----+----+----+----+----+----+----+----+----+----+----+----+----+----+----+
 |[ 7]|    |  50|    |    |    |  52|    | ## |    |    |  56|    |    |    |    |    |    |    |    |    |    |  56|    |    |    |    |  50|    |    |    |    |  52|    |    |    |    |    |    |    |  51|  53|    |    |  51|    |  55|    |  50|    |  50|    |    |  53|  51|  56|    |    |    |    |  51|    |  52|    |    |[ 7]|
 +----+----+----+----+----+----+----+----+----+----+----+----+----+----+----+----+----+----+----+----+----+----+----+----+----+----+----+----+----+----+----+----+----+----+----+----+----+----+----+----+----+----+----+----+----+----+----+----+----+----+----+----+----+----+----+----+----+----+----+----+----+----+----+----+----+----+
 |[ 8]|    |    |    |    |    |    |    |    | ## |  54|    |    |  52|    |    |    |  51|    |  51|    |    |  54|    |    |  51|    |  55|    |    |  51|    |  56|    |    |    |    |    |    |    |  51|  57|    |    |  51|    |  53|    |    |    |    |    |  53|  54|  51|  60|    |    |  53|  53|  51|    |  52|    |    |[ 8]|
 +----+----+----+----+----+----+----+----+----+----+----+----+----+----+----+----+----+----+----+----+----+----+----+----+----+----+----+----+----+----+----+----+----+----+----+----+----+----+----+----+----+----+----+----+----+----+----+----+----+----+----+----+----+----+----+----+----+----+----+----+----+----+----+----+----+----+
 |[ 9]|    |  50|    |    |    |    |    |    |  55| ## |  53|    |  51|    |    |    |    |    |  51|    |    |  52|    |    |  52|  51|  52|    |    |    |  51|  55|    |    |  51|    |  54|    |    |  52|  59|    |    |    |    |  56|    |    |  52|    |    |  52|  56|    |  57|    |    |    |    |  52|    |  52|    |    |[ 9]|
 +----+----+----+----+----+----+----+----+----+----+----+----+----+----+----+----+----+----+----+----+----+----+----+----+----+----+----+----+----+----+----+----+----+----+----+----+----+----+----+----+----+----+----+----+----+----+----+----+----+----+----+----+----+----+----+----+----+----+----+----+----+----+----+----+----+----+
 |[10]|    |    |    |    |    |    |    |    |    |    | ## |    |    |    |    |    |    |    |    |    |    |  51|    |    |  50|    |    |    |    |    |    |  53|    |    |    |    |    |    |    |    |    |    |    |    |    |    |    |    |    |    |    |    |    |    |  51|    |    |    |    |  51|    |    |    |    |[10]|
 +----+----+----+----+----+----+----+----+----+----+----+----+----+----+----+----+----+----+----+----+----+----+----+----+----+----+----+----+----+----+----+----+----+----+----+----+----+----+----+----+----+----+----+----+----+----+----+----+----+----+----+----+----+----+----+----+----+----+----+----+----+----+----+----+----+----+
 |[11]|    |  51|    |    |    |  53|  54|    |  50|    |  52| ## |  56|    |  52|    |  50|    |  54|    |    |  50|    |    |  56|    |  52|    |    |  54|    |  59|    |    |  56|    |  54|  51|  51|    |  50|    |    |  52|    |    |  52|    |  53|    |    |    |  50|    |  60|    |    |  51|    |  53|    |  53|    |    |[11]|
 +----+----+----+----+----+----+----+----+----+----+----+----+----+----+----+----+----+----+----+----+----+----+----+----+----+----+----+----+----+----+----+----+----+----+----+----+----+----+----+----+----+----+----+----+----+----+----+----+----+----+----+----+----+----+----+----+----+----+----+----+----+----+----+----+----+----+
 |[12]|    |  54|    |    |  50|  56|  50|    |  52|    |  50|  50| ## |  51|    |    |  50|  51|  51|    |    |  53|    |    |  60|  55|  59|    |    |  52|    |  51|    |    |  50|    |  52|    |  52|  52|  56|    |    |  52|    |  53|  51|  54|    |  52|    |  52|  52|    |  60|    |    |  54|    |  52|    |    |  51|    |[12]|
 +----+----+----+----+----+----+----+----+----+----+----+----+----+----+----+----+----+----+----+----+----+----+----+----+----+----+----+----+----+----+----+----+----+----+----+----+----+----+----+----+----+----+----+----+----+----+----+----+----+----+----+----+----+----+----+----+----+----+----+----+----+----+----+----+----+----+
 |[13]|    |  54|    |    |    |    |    |    |    |    |  56|    |  54| ## |    |    |    |  51|  56|    |  50|  50|    |    |  56|    |  55|    |    |    |    |  58|    |    |  52|    |  53|    |  52|    |  53|    |    |    |    |  54|  50|  51|    |  50|    |    |  51|    |  56|    |    |  54|  50|  53|  52|  52|  50|    |[13]|
 +----+----+----+----+----+----+----+----+----+----+----+----+----+----+----+----+----+----+----+----+----+----+----+----+----+----+----+----+----+----+----+----+----+----+----+----+----+----+----+----+----+----+----+----+----+----+----+----+----+----+----+----+----+----+----+----+----+----+----+----+----+----+----+----+----+----+
 |[14]|    |  51|    |    |    |  54|  54|    |  50|    |  54|  50|  51|    | ## |    |    |    |  54|    |    |  51|    |    |  53|  53|  51|    |    |  56|    |  59|    |    |  55|    |  51|  55|  53|  50|    |    |    |  56|    |  52|  51|    |    |    |    |    |  53|  50|  56|    |    |    |  50|  54|    |  55|    |    |[14]|
 +----+----+----+----+----+----+----+----+----+----+----+----+----+----+----+----+----+----+----+----+----+----+----+----+----+----+----+----+----+----+----+----+----+----+----+----+----+----+----+----+----+----+----+----+----+----+----+----+----+----+----+----+----+----+----+----+----+----+----+----+----+----+----+----+----+----+
 |[15]|    |    |    |    |    |  56|    |  50|  51|    |  53|    |  54|    |    | ## |    |    |  56|    |  53|  54|    |    |    |  58|  54|    |    |  54|    |  61|    |    |  51|    |  52|  52|  55|  50|  52|    |    |  54|    |  56|  50|  54|  51|  50|    |    |  57|  53|  58|    |    |  52|  50|  50|  56|  52|  52|    |[15]|
 +----+----+----+----+----+----+----+----+----+----+----+----+----+----+----+----+----+----+----+----+----+----+----+----+----+----+----+----+----+----+----+----+----+----+----+----+----+----+----+----+----+----+----+----+----+----+----+----+----+----+----+----+----+----+----+----+----+----+----+----+----+----+----+----+----+----+
 |[16]|    |  54|    |    |    |  52|  50|    |  56|  52|  51|    |  55|  50|  50|    | ## |    |  53|    |    |  58|    |    |  52|  50|  55|    |    |  51|    |  55|    |    |  54|    |  55|  52|    |  53|  52|    |    |    |    |  55|  50|  51|    |  51|    |  50|  54|  53|  61|    |    |  53|  51|  56|  52|  57|    |    |[16]|
 +----+----+----+----+----+----+----+----+----+----+----+----+----+----+----+----+----+----+----+----+----+----+----+----+----+----+----+----+----+----+----+----+----+----+----+----+----+----+----+----+----+----+----+----+----+----+----+----+----+----+----+----+----+----+----+----+----+----+----+----+----+----+----+----+----+----+
 |[17]|    |    |    |    |    |    |    |    |    |    |    |    |    |    |    |    |    | ## |    |    |    |    |    |    |    |    |    |    |    |    |    |    |    |    |    |    |    |    |    |  50|    |    |    |    |    |    |    |    |    |    |    |    |    |    |    |    |    |    |    |    |    |    |    |    |[17]|
 +----+----+----+----+----+----+----+----+----+----+----+----+----+----+----+----+----+----+----+----+----+----+----+----+----+----+----+----+----+----+----+----+----+----+----+----+----+----+----+----+----+----+----+----+----+----+----+----+----+----+----+----+----+----+----+----+----+----+----+----+----+----+----+----+----+----+
 |[18]|    |    |    |    |    |    |    |    |    |    |    |    |    |    |    |    |    |    | ## |    |    |    |    |    |    |    |    |    |    |    |    |  51|    |    |    |    |    |    |    |  50|    |    |    |    |    |    |    |    |    |    |    |    |  50|    |    |    |    |    |    |    |    |    |    |    |[18]|
 +----+----+----+----+----+----+----+----+----+----+----+----+----+----+----+----+----+----+----+----+----+----+----+----+----+----+----+----+----+----+----+----+----+----+----+----+----+----+----+----+----+----+----+----+----+----+----+----+----+----+----+----+----+----+----+----+----+----+----+----+----+----+----+----+----+----+
 |[19]|    |    |    |    |    |  51|    |    |    |    |    |    |    |    |    |    |    |    |  50| ## |    |    |    |    |    |    |    |    |    |  53|    |  51|    |    |  52|    |  50|    |    |    |    |    |    |  53|    |  51|    |    |    |    |    |    |  53|    |    |    |    |    |    |  50|    |  50|    |    |[19]|
 +----+----+----+----+----+----+----+----+----+----+----+----+----+----+----+----+----+----+----+----+----+----+----+----+----+----+----+----+----+----+----+----+----+----+----+----+----+----+----+----+----+----+----+----+----+----+----+----+----+----+----+----+----+----+----+----+----+----+----+----+----+----+----+----+----+----+
 |[20]|    |    |    |    |    |  51|    |    |    |    |  54|    |    |    |    |    |    |    |  55|    | ## |  53|    |    |  53|    |    |    |    |    |    |  55|    |    |    |    |    |    |  50|    |  50|  51|    |    |    |  54|    |  54|    |    |    |    |  56|  54|  57|    |    |    |  53|    |  51|    |    |    |[20]|
 +----+----+----+----+----+----+----+----+----+----+----+----+----+----+----+----+----+----+----+----+----+----+----+----+----+----+----+----+----+----+----+----+----+----+----+----+----+----+----+----+----+----+----+----+----+----+----+----+----+----+----+----+----+----+----+----+----+----+----+----+----+----+----+----+----+----+
 |[21]|    |    |    |    |    |  50|    |  52|  51|    |  56|    |  51|    |    |    |  50|  52|  52|    |  51| ## |    |  50|  52|    |    |    |    |  51|    |  54|    |    |  52|    |  52|  52|  52|  51|  51|    |    |  52|    |  52|    |  50|    |    |    |    |  52|  51|  56|    |    |    |  50|  56|    |  52|    |    |[21]|
 +----+----+----+----+----+----+----+----+----+----+----+----+----+----+----+----+----+----+----+----+----+----+----+----+----+----+----+----+----+----+----+----+----+----+----+----+----+----+----+----+----+----+----+----+----+----+----+----+----+----+----+----+----+----+----+----+----+----+----+----+----+----+----+----+----+----+
 |[22]|    |    |    |    |    |    |    |    |    |    |    |    |    |    |    |    |    |    |    |    |    |    | ## |    |    |    |    |    |    |    |    |    |    |    |    |    |    |    |    |    |    |    |    |    |    |    |    |    |    |    |    |    |    |    |    |    |    |    |    |    |    |    |    |    |[22]|
 +----+----+----+----+----+----+----+----+----+----+----+----+----+----+----+----+----+----+----+----+----+----+----+----+----+----+----+----+----+----+----+----+----+----+----+----+----+----+----+----+----+----+----+----+----+----+----+----+----+----+----+----+----+----+----+----+----+----+----+----+----+----+----+----+----+----+
 |[23]|    |    |    |    |    |    |    |    |    |    |    |    |    |    |    |    |    |    |  52|    |    |    |    | ## |    |    |    |    |    |    |    |    |    |    |    |    |    |    |    |    |    |    |    |    |    |    |    |    |    |    |    |    |    |    |    |    |    |    |    |    |    |    |    |    |[23]|
 +----+----+----+----+----+----+----+----+----+----+----+----+----+----+----+----+----+----+----+----+----+----+----+----+----+----+----+----+----+----+----+----+----+----+----+----+----+----+----+----+----+----+----+----+----+----+----+----+----+----+----+----+----+----+----+----+----+----+----+----+----+----+----+----+----+----+
 |[24]|    |    |    |    |    |    |    |    |    |    |  51|    |  54|    |    |    |    |    |  53|    |    |    |    |    | ## |    |  50|    |    |    |    |  54|    |    |    |    |  50|    |    |  53|  56|    |    |    |    |    |    |    |    |    |    |    |  51|    |  53|    |    |    |    |    |    |  51|    |    |[24]|
 +----+----+----+----+----+----+----+----+----+----+----+----+----+----+----+----+----+----+----+----+----+----+----+----+----+----+----+----+----+----+----+----+----+----+----+----+----+----+----+----+----+----+----+----+----+----+----+----+----+----+----+----+----+----+----+----+----+----+----+----+----+----+----+----+----+----+
 |[25]|    |    |    |    |    |  54|  50|    |  51|  51|  53|    |  57|    |  50|  54|    |    |  52|    |    |    |    |    |  53| ## |  54|    |    |  51|    |  56|    |    |    |  51|  54|    |    |  54|  55|    |    |    |    |  55|  50|  52|    |    |    |  50|  53|    |  54|    |    |    |  53|  51|  51|    |    |    |[25]|
 +----+----+----+----+----+----+----+----+----+----+----+----+----+----+----+----+----+----+----+----+----+----+----+----+----+----+----+----+----+----+----+----+----+----+----+----+----+----+----+----+----+----+----+----+----+----+----+----+----+----+----+----+----+----+----+----+----+----+----+----+----+----+----+----+----+----+
 |[26]|    |    |    |    |    |  52|  53|    |  55|  50|    |    |  59|  53|    |    |  50|    |  57|    |    |  51|    |    |  56|  52| ## |    |    |  53|    |  57|    |    |  53|    |  52|  50|  52|  54|  55|    |    |  50|    |  53|  50|  52|    |    |    |    |  53|    |  60|    |    |  51|  55|  55|  53|  58|  51|    |[26]|
 +----+----+----+----+----+----+----+----+----+----+----+----+----+----+----+----+----+----+----+----+----+----+----+----+----+----+----+----+----+----+----+----+----+----+----+----+----+----+----+----+----+----+----+----+----+----+----+----+----+----+----+----+----+----+----+----+----+----+----+----+----+----+----+----+----+----+
 |[27]|    |    |    |    |    |  54|  54|    |    |    |    |    |    |    |  50|    |    |    |    |    |    |  52|    |    |  59|    |  53| ## |    |  50|    |  61|    |    |  54|    |  58|  55|    |  53|  54|    |    |    |    |  52|    |    |    |  52|    |  53|  52|    |  54|    |    |    |    |    |    |  52|    |    |[27]|
 +----+----+----+----+----+----+----+----+----+----+----+----+----+----+----+----+----+----+----+----+----+----+----+----+----+----+----+----+----+----+----+----+----+----+----+----+----+----+----+----+----+----+----+----+----+----+----+----+----+----+----+----+----+----+----+----+----+----+----+----+----+----+----+----+----+----+
 |[28]|    |    |    |    |    |  53|    |    |  53|    |  53|    |  52|    |    |    |    |    |  53|  50|  52|  52|    |  50|  56|    |  56|    | ## |  52|  51|  61|    |    |  53|    |  51|    |    |  53|  53|    |    |    |    |  56|  51|  51|  50|    |    |  53|  56|  52|  65|    |    |  53|    |  52|  50|  53|    |    |[28]|
 +----+----+----+----+----+----+----+----+----+----+----+----+----+----+----+----+----+----+----+----+----+----+----+----+----+----+----+----+----+----+----+----+----+----+----+----+----+----+----+----+----+----+----+----+----+----+----+----+----+----+----+----+----+----+----+----+----+----+----+----+----+----+----+----+----+----+
 |[29]|    |  51|    |    |    |  52|  53|    |    |    |  51|    |  51|    |  50|    |    |    |  55|  50|    |  51|    |    |  51|    |  51|    |    | ## |    |  58|    |    |  51|    |  56|  52|  53|    |    |    |    |  52|    |  52|    |    |  50|  52|    |    |  56|    |  54|    |    |    |    |  51|  50|  54|    |    |[29]|
 +----+----+----+----+----+----+----+----+----+----+----+----+----+----+----+----+----+----+----+----+----+----+----+----+----+----+----+----+----+----+----+----+----+----+----+----+----+----+----+----+----+----+----+----+----+----+----+----+----+----+----+----+----+----+----+----+----+----+----+----+----+----+----+----+----+----+
 |[30]|    |  52|    |    |    |  52|    |    |  55|  56|  55|    |  55|    |    |    |    |    |  51|    |    |  55|    |  51|    |    |  53|    |  51|  53| ## |  56|    |    |  50|    |  54|    |  54|  51|  58|  50|    |    |    |  57|    |  56|    |  53|    |  56|  55|    |  59|    |    |    |    |  56|    |    |    |    |[30]|
 +----+----+----+----+----+----+----+----+----+----+----+----+----+----+----+----+----+----+----+----+----+----+----+----+----+----+----+----+----+----+----+----+----+----+----+----+----+----+----+----+----+----+----+----+----+----+----+----+----+----+----+----+----+----+----+----+----+----+----+----+----+----+----+----+----+----+
 |[31]|    |    |    |    |    |    |    |    |    |    |  50|    |    |    |    |    |    |    |  50|    |    |    |    |    |    |    |    |    |    |  50|    | ## |    |    |  51|    |    |    |    |    |    |    |    |    |    |  51|    |    |    |    |    |    |  52|    |  55|    |    |    |  50|    |    |    |    |    |[31]|
 +----+----+----+----+----+----+----+----+----+----+----+----+----+----+----+----+----+----+----+----+----+----+----+----+----+----+----+----+----+----+----+----+----+----+----+----+----+----+----+----+----+----+----+----+----+----+----+----+----+----+----+----+----+----+----+----+----+----+----+----+----+----+----+----+----+----+
 |[32]|    |  52|    |    |    |    |    |  50|    |    |  51|    |    |    |    |    |    |    |  51|    |  51|  54|    |    |  52|    |  51|    |    |  51|    |  59| ## |    |    |    |    |    |    |    |  53|    |    |    |    |  53|    |    |    |    |    |    |  53|    |  55|    |    |    |    |    |    |    |  53|    |[32]|
 +----+----+----+----+----+----+----+----+----+----+----+----+----+----+----+----+----+----+----+----+----+----+----+----+----+----+----+----+----+----+----+----+----+----+----+----+----+----+----+----+----+----+----+----+----+----+----+----+----+----+----+----+----+----+----+----+----+----+----+----+----+----+----+----+----+----+
 |[33]|    |  51|    |    |    |  56|  52|    |    |    |  55|    |  52|    |    |    |    |    |  56|    |    |    |    |    |  55|    |  54|    |    |  54|    |  57|    | ## |  56|    |    |  51|  53|    |    |    |    |  52|    |  52|    |    |    |    |    |    |  56|  52|  53|    |    |    |    |    |    |  52|    |    |[33]|
 +----+----+----+----+----+----+----+----+----+----+----+----+----+----+----+----+----+----+----+----+----+----+----+----+----+----+----+----+----+----+----+----+----+----+----+----+----+----+----+----+----+----+----+----+----+----+----+----+----+----+----+----+----+----+----+----+----+----+----+----+----+----+----+----+----+----+
 |[34]|    |    |    |    |    |    |    |    |    |    |    |    |    |    |    |    |    |    |    |    |    |    |    |    |    |    |    |    |    |    |    |  53|    |    | ## |    |    |    |    |    |    |    |    |    |    |    |    |    |    |    |    |    |    |    |  50|    |    |    |    |    |    |    |    |    |[34]|
 +----+----+----+----+----+----+----+----+----+----+----+----+----+----+----+----+----+----+----+----+----+----+----+----+----+----+----+----+----+----+----+----+----+----+----+----+----+----+----+----+----+----+----+----+----+----+----+----+----+----+----+----+----+----+----+----+----+----+----+----+----+----+----+----+----+----+
 |[35]|    |    |    |    |    |  54|  53|    |    |    |  58|    |  50|  53|    |    |    |  52|    |    |    |  54|    |    |  52|  55|  51|    |    |  52|    |  57|    |    |  53| ## |  52|  52|    |  53|  54|    |    |  52|    |  52|  51|  53|    |    |    |  52|  50|    |  55|    |    |    |    |  53|  53|  53|  52|    |[35]|
 +----+----+----+----+----+----+----+----+----+----+----+----+----+----+----+----+----+----+----+----+----+----+----+----+----+----+----+----+----+----+----+----+----+----+----+----+----+----+----+----+----+----+----+----+----+----+----+----+----+----+----+----+----+----+----+----+----+----+----+----+----+----+----+----+----+----+
 |[36]|    |  52|    |    |    |    |    |    |    |    |    |    |    |    |    |    |    |    |    |    |    |  50|    |    |  52|    |    |    |    |  54|    |  52|    |    |    |    | ## |  51|    |  50|  50|    |    |    |    |  55|    |    |    |    |    |    |  50|    |  52|    |    |    |    |    |    |  52|    |    |[36]|
 +----+----+----+----+----+----+----+----+----+----+----+----+----+----+----+----+----+----+----+----+----+----+----+----+----+----+----+----+----+----+----+----+----+----+----+----+----+----+----+----+----+----+----+----+----+----+----+----+----+----+----+----+----+----+----+----+----+----+----+----+----+----+----+----+----+----+
 |[37]|    |    |    |  50|    |  53|  52|    |  51|    |  51|    |    |    |  53|    |    |  52|  57|    |  51|  56|    |    |  55|    |  53|    |    |  56|    |  59|    |    |  54|    |  58| ## |  53|  54|  55|    |    |  52|    |  55|  55|    |    |    |    |    |  51|    |  56|    |    |  52|  52|    |    |  53|    |    |[37]|
 +----+----+----+----+----+----+----+----+----+----+----+----+----+----+----+----+----+----+----+----+----+----+----+----+----+----+----+----+----+----+----+----+----+----+----+----+----+----+----+----+----+----+----+----+----+----+----+----+----+----+----+----+----+----+----+----+----+----+----+----+----+----+----+----+----+----+
 |[38]|    |  51|    |    |    |  51|    |    |    |    |  51|    |  50|    |    |    |    |    |  51|    |    |  52|    |    |  50|    |  50|    |    |  53|    |  55|    |    |  51|    |  51|    | ## |    |  51|    |    |  51|    |  50|    |    |    |    |    |    |  52|    |  58|    |    |    |  51|    |    |    |    |    |[38]|
 +----+----+----+----+----+----+----+----+----+----+----+----+----+----+----+----+----+----+----+----+----+----+----+----+----+----+----+----+----+----+----+----+----+----+----+----+----+----+----+----+----+----+----+----+----+----+----+----+----+----+----+----+----+----+----+----+----+----+----+----+----+----+----+----+----+----+
 |[39]|    |    |    |    |    |    |    |    |    |    |    |    |    |    |    |    |    |    |    |    |    |    |    |    |    |    |    |    |    |    |    |    |    |    |    |    |    |    |    | ## |    |    |    |    |    |    |    |    |    |    |    |    |    |    |    |    |    |    |    |    |    |    |    |    |[39]|
 +----+----+----+----+----+----+----+----+----+----+----+----+----+----+----+----+----+----+----+----+----+----+----+----+----+----+----+----+----+----+----+----+----+----+----+----+----+----+----+----+----+----+----+----+----+----+----+----+----+----+----+----+----+----+----+----+----+----+----+----+----+----+----+----+----+----+
 |[40]|    |    |    |    |    |    |    |    |    |    |    |    |    |    |    |    |    |    |  50|    |    |    |    |    |  53|    |    |    |    |    |    |    |    |    |    |    |    |    |    |    | ## |    |    |    |    |    |    |    |    |    |    |    |    |    |  52|    |    |    |    |    |    |    |    |    |[40]|
 +----+----+----+----+----+----+----+----+----+----+----+----+----+----+----+----+----+----+----+----+----+----+----+----+----+----+----+----+----+----+----+----+----+----+----+----+----+----+----+----+----+----+----+----+----+----+----+----+----+----+----+----+----+----+----+----+----+----+----+----+----+----+----+----+----+----+
 |[41]|    |  55|    |    |    |  50|    |    |    |    |    |    |  53|    |    |    |    |  50|    |    |  55|  51|    |    |  53|    |  53|    |    |  50|    |  54|    |    |  51|    |  51|    |  54|  53|  54| ## |    |    |  50|  56|  50|    |  50|    |    |  51|  53|  54|  61|    |    |  51|    |  55|    |  50|    |    |[41]|
 +----+----+----+----+----+----+----+----+----+----+----+----+----+----+----+----+----+----+----+----+----+----+----+----+----+----+----+----+----+----+----+----+----+----+----+----+----+----+----+----+----+----+----+----+----+----+----+----+----+----+----+----+----+----+----+----+----+----+----+----+----+----+----+----+----+----+
 |[42]|    |  52|    |    |    |  54|    |  50|    |  50|  57|    |  54|    |  52|  50|    |  51|  57|    |  54|  57|    |  50|  58|    |  59|    |    |  56|  50|  57|  50|    |  56|    |  51|    |  54|  50|  54|  54| ## |    |  52|  61|    |  50|    |    |    |    |  60|    |  54|    |    |    |    |  53|    |  55|  52|    |[42]|
 +----+----+----+----+----+----+----+----+----+----+----+----+----+----+----+----+----+----+----+----+----+----+----+----+----+----+----+----+----+----+----+----+----+----+----+----+----+----+----+----+----+----+----+----+----+----+----+----+----+----+----+----+----+----+----+----+----+----+----+----+----+----+----+----+----+----+
 |[43]|    |    |    |    |    |  53|  53|  50|  51|    |  52|    |  53|    |  52|    |    |    |    |  52|    |  54|    |    |  52|    |  50|    |    |  54|    |  57|    |    |    |    |  50|  50|  54|    |    |    |    | ## |    |    |  51|  53|  50|    |    |    |  50|  52|  56|    |    |    |    |  56|    |  52|    |    |[43]|
 +----+----+----+----+----+----+----+----+----+----+----+----+----+----+----+----+----+----+----+----+----+----+----+----+----+----+----+----+----+----+----+----+----+----+----+----+----+----+----+----+----+----+----+----+----+----+----+----+----+----+----+----+----+----+----+----+----+----+----+----+----+----+----+----+----+----+
 |[44]|    |    |    |    |    |  54|    |  50|  52|    |  53|    |  51|    |    |    |    |    |    |    |    |    |    |  51|  55|  51|  50|    |    |  54|    |  60|    |    |    |    |    |    |  50|    |  53|    |    |    | ## |  57|    |    |    |    |    |    |  54|    |  55|    |    |    |  51|  53|    |  53|    |    |[44]|
 +----+----+----+----+----+----+----+----+----+----+----+----+----+----+----+----+----+----+----+----+----+----+----+----+----+----+----+----+----+----+----+----+----+----+----+----+----+----+----+----+----+----+----+----+----+----+----+----+----+----+----+----+----+----+----+----+----+----+----+----+----+----+----+----+----+----+
 |[45]|    |    |    |    |    |  50|    |    |    |    |    |    |    |    |    |    |    |    |    |    |    |    |    |    |    |    |    |    |    |    |    |  56|    |    |    |    |  53|    |    |    |  50|    |    |    |    | ## |    |    |    |    |    |    |    |    |  55|    |    |    |    |    |    |    |    |    |[45]|
 +----+----+----+----+----+----+----+----+----+----+----+----+----+----+----+----+----+----+----+----+----+----+----+----+----+----+----+----+----+----+----+----+----+----+----+----+----+----+----+----+----+----+----+----+----+----+----+----+----+----+----+----+----+----+----+----+----+----+----+----+----+----+----+----+----+----+
 |[46]|    |  52|    |    |    |  51|    |    |  53|    |  53|    |  55|  51|  51|    |    |    |    |    |    |    |    |    |  57|  52|  53|    |    |  54|    |  58|    |    |  54|    |  51|  56|  53|  52|  51|    |    |  54|    |    | ## |  55|  51|  53|    |  54|  53|    |  60|    |    |    |  54|  53|  53|  52|    |    |[46]|
 +----+----+----+----+----+----+----+----+----+----+----+----+----+----+----+----+----+----+----+----+----+----+----+----+----+----+----+----+----+----+----+----+----+----+----+----+----+----+----+----+----+----+----+----+----+----+----+----+----+----+----+----+----+----+----+----+----+----+----+----+----+----+----+----+----+----+
 |[47]|    |  53|    |    |    |    |    |    |    |    |  55|    |  55|  50|    |    |    |    |  53|    |  55|  53|    |    |    |  51|  53|    |    |  51|  51|  54|    |    |    |    |  53|    |  51|  52|  53|    |    |  54|    |  50|  52| ## |  52|    |    |    |  55|  51|  58|    |    |  50|  53|  51|    |  53|    |    |[47]|
 +----+----+----+----+----+----+----+----+----+----+----+----+----+----+----+----+----+----+----+----+----+----+----+----+----+----+----+----+----+----+----+----+----+----+----+----+----+----+----+----+----+----+----+----+----+----+----+----+----+----+----+----+----+----+----+----+----+----+----+----+----+----+----+----+----+----+
 |[48]|    |  51|    |    |    |  51|  54|    |  50|  53|  54|    |  52|  50|    |    |    |    |  51|    |    |  54|    |    |  56|    |  51|    |    |  54|    |  57|    |    |    |    |  54|  50|  52|    |  57|    |    |  53|    |  52|  50|  54| ## |    |    |  52|  55|  52|  58|    |    |    |    |  50|    |  51|    |    |[48]|
 +----+----+----+----+----+----+----+----+----+----+----+----+----+----+----+----+----+----+----+----+----+----+----+----+----+----+----+----+----+----+----+----+----+----+----+----+----+----+----+----+----+----+----+----+----+----+----+----+----+----+----+----+----+----+----+----+----+----+----+----+----+----+----+----+----+----+
 |[49]|    |  51|    |    |    |  51|    |  50|    |    |  53|    |  54|    |    |    |    |    |    |    |    |  52|    |    |  52|    |  51|    |    |  55|    |  57|    |    |    |    |  54|    |    |    |  53|    |    |    |    |  53|  51|    |    | ## |    |    |  55|    |  55|    |    |    |  51|  51|    |    |    |    |[49]|
 +----+----+----+----+----+----+----+----+----+----+----+----+----+----+----+----+----+----+----+----+----+----+----+----+----+----+----+----+----+----+----+----+----+----+----+----+----+----+----+----+----+----+----+----+----+----+----+----+----+----+----+----+----+----+----+----+----+----+----+----+----+----+----+----+----+----+
 |[50]|    |  51|    |    |    |  53|  52|    |    |    |  55|    |  50|    |  51|    |    |    |  53|    |    |    |    |    |    |    |    |    |    |  58|    |  55|    |    |  57|    |    |    |  52|    |    |    |    |  53|    |  52|    |    |  51|  51| ## |    |    |    |  57|    |    |    |    |  57|    |    |    |    |[50]|
 +----+----+----+----+----+----+----+----+----+----+----+----+----+----+----+----+----+----+----+----+----+----+----+----+----+----+----+----+----+----+----+----+----+----+----+----+----+----+----+----+----+----+----+----+----+----+----+----+----+----+----+----+----+----+----+----+----+----+----+----+----+----+----+----+----+----+
 |[51]|    |    |    |    |    |    |    |    |  51|    |  51|    |  51|    |    |    |    |    |    |    |    |    |    |    |    |    |    |    |    |    |    |  53|    |    |    |    |  50|    |    |    |  53|    |    |    |    |  53|    |    |    |    |    | ## |    |    |  57|    |    |    |    |    |    |    |    |    |[51]|
 +----+----+----+----+----+----+----+----+----+----+----+----+----+----+----+----+----+----+----+----+----+----+----+----+----+----+----+----+----+----+----+----+----+----+----+----+----+----+----+----+----+----+----+----+----+----+----+----+----+----+----+----+----+----+----+----+----+----+----+----+----+----+----+----+----+----+
 |[52]|    |    |    |    |    |    |    |    |    |    |    |    |    |    |    |    |    |    |  54|    |  50|    |    |    |  52|    |    |    |    |  52|    |  57|    |    |  51|    |    |    |    |    |    |    |    |    |    |    |    |    |    |    |    |    | ## |    |  53|    |    |    |  51|    |    |    |    |    |[52]|
 +----+----+----+----+----+----+----+----+----+----+----+----+----+----+----+----+----+----+----+----+----+----+----+----+----+----+----+----+----+----+----+----+----+----+----+----+----+----+----+----+----+----+----+----+----+----+----+----+----+----+----+----+----+----+----+----+----+----+----+----+----+----+----+----+----+----+
 |[53]|    |    |    |    |    |    |    |    |    |    |    |    |    |    |    |    |    |    |  51|    |  50|  50|    |    |  51|    |    |    |    |    |    |  54|    |    |    |    |    |    |    |    |    |    |    |    |    |    |    |    |    |    |    |    |    | ## |  53|    |    |    |    |    |    |    |    |    |[53]|
 +----+----+----+----+----+----+----+----+----+----+----+----+----+----+----+----+----+----+----+----+----+----+----+----+----+----+----+----+----+----+----+----+----+----+----+----+----+----+----+----+----+----+----+----+----+----+----+----+----+----+----+----+----+----+----+----+----+----+----+----+----+----+----+----+----+----+
 |[54]|    |    |    |    |    |    |    |    |  53|    |  52|    |  53|    |    |    |    |    |  51|    |  50|  52|    |    |  52|    |  53|    |  51|    |    |  59|    |    |  51|    |    |    |  54|  51|  54|  50|    |    |    |  54|  50|  51|    |    |    |  52|  52|  50| ## |    |    |  50|  50|  55|    |  50|    |    |[54]|
 +----+----+----+----+----+----+----+----+----+----+----+----+----+----+----+----+----+----+----+----+----+----+----+----+----+----+----+----+----+----+----+----+----+----+----+----+----+----+----+----+----+----+----+----+----+----+----+----+----+----+----+----+----+----+----+----+----+----+----+----+----+----+----+----+----+----+
 |[55]|    |  51|    |    |    |  51|  51|    |    |  56|  54|    |  55|    |    |    |    |    |  50|    |    |  53|    |    |  52|    |  51|    |    |  53|  51|  57|    |    |  51|    |  53|    |  54|  53|  55|    |    |  51|    |    |    |    |    |    |    |    |  57|    |  62| ## |    |    |    |  55|  51|    |    |    |[55]|
 +----+----+----+----+----+----+----+----+----+----+----+----+----+----+----+----+----+----+----+----+----+----+----+----+----+----+----+----+----+----+----+----+----+----+----+----+----+----+----+----+----+----+----+----+----+----+----+----+----+----+----+----+----+----+----+----+----+----+----+----+----+----+----+----+----+----+
 |[56]|    |    |    |    |    |    |    |    |    |    |  50|    |    |    |    |    |    |    |  55|    |    |    |    |    |    |    |    |    |    |    |    |  51|    |    |    |    |    |    |    |    |    |    |    |    |    |    |    |    |    |    |    |    |  53|    |    |    | ## |    |    |    |    |    |    |    |[56]|
 +----+----+----+----+----+----+----+----+----+----+----+----+----+----+----+----+----+----+----+----+----+----+----+----+----+----+----+----+----+----+----+----+----+----+----+----+----+----+----+----+----+----+----+----+----+----+----+----+----+----+----+----+----+----+----+----+----+----+----+----+----+----+----+----+----+----+
 |[57]|    |    |    |    |    |    |    |    |  53|    |  53|    |  55|  52|    |    |    |    |  58|    |    |  50|    |    |  55|    |  52|    |    |    |    |  60|    |    |  54|    |  53|  50|    |  56|  55|    |    |    |    |  54|    |  50|    |    |    |    |  52|    |  57|    |    | ## |    |    |    |    |    |    |[57]|
 +----+----+----+----+----+----+----+----+----+----+----+----+----+----+----+----+----+----+----+----+----+----+----+----+----+----+----+----+----+----+----+----+----+----+----+----+----+----+----+----+----+----+----+----+----+----+----+----+----+----+----+----+----+----+----+----+----+----+----+----+----+----+----+----+----+----+
 |[58]|    |    |    |    |    |  52|  53|    |  53|    |    |    |    |    |    |    |    |    |    |    |  53|  52|    |    |    |  52|  55|    |    |    |    |  61|    |    |  50|    |  53|  50|  53|  54|  52|    |    |    |    |  53|  51|  53|    |    |    |    |  57|  50|  56|    |    |    | ## |    |    |    |    |    |[58]|
 +----+----+----+----+----+----+----+----+----+----+----+----+----+----+----+----+----+----+----+----+----+----+----+----+----+----+----+----+----+----+----+----+----+----+----+----+----+----+----+----+----+----+----+----+----+----+----+----+----+----+----+----+----+----+----+----+----+----+----+----+----+----+----+----+----+----+
 |[59]|    |    |    |    |    |    |  51|    |  51|    |  58|    |  52|  51|    |    |  51|    |  51|    |    |  58|    |    |  54|    |  55|    |    |  52|    |  57|    |    |  53|    |    |    |  51|  52|  56|  51|    |  55|  50|  51|    |    |    |    |    |    |  53|  50|  61|    |    |    |    | ## |  50|  52|    |    |[59]|
 +----+----+----+----+----+----+----+----+----+----+----+----+----+----+----+----+----+----+----+----+----+----+----+----+----+----+----+----+----+----+----+----+----+----+----+----+----+----+----+----+----+----+----+----+----+----+----+----+----+----+----+----+----+----+----+----+----+----+----+----+----+----+----+----+----+----+
 |[60]|    |    |    |    |    |  51|    |    |  50|    |  56|    |  50|  53|    |  53|  50|  50|  54|  50|  54|    |    |  50|  53|  52|  56|    |    |  55|    |  57|    |    |    |  50|  51|    |  51|    |    |    |    |  50|  50|  55|  53|    |    |  50|    |  51|  53|    |  57|    |    |    |    |  54| ## |  61|  51|    |[60]|
 +----+----+----+----+----+----+----+----+----+----+----+----+----+----+----+----+----+----+----+----+----+----+----+----+----+----+----+----+----+----+----+----+----+----+----+----+----+----+----+----+----+----+----+----+----+----+----+----+----+----+----+----+----+----+----+----+----+----+----+----+----+----+----+----+----+----+
 |[61]|    |  50|    |    |  50|  53|  54|  51|  52|  51|  54|    |  50|  50|  51|    |  52|    |  54|    |  50|  55|    |    |  58|    |  59|    |    |  56|    |  60|    |    |  53|    |  56|  51|    |  53|  50|    |    |  52|  50|  54|    |  53|    |    |    |  50|  55|  50|  56|    |    |    |  50|  52|  58| ## |  51|    |[61]|
 +----+----+----+----+----+----+----+----+----+----+----+----+----+----+----+----+----+----+----+----+----+----+----+----+----+----+----+----+----+----+----+----+----+----+----+----+----+----+----+----+----+----+----+----+----+----+----+----+----+----+----+----+----+----+----+----+----+----+----+----+----+----+----+----+----+----+
 |[62]|    |    |    |    |  51|    |  50|    |  50|    |  53|    |  55|  51|    |    |    |  50|  51|    |  53|  54|    |    |  52|    |  55|    |    |  50|    |  58|  54|    |  51|  50|  54|  50|    |  51|  54|    |    |    |    |  53|    |  50|    |    |    |    |  56|  50|  51|    |    |    |  53|  53|  51|  55| ## |    |[62]|
 +----+----+----+----+----+----+----+----+----+----+----+----+----+----+----+----+----+----+----+----+----+----+----+----+----+----+----+----+----+----+----+----+----+----+----+----+----+----+----+----+----+----+----+----+----+----+----+----+----+----+----+----+----+----+----+----+----+----+----+----+----+----+----+----+----+----+
 |[63]|    |    |    |    |    |    |    |  51|    |    |  51|    |    |    |    |    |    |    |    |    |    |  50|    |    |    |    |    |    |    |    |    |  52|    |    |    |    |    |    |    |    |    |    |    |    |    |  50|    |    |    |    |    |    |    |    |    |    |    |    |    |    |    |    |    | ## |[63]|
 +----+----+----+----+----+----+----+----+----+----+----+----+----+----+----+----+----+----+----+----+----+----+----+----+----+----+----+----+----+----+----+----+----+----+----+----+----+----+----+----+----+----+----+----+----+----+----+----+----+----+----+----+----+----+----+----+----+----+----+----+----+----+----+----+----+----+
 | ## |[ 0]|[ 1]|[ 2]|[ 3]|[ 4]|[ 5]|[ 6]|[ 7]|[ 8]|[ 9]|[10]|[11]|[12]|[13]|[14]|[15]|[16]|[17]|[18]|[19]|[20]|[21]|[22]|[23]|[24]|[25]|[26]|[27]|[28]|[29]|[30]|[31]|[32]|[33]|[34]|[35]|[36]|[37]|[38]|[39]|[40]|[41]|[42]|[43]|[44]|[45]|[46]|[47]|[48]|[49]|[50]|[51]|[52]|[53]|[54]|[55]|[56]|[57]|[58]|[59]|[60]|[61]|[62]|[63]| ## |
 +----+----+----+----+----+----+----+----+----+----+----+----+----+----+----+----+----+----+----+----+----+----+----+----+----+----+----+----+----+----+----+----+----+----+----+----+----+----+----+----+----+----+----+----+----+----+----+----+----+----+----+----+----+----+----+----+----+----+----+----+----+----+----+----+----+----+
 | ## |[ 0]|[24]|[ 0]|[ 1]|[ 3]|[34]|[21]|[ 9]|[26]|[ 9]|[42]|[ 3]|[39]|[14]|[12]|[ 4]|[10]|[ 9]|[44]|[ 4]|[17]|[38]|[ 0]|[ 6]|[45]|[13]|[42]|[ 0]|[ 3]|[41]|[ 5]|[57]|[ 2]|[ 0]|[34]|[ 3]|[38]|[20]|[28]|[34]|[41]|[ 6]|[ 0]|[25]|[ 5]|[44]|[20]|[22]|[11]|[12]|[ 0]|[17]|[48]|[19]|[55]|[ 0]|[ 0]|[14]|[22]|[36]|[15]|[37]|[ 9]|[ 0]| ## |
 +----+----+----+----+----+----+----+----+----+----+----+----+----+----+----+----+----+----+----+----+----+----+----+----+----+----+----+----+----+----+----+----+----+----+----+----+----+----+----+----+----+----+----+----+----+----+----+----+----+----+----+----+----+----+----+----+----+----+----+----+----+----+----+----+----+----+






