

 [80] ******************************************************

 [17 , 38, 56]  131347.645610 vs 127068.883762 >>  4278.761848  :  95.562500  (1)
[422]    96  [17, 38, 56]

 [70] ******************************************************

 [0 , 31, 50]  109138.657973 vs 105900.045690 >>  3238.612283  :  207.750000  (2)
[466]    118  [31, 50]
[579]    90  [0, 31, 50]

 [60] ******************************************************

 [0 , 31, 47]  95498.035203 vs 92555.305733 >>  2942.729471  :  368.921875  (3)
[465]    129  [31, 47]
[466]    175  [31]
[579]    65  [0, 31, 47]

 [50] ******************************************************

 [31 , 38, 47]  84826.251863 vs 82479.221989 >>  2347.029875  :  463.531250  (3)
[422]    89  [31, 38, 47]
[465]    167  [38, 47]
[466]    208  [31]

 [40] ******************************************************

 [31 , 38, 47]  73554.422273 vs 71685.798885 >>  1868.623388  :  828.187500  (3)
[422]    110  [31, 38, 47]
[465]    256  [38, 47]
[466]    462  [31]

 [30] ******************************************************

 [0 , 31, 47]  62483.579989 vs 61261.026681 >>  1222.553307  :  1094.109375  (3)
[465]    387  [31, 47]
[466]    545  [31]
[579]    162  [0, 31, 47]