

 [80] ******************************************************

 [9 , 25, 55]  121891.745328 vs 117033.853808 >>  4857.891520  :  187.468750  (3)
 [460]    46.937500 (3)
 [947]    65.359375 (2)
 [1011]    75.171875 (3)

 [70] ******************************************************

 [9 , 25, 55]  100181.443032 vs 97098.807081 >>  3082.635951  :  377.906250  (3)
 [460]    114.250000 (3)
 [947]    94.640625 (2)
 [1011]    169.015625 (3)

 [60] ******************************************************

 [9 , 25, 55]  86232.334477 vs 84101.516685 >>  2130.817792  :  433.484375  (3)
 [460]    119.625000 (3)
 [947]    103.593750 (2)
 [1011]    210.265625 (3)

 [50] ******************************************************

 [9 , 51, 55]  75162.802696 vs 73767.222431 >>  1395.580265  :  512.562500  (3)
 [460]    139.078125 (3)
 [1011]    204.781250 (3)
 [1022]    168.703125 (3)

 [40] ******************************************************

 [13 , 24, 55]  64956.747797 vs 63999.940976 >>  956.806821  :  607.375000  (8)
 [536]    1.421875 (1)
 [722]    371.859375 (3)
 [777]    2.125000 (1)
 [794]    5.062500 (1)
 [832]    5.812500 (2)
 [945]    8.796875 (3)
 [953]    19.406250 (3)
 [1011]    196.125000 (2)

 [30] ******************************************************

 [6 , 13, 24]  54436.507764 vs 53878.930938 >>  557.576826  :  919.640625  (18)
 [299]    10.062500 (1)
 [555]    1.218750 (1)
 [568]    6.125000 (1)
 [660]    320.062500 (3)
 [705]    2.468750 (1)
 [722]    451.109375 (3)
 [745]    5.421875 (1)
 [764]    0.750000 (1)
 [767]    0.156250 (1)
 [777]    1.453125 (1)
 [785]    1.781250 (1)
 [800]    3.625000 (1)
 [802]    1.109375 (1)
 [809]    0.671875 (1)
 [838]    2.437500 (1)
 [945]    34.203125 (2)
 [946]    7.796875 (1)
 [953]    69.187500 (2)