

 [80] ******************************************************

 [16 , 54, 59]  131347.645610 vs 127038.211113 >>  4309.434497  :  45.531250  (1)
[790]    46  [16, 54, 59]

 [70] ******************************************************

 [11 , 22, 45]  109138.657973 vs 105956.741466 >>  3181.916508  :  215.812500  (2)
[421]    90  [11, 22, 45]
[818]    126  [11, 22, 45]

 [60] ******************************************************

 [11 , 22, 47]  95498.035203 vs 92718.690743 >>  2779.344460  :  275.671875  (3)
[421]    119  [11, 22, 47]
[791]    52  [11, 22, 47]
[818]    104  [11, 22, 47]

 [50] ******************************************************

 [11 , 47, 62]  84826.251863 vs 82528.938411 >>  2297.313452  :  411.640625  (3)
[421]    212  [11, 47, 62]
[467]    143  [11, 47, 62]
[791]    56  [11, 47]

 [40] ******************************************************

 [13 , 36, 62]  73554.422273 vs 71725.266376 >>  1829.155897  :  717.765625  (3)
[466]    434  [13, 36, 62]
[467]    94  [62]
[468]    189  [13, 36, 62]

 [30] ******************************************************

 [13 , 36, 62]  62483.579989 vs 61307.564048 >>  1176.015941  :  837.156250  (3)
[466]    517  [13, 36, 62]
[467]    88  [62]
[468]    233  [13, 36, 62]