
 now Q is 50

 now outputing  - - - -> end


basis_ent0 = 0.010165
 [6 , 47, 60]  0.010165 + 0.003278 <  0.016262  :  231.156250  (9)
 [17 , 35, 47]  0.010165 + 0.003345 <  0.016262  :  220.875000  (10)
 [17 , 38, 47]  0.010165 + 0.004005 <  0.016262  :  217.390625  (13)
 [9 , 15, 17]  0.010165 + 0.002054 <  0.016262  :  215.984375  (10)
 [6 , 33, 60]  0.010165 + 0.001762 <  0.016262  :  215.140625  (11)
 [6 , 45, 60]  0.010165 + 0.001509 <  0.016262  :  210.953125  (6)
 [17 , 18, 35]  0.010165 + 0.002160 <  0.016262  :  205.875000  (9)
 [12 , 17, 18]  0.010165 + 0.002066 <  0.016262  :  186.437500  (8)
 [17 , 18, 47]  0.010165 + 0.003019 <  0.016262  :  184.734375  (12)
 [6 , 50, 60]  0.010165 + 0.001564 <  0.016262  :  184.437500  (7)

 [3 , 47, 99]  0.010165 + 0.003057 >>  0.010841  :  129.546875  (6)
 [6 , 60, 99]  0.010165 + 0.001612 <  0.010841  :  124.671875  (6)
 [38 , 47, 99]  0.010165 + 0.002088 <  0.010841  :  121.296875  (7)
 [43 , 47, 99]  0.010165 + 0.003079 <  0.010841  :  120.984375  (8)
 [28 , 47, 99]  0.010165 + 0.002022 <  0.010841  :  120.484375  (8)
 [47 , 48, 99]  0.010165 + 0.002253 <  0.010841  :  120.109375  (9)
 [18 , 47, 99]  0.010165 + 0.002138 <  0.010841  :  119.734375  (9)
 [32 , 47, 99]  0.010165 + 0.002248 <  0.010841  :  119.609375  (8)
 [35 , 47, 99]  0.010165 + 0.002142 <  0.010841  :  115.687500  (5)
 [0 , 47, 99]  0.010165 + 0.002301 <  0.010841  :  114.265625  (7)

 [47 , 99, 99]  0.010165 + 0.002181 <  0.005421  :  98.375000  (5)
 [57 , 99, 99]  0.010165 + 0.000353 <  0.005421  :  10.125000  (4)
 [63 , 99, 99]  0.010165 + 0.000364 <  0.005421  :  8.031250  (5)
 [26 , 99, 99]  0.010165 + 0.000254 <  0.005421  :  4.843750  (4)
 [53 , 99, 99]  0.010165 + 0.000097 <  0.005421  :  4.500000  (1)
 [48 , 99, 99]  0.010165 + 0.000259 <  0.005421  :  4.078125  (5)
 [7 , 99, 99]  0.010165 + 0.000155 <  0.005421  :  3.609375  (2)
 [33 , 99, 99]  0.010165 + 0.000323 <  0.005421  :  3.609375  (3)
 [0 , 99, 99]  0.010165 + 0.000347 <  0.005421  :  3.390625  (3)
 [34 , 99, 99]  0.010165 + 0.000154 <  0.005421  :  3.281250  (3)
3, 47, 99