

 [80] ******************************************************

 [40 , 49, 61]  121891.745328 vs 119152.716728 >>  2739.028600  :  57.062500  (117)
[1]    1  [61]
[5]    1  [40, 61]
[10]    1  [40]
[13]    0  [40, 61]
[24]    1  [61]
[28]    0  [40, 61]
[30]    0  [40]
[32]    0  [61]
[41]    0  [40]
[47]    1  [40, 61]
[48]    0  [40, 49]
[55]    0  [40, 49]
[59]    1  [49, 61]
[68]    0  [40]
[74]    1  [40, 49]
[76]    0  [40]
[83]    0  [49]
[84]    0  [61]
[107]    0  [40]
[108]    1  [61]
[111]    1  [49]
[113]    0  [40]
[115]    0  [61]
[116]    1  [40, 61]
[117]    0  [61]
[119]    0  [40, 61]
[122]    2  [61]
[128]    0  [49]
[130]    0  [49]
[132]    0  [61]
[133]    0  [40]
[134]    0  [61]
[135]    0  [40]
[136]    0  [40]
[137]    1  [40]
[146]    0  [40]
[149]    0  [40, 49]
[150]    0  [40, 49]
[151]    0  [40, 49]
[152]    0  [61]
[158]    0  [40]
[166]    0  [40]
[174]    1  [40]
[177]    0  [61]
[179]    0  [49]
[180]    1  [49, 61]
[182]    1  [61]
[186]    0  [61]
[187]    0  [61]
[210]    0  [49]
[219]    0  [40]
[220]    1  [49]
[225]    1  [40, 61]
[228]    0  [40, 49]
[246]    0  [40, 49]
[249]    0  [40]
[250]    0  [49]
[277]    0  [61]
[283]    1  [61]
[284]    1  [40, 61]
[286]    0  [49]
[289]    1  [49]
[292]    0  [49]
[298]    0  [49]
[311]    0  [40]
[314]    0  [61]
[315]    0  [49]
[316]    0  [49]
[317]    0  [40]
[321]    1  [61]
[323]    0  [40, 61]
[324]    0  [49]
[330]    1  [49]
[342]    1  [61]
[353]    0  [61]
[354]    0  [40]
[360]    1  [61]
[373]    0  [40]
[376]    0  [49]
[377]    0  [49]
[378]    0  [61]
[379]    0  [49]
[380]    0  [61]
[384]    0  [49]
[407]    0  [40]
[411]    0  [61]
[412]    0  [49]
[413]    1  [49]
[415]    0  [49]
[436]    0  [61]
[437]    0  [49]
[438]    0  [61]
[442]    0  [49]
[443]    1  [40]
[444]    0  [49]
[451]    1  [40]
[455]    1  [40, 49]
[468]    0  [49]
[470]    0  [49]
[475]    0  [49]
[480]    1  [40]
[481]    0  [49]
[482]    0  [40]
[500]    1  [61]
[502]    1  [40]
[506]    0  [49]
[509]    0  [61]
[510]    0  [40]
[515]    1  [61]
[533]    1  [40]
[542]    0  [49]
[545]    0  [40]
[556]    0  [49]
[573]    1  [40]
[574]    0  [40]
[579]    1  [49, 61]
[584]    0  [49]
[586]    0  [40]
[587]    1  [49]
[615]    0  [40]
[617]    0  [49]
[645]    0  [61]
[680]    0  [40]
[709]    1  [61]
[740]    0  [40]
[775]    0  [61]
[776]    0  [49]
[807]    1  [49]
[808]    1  [49]
[5]    0  [14, 40]
[10]    1  [40]
[30]    0  [40]
[32]    0  [14]
[33]    0  [14]
[41]    0  [14]
[47]    1  [40]
[48]    0  [14, 40]
[55]    0  [40, 49]
[59]    1  [49]
[68]    0  [40]
[69]    1  [14]
[74]    1  [40, 49]
[75]    0  [14]
[76]    0  [40]
[83]    0  [49]
[88]    0  [14]
[107]    0  [14]
[111]    1  [49]
[113]    0  [40]
[116]    0  [40]
[117]    0  [14, 49]
[119]    0  [14, 49]
[120]    0  [14]
[121]    0  [14]
[122]    1  [40, 49]
[128]    0  [14]
[130]    0  [49]
[132]    0  [14]
[133]    0  [40]
[134]    0  [14, 40]
[135]    0  [14]
[136]    0  [40]
[137]    1  [40]
[146]    0  [40]
[149]    0  [40, 49]
[150]    0  [40, 49]
[151]    0  [40, 49]
[152]    0  [40]
[158]    0  [40]
[166]    0  [40]
[174]    1  [40]
[177]    0  [14]
[179]    0  [14, 40]
[182]    0  [14]
[185]    0  [14, 40]
[210]    0  [49]
[219]    0  [40]
[220]    2  [14]
[225]    1  [14, 49]
[227]    0  [14]
[228]    0  [40, 49]
[245]    0  [14]
[246]    0  [40, 49]
[248]    0  [14, 49]
[249]    0  [14]
[250]    0  [49]
[277]    1  [14]
[282]    0  [14, 40]
[283]    1  [14]
[286]    0  [49]
[289]    1  [49]
[292]    0  [49]
[297]    0  [14]
[298]    0  [49]
[311]    0  [40]
[315]    0  [49]
[316]    0  [49]
[317]    1  [14]
[321]    1  [14]
[323]    0  [40]
[324]    0  [49]
[330]    1  [49]
[342]    0  [49]
[344]    1  [14, 40]
[353]    0  [40]
[354]    0  [40]
[360]    1  [14, 40]
[373]    0  [40]
[376]    0  [49]
[377]    0  [49]
[379]    0  [49]
[384]    0  [14]
[407]    0  [40]
[411]    0  [14]
[412]    0  [49]
[413]    1  [49]
[415]    1  [14]
[416]    0  [14]
[436]    0  [14]
[437]    0  [14]
[438]    0  [14]
[442]    0  [49]
[443]    1  [40]
[444]    0  [14]
[445]    0  [14]
[451]    1  [40]
[455]    1  [40, 49]
[468]    0  [14]
[470]    0  [49]
[475]    0  [49]
[480]    1  [40]
[481]    0  [49]
[482]    0  [40]
[500]    0  [14]
[502]    1  [40]
[506]    1  [14]
[510]    0  [40]
[515]    0  [14]
[533]    1  [40]
[542]    0  [49]
[545]    0  [40]
[556]    0  [49]
[573]    1  [40]
[574]    0  [40]
[579]    1  [14, 49]
[584]    1  [14]
[586]    0  [40]
[587]    1  [14]
[615]    0  [40]
[617]    1  [14, 49]
[646]    0  [14]
[680]    0  [40]
[709]    1  [40]
[740]    0  [14]
[775]    0  [14]
[776]    0  [14]
[807]    1  [49]
[808]    1  [49]
[1]    1  [61]
[5]    1  [40, 61]
[10]    1  [40]
[13]    0  [40, 61]
[24]    1  [61]
[28]    0  [40, 61]
[30]    0  [40]
[32]    0  [55]
[41]    0  [40]
[45]    0  [55]
[46]    0  [55]
[47]    1  [40, 61]
[67]    0  [40, 55]
[68]    0  [40]
[74]    1  [40, 61]
[75]    0  [55]
[76]    0  [40]
[84]    0  [61]
[90]    0  [55]
[105]    0  [55]
[107]    0  [40]
[108]    1  [61]
[111]    1  [40]
[113]    0  [40]
[115]    0  [61]
[116]    1  [40, 61]
[117]    0  [61]
[119]    0  [40, 61]
[122]    2  [61]
[123]    0  [55]
[132]    0  [61]
[133]    0  [40]
[134]    0  [61]
[135]    1  [55]
[136]    0  [40]
[137]    1  [40]
[146]    0  [40]
[149]    0  [40, 61]
[151]    1  [55]
[152]    0  [55]
[158]    0  [40]
[166]    0  [40]
[174]    1  [40]
[177]    0  [61]
[180]    0  [61]
[182]    1  [61]
[186]    0  [61]
[187]    1  [55]
[219]    1  [55]
[220]    1  [40]
[225]    1  [40, 61]
[228]    0  [40, 55]
[246]    0  [40, 55]
[247]    0  [40, 55]
[248]    0  [55, 61]
[249]    1  [55]
[261]    0  [55]
[277]    0  [61]
[283]    1  [61]
[284]    1  [40, 61]
[287]    0  [55]
[289]    1  [61]
[298]    0  [61]
[311]    0  [40]
[314]    0  [61]
[316]    0  [55]
[317]    0  [40]
[321]    1  [61]
[323]    1  [55]
[330]    1  [55]
[342]    1  [61]
[349]    0  [55]
[353]    0  [61]
[354]    0  [40]
[360]    1  [61]
[373]    0  [40]
[374]    0  [55]
[377]    0  [55]
[378]    0  [61]
[380]    0  [61]
[406]    0  [40, 55]
[407]    0  [40]
[411]    0  [61]
[412]    0  [40]
[413]    1  [55]
[415]    0  [55]
[436]    0  [61]
[437]    0  [55]
[438]    1  [55]
[443]    1  [40]
[451]    1  [40]
[455]    1  [40, 61]
[468]    0  [61]
[470]    0  [55]
[480]    1  [40]
[482]    0  [40]
[500]    1  [61]
[502]    1  [40]
[506]    0  [55]
[509]    0  [61]
[510]    0  [40]
[515]    1  [61]
[533]    1  [40]
[542]    0  [61]
[545]    0  [40]
[573]    1  [40]
[574]    0  [40]
[579]    1  [40, 55]
[584]    0  [40]
[586]    0  [40]
[587]    1  [55]
[615]    0  [40]
[620]    0  [55, 61]
[645]    0  [61]
[680]    0  [55]
[709]    1  [61]
[740]    0  [40]
[775]    0  [61]
[776]    0  [61]
[807]    1  [55]
[1]    1  [61]
[5]    1  [40, 61]
[10]    1  [40]
[13]    0  [40, 61]
[24]    1  [61]
[28]    0  [40, 61]
[30]    0  [40]
[32]    0  [44]
[41]    0  [40]
[45]    0  [44]
[47]    1  [40, 61]
[48]    0  [40, 44]
[68]    1  [44]
[70]    0  [40, 44]
[74]    1  [40, 61]
[76]    0  [40]
[84]    0  [61]
[88]    0  [44]
[104]    0  [40, 44]
[106]    0  [44]
[107]    0  [44]
[108]    1  [44, 61]
[111]    1  [40]
[113]    0  [40]
[115]    0  [61]
[116]    1  [40, 61]
[117]    1  [44, 61]
[119]    0  [40, 61]
[122]    2  [61]
[124]    0  [40, 44]
[127]    0  [44]
[128]    0  [44]
[132]    0  [61]
[133]    0  [40]
[134]    0  [61]
[135]    0  [44]
[136]    0  [40]
[137]    1  [40]
[146]    0  [40]
[149]    0  [40, 61]
[152]    0  [61]
[153]    0  [44]
[158]    0  [40]
[166]    0  [40]
[174]    1  [40]
[177]    0  [61]
[180]    0  [61]
[182]    1  [61]
[186]    0  [61]
[187]    0  [61]
[219]    0  [40]
[220]    2  [44]
[225]    1  [40, 61]
[232]    0  [44, 61]
[249]    0  [40]
[252]    0  [44]
[253]    0  [44]
[277]    1  [44]
[278]    1  [40, 44]
[283]    1  [44]
[284]    1  [40, 61]
[286]    0  [44]
[289]    1  [61]
[298]    0  [61]
[311]    0  [40]
[314]    0  [61]
[316]    0  [61]
[317]    1  [44]
[321]    1  [61]
[323]    1  [44, 61]
[342]    1  [61]
[344]    0  [40, 44]
[352]    0  [40, 44]
[353]    0  [61]
[354]    0  [40]
[360]    1  [61]
[373]    1  [44]
[376]    0  [44]
[377]    0  [44]
[378]    0  [61]
[380]    0  [61]
[407]    0  [40]
[411]    0  [61]
[412]    0  [44]
[413]    0  [44]
[427]    0  [44]
[436]    0  [61]
[437]    0  [61]
[438]    0  [61]
[443]    1  [44]
[451]    1  [40]
[455]    1  [40, 61]
[468]    0  [44]
[475]    0  [44]
[477]    0  [44]
[480]    1  [44]
[482]    0  [40]
[500]    1  [61]
[502]    1  [40]
[506]    0  [44]
[509]    0  [61]
[510]    0  [40]
[515]    1  [61]
[532]    0  [40, 44, 61]
[533]    1  [40]
[542]    0  [44]
[545]    0  [40]
[556]    0  [44]
[573]    1  [40]
[574]    1  [44]
[579]    1  [44, 61]
[583]    0  [40, 44]
[584]    0  [44]
[586]    0  [40]
[587]    1  [44]
[615]    0  [40]
[645]    0  [61]
[680]    0  [40]
[709]    1  [61]
[740]    0  [44]
[775]    0  [61]
[776]    0  [44]
[807]    1  [44]
[1]    1  [61]
[5]    1  [40, 61]
[10]    1  [40]
[13]    0  [40, 61]
[24]    1  [61]
[28]    0  [40, 61]
[30]    0  [40]
[32]    0  [61]
[33]    0  [48]
[41]    0  [40]
[47]    1  [40, 61]
[48]    0  [40, 48]
[65]    1  [48]
[68]    0  [40]
[74]    1  [40, 61]
[76]    0  [40]
[84]    0  [61]
[85]    0  [40, 48]
[88]    0  [48]
[107]    0  [40]
[108]    1  [48, 61]
[111]    1  [40]
[113]    1  [48]
[115]    0  [61]
[116]    1  [40, 61]
[117]    0  [61]
[119]    0  [40, 61]
[120]    0  [48]
[122]    2  [61]
[123]    0  [48]
[132]    0  [61]
[133]    0  [40]
[134]    0  [61]
[135]    0  [40]
[136]    1  [40, 48]
[137]    1  [40]
[146]    0  [40]
[149]    0  [40, 48]
[151]    0  [48]
[152]    0  [48]
[158]    0  [40]
[166]    0  [40]
[174]    1  [40]
[177]    0  [48]
[180]    1  [48, 61]
[182]    1  [61]
[186]    0  [61]
[187]    0  [61]
[210]    0  [48]
[219]    1  [48]
[220]    1  [40]
[225]    1  [40, 61]
[247]    0  [40, 48]
[248]    0  [48, 61]
[249]    0  [40]
[253]    1  [48]
[260]    0  [48]
[277]    0  [61]
[283]    1  [61]
[284]    1  [40, 61]
[286]    0  [48]
[289]    1  [61]
[297]    0  [48]
[298]    0  [61]
[311]    0  [40]
[314]    0  [61]
[316]    0  [48]
[317]    0  [40]
[321]    1  [61]
[323]    0  [48, 61]
[330]    1  [48]
[342]    1  [48]
[344]    2  [48]
[353]    0  [61]
[354]    0  [40]
[360]    1  [48, 61]
[373]    0  [40]
[377]    0  [61]
[378]    0  [61]
[380]    0  [61]
[384]    0  [48]
[395]    0  [48, 61]
[407]    0  [40]
[411]    0  [61]
[412]    0  [48]
[413]    1  [48]
[436]    0  [48]
[437]    1  [48]
[438]    0  [61]
[442]    1  [48]
[443]    1  [40]
[451]    1  [40]
[455]    1  [40, 61]
[468]    0  [61]
[475]    0  [48]
[477]    0  [48]
[480]    1  [40]
[482]    0  [40]
[500]    1  [61]
[502]    1  [40]
[506]    0  [48]
[509]    0  [61]
[510]    0  [40]
[515]    1  [48]
[533]    1  [40]
[542]    0  [61]
[545]    0  [40]
[556]    0  [48]
[573]    1  [40]
[574]    0  [40]
[579]    1  [61]
[584]    0  [48]
[586]    0  [40]
[587]    1  [48]
[615]    0  [40]
[617]    1  [48, 61]
[645]    0  [61]
[680]    0  [40]
[708]    0  [40, 48, 61]
[709]    1  [61]
[740]    0  [40]
[775]    0  [48]
[776]    0  [48]
[807]    1  [48]

 [70] ******************************************************

 [36 , 54, 61]  100181.443032 vs 98905.838199 >>  1275.604833  :  116.484375  (103)
[17]    1  [54]
[18]    1  [61]
[30]    1  [54]
[34]    1  [61]
[36]    1  [54]
[37]    2  [36]
[48]    0  [54]
[54]    1  [61]
[56]    0  [54]
[60]    1  [36]
[65]    1  [36]
[68]    0  [54]
[69]    1  [61]
[70]    1  [54]
[80]    1  [54]
[82]    1  [36]
[84]    0  [61]
[86]    1  [36, 54]
[90]    2  [36]
[97]    2  [61]
[98]    1  [36]
[102]    0  [36]
[106]    0  [61]
[108]    2  [61]
[109]    1  [36]
[114]    2  [54]
[115]    0  [61]
[117]    2  [61]
[119]    1  [36, 61]
[120]    1  [36]
[122]    2  [61]
[124]    2  [36]
[129]    0  [61]
[135]    1  [36]
[137]    1  [36]
[138]    0  [36]
[139]    2  [54]
[144]    2  [54, 61]
[148]    0  [61]
[151]    1  [36]
[154]    1  [54]
[157]    0  [36]
[162]    1  [36, 54]
[167]    1  [36]
[170]    2  [54]
[177]    1  [61]
[178]    2  [54]
[180]    1  [61]
[182]    3  [61]
[185]    1  [36]
[187]    1  [61]
[189]    0  [54]
[194]    1  [54]
[213]    2  [54]
[214]    0  [54, 61]
[217]    2  [36]
[228]    0  [61]
[229]    1  [36]
[230]    0  [54]
[233]    0  [61]
[249]    0  [36]
[252]    0  [36]
[255]    1  [36, 54]
[256]    0  [61]
[257]    1  [36]
[282]    1  [54]
[284]    2  [61]
[286]    2  [36]
[296]    1  [36, 54, 61]
[314]    2  [61]
[320]    0  [61]
[324]    1  [36]
[327]    8  [36, 54, 61]
[328]    0  [36]
[340]    1  [54]
[341]    0  [54]
[345]    1  [36]
[348]    1  [54]
[352]    0  [61]
[355]    0  [61]
[358]    0  [61]
[360]    2  [61]
[372]    1  [54]
[378]    0  [61]
[380]    1  [61]
[391]    1  [61]
[405]    1  [36]
[408]    1  [61]
[423]    1  [54, 61]
[426]    2  [36]
[446]    3  [36]
[447]    1  [61]
[468]    1  [54]
[479]    1  [61]
[500]    1  [61]
[508]    1  [61]
[509]    2  [61]
[525]    2  [36]
[532]    1  [61]
[553]    2  [54]
[581]    8  [36, 54, 61]
[606]    1  [61]
[620]    0  [36, 61]
[678]    1  [54]
[808]    2  [36]
[839]    0  [61]
[3]    2  [49]
[8]    0  [6]
[17]    1  [36]
[20]    0  [49]
[22]    0  [6]
[28]    1  [6]
[30]    0  [49]
[36]    0  [6]
[37]    2  [36]
[44]    0  [6]
[48]    0  [6]
[55]    0  [6]
[56]    0  [6]
[59]    3  [49]
[60]    1  [36]
[65]    1  [6]
[68]    0  [49]
[69]    1  [49]
[70]    1  [6]
[80]    1  [36]
[82]    1  [36]
[86]    1  [6]
[90]    2  [49]
[95]    1  [49]
[97]    2  [6]
[98]    1  [36]
[102]    1  [6, 49]
[106]    1  [49]
[108]    1  [6]
[109]    1  [36]
[114]    3  [6]
[115]    1  [6]
[117]    1  [49]
[119]    1  [6, 49]
[120]    1  [36]
[122]    2  [49]
[124]    2  [36]
[125]    0  [6]
[128]    0  [49]
[129]    1  [6]
[135]    2  [6]
[137]    1  [36]
[138]    0  [36]
[139]    1  [6]
[148]    1  [49]
[151]    1  [36]
[154]    2  [49]
[157]    0  [36]
[159]    0  [6, 49]
[167]    1  [36]
[170]    2  [49]
[177]    1  [6]
[178]    2  [36]
[180]    0  [49]
[182]    2  [6]
[185]    1  [49]
[187]    0  [36]
[194]    1  [6]
[213]    1  [36]
[214]    0  [6, 36]
[217]    2  [36]
[221]    0  [49]
[228]    0  [49]
[229]    1  [49]
[230]    0  [49]
[248]    0  [49]
[249]    0  [36]
[252]    0  [36]
[255]    0  [6]
[257]    2  [6]
[263]    1  [6]
[282]    1  [6]
[284]    1  [36]
[285]    1  [6, 49]
[286]    2  [36]
[291]    1  [49]
[296]    3  [6, 36, 49]
[297]    0  [49]
[314]    2  [6]
[324]    3  [49]
[327]    1  [6, 36, 49]
[328]    0  [36]
[340]    1  [49]
[341]    0  [6]
[345]    1  [6]
[348]    1  [6]
[354]    0  [49]
[355]    0  [6]
[358]    1  [49]
[360]    0  [36]
[372]    1  [49]
[380]    0  [6]
[387]    0  [6]
[391]    1  [49]
[405]    2  [6]
[408]    1  [36]
[426]    2  [49]
[446]    3  [36]
[447]    1  [6]
[455]    0  [6]
[468]    1  [6]
[479]    0  [6]
[500]    0  [6]
[508]    2  [6]
[509]    0  [36]
[516]    2  [49]
[525]    2  [36]
[553]    1  [49]
[581]    9  [6, 36, 49]
[678]    2  [6]
[808]    3  [49]
[3]    2  [49]
[17]    1  [36]
[18]    1  [61]
[20]    0  [49]
[30]    0  [49]
[34]    1  [61]
[36]    0  [61]
[37]    2  [36]
[54]    1  [61]
[56]    0  [49]
[59]    3  [49, 61]
[60]    1  [36]
[65]    1  [49]
[68]    0  [49]
[69]    1  [61]
[70]    0  [49]
[80]    1  [36]
[82]    1  [36]
[84]    0  [61]
[86]    1  [49]
[90]    2  [49]
[95]    1  [49]
[97]    2  [61]
[98]    1  [36]
[102]    1  [49, 61]
[106]    1  [49]
[108]    2  [61]
[109]    1  [36]
[114]    2  [49]
[115]    0  [61]
[117]    2  [61]
[119]    1  [36, 61]
[120]    1  [36]
[122]    2  [61]
[124]    2  [36]
[128]    0  [49]
[129]    0  [49]
[135]    1  [36]
[137]    1  [36]
[138]    0  [36]
[139]    1  [61]
[144]    1  [36, 61]
[148]    1  [49]
[151]    1  [36]
[154]    2  [49]
[157]    0  [36]
[167]    1  [36]
[170]    2  [49]
[177]    1  [61]
[178]    2  [36]
[180]    1  [61]
[182]    3  [61]
[185]    1  [49]
[187]    1  [61]
[194]    1  [49]
[213]    1  [36]
[217]    2  [36]
[221]    0  [49]
[228]    0  [61]
[229]    1  [49]
[230]    0  [49]
[233]    0  [61]
[248]    0  [49]
[249]    0  [36]
[252]    0  [36]
[256]    0  [61]
[257]    1  [36]
[282]    0  [49]
[284]    2  [61]
[285]    0  [49]
[286]    2  [36]
[291]    1  [49]
[296]    1  [36, 49, 61]
[297]    0  [49]
[314]    2  [61]
[320]    0  [61]
[324]    3  [49]
[328]    0  [36]
[340]    1  [49]
[345]    1  [36]
[348]    0  [36]
[352]    0  [61]
[354]    0  [49]
[355]    0  [61]
[358]    1  [49]
[360]    2  [61]
[372]    1  [49]
[378]    0  [61]
[380]    1  [61]
[391]    1  [61]
[405]    1  [36]
[408]    1  [61]
[426]    2  [49]
[446]    3  [36]
[447]    1  [61]
[468]    1  [49]
[479]    1  [61]
[500]    1  [61]
[508]    1  [61]
[509]    2  [61]
[516]    2  [49]
[525]    2  [36]
[532]    1  [61]
[553]    1  [49]
[581]    7  [36, 49]
[606]    1  [61]
[620]    0  [36, 61]
[678]    1  [49]
[808]    3  [49]
[839]    0  [61]
[3]    1  [2]
[12]    0  [2, 33]
[17]    0  [2]
[18]    2  [33, 61]
[29]    0  [2]
[30]    0  [33]
[34]    1  [33]
[36]    0  [61]
[37]    1  [2]
[48]    0  [33]
[54]    1  [61]
[55]    1  [33]
[56]    0  [2]
[59]    0  [2, 33]
[60]    0  [33]
[65]    1  [33]
[68]    0  [33]
[69]    1  [61]
[70]    2  [33]
[71]    1  [33]
[73]    0  [33, 61]
[80]    1  [2]
[82]    1  [33]
[84]    0  [61]
[86]    2  [2, 33]
[90]    1  [33]
[93]    1  [33]
[97]    3  [2]
[98]    2  [2]
[102]    3  [2, 33]
[106]    0  [61]
[108]    2  [61]
[109]    1  [2, 33]
[114]    3  [2]
[115]    1  [2]
[117]    2  [61]
[119]    2  [33, 61]
[120]    1  [33]
[122]    2  [61]
[124]    2  [2]
[129]    0  [61]
[135]    1  [33]
[137]    1  [33]
[138]    0  [61]
[139]    2  [33]
[144]    2  [33, 61]
[148]    1  [2]
[151]    1  [2]
[154]    1  [33]
[157]    0  [2]
[162]    1  [2, 33]
[167]    1  [2]
[170]    1  [33]
[177]    1  [2]
[178]    2  [33]
[180]    1  [61]
[182]    3  [61]
[185]    1  [2]
[187]    1  [61]
[194]    0  [2]
[217]    1  [61]
[221]    1  [33]
[226]    2  [2, 33, 61]
[227]    1  [33]
[228]    0  [61]
[229]    1  [33]
[230]    1  [2]
[233]    0  [61]
[249]    0  [2]
[252]    1  [2]
[255]    2  [2]
[256]    0  [33]
[257]    1  [2]
[263]    1  [2]
[282]    0  [2]
[284]    2  [61]
[286]    2  [2]
[291]    1  [2]
[314]    2  [61]
[320]    0  [61]
[324]    1  [33]
[328]    0  [33]
[340]    1  [33]
[341]    0  [33]
[345]    1  [2]
[348]    1  [2]
[350]    0  [33]
[352]    0  [61]
[354]    0  [33]
[355]    1  [2]
[358]    0  [2]
[360]    2  [61]
[372]    2  [33]
[378]    0  [61]
[380]    1  [61]
[390]    2  [33]
[391]    1  [2]
[405]    1  [33]
[406]    0  [2]
[408]    1  [61]
[423]    0  [33, 61]
[426]    2  [33]
[446]    1  [61]
[447]    1  [61]
[468]    1  [61]
[479]    1  [61]
[500]    1  [61]
[508]    1  [61]
[509]    2  [61]
[516]    0  [33]
[525]    1  [61]
[532]    1  [61]
[541]    0  [2]
[553]    1  [33]
[606]    1  [61]
[620]    0  [33, 61]
[678]    2  [2]
[708]    1  [2]
[808]    1  [61]
[839]    0  [61]
[3]    2  [49]
[5]    0  [40]
[7]    0  [40]
[12]    0  [40, 49]
[17]    0  [49]
[18]    2  [40, 61]
[20]    0  [49]
[30]    2  [40]
[34]    2  [40, 61]
[36]    1  [40]
[37]    1  [40]
[52]    0  [40]
[54]    1  [61]
[55]    1  [40]
[56]    0  [40]
[59]    3  [49, 61]
[60]    0  [61]
[65]    1  [49]
[68]    1  [40]
[69]    1  [61]
[70]    1  [40]
[71]    1  [40]
[72]    0  [40]
[74]    0  [40, 49]
[82]    0  [49]
[84]    0  [61]
[86]    1  [49]
[90]    2  [49]
[95]    1  [40]
[97]    2  [61]
[98]    0  [49]
[102]    1  [40, 49]
[106]    1  [49]
[108]    2  [61]
[109]    0  [61]
[114]    2  [49]
[115]    0  [61]
[117]    2  [61]
[119]    2  [40, 61]
[120]    0  [49]
[122]    2  [61]
[124]    2  [40]
[128]    0  [49]
[129]    0  [49]
[135]    1  [40]
[137]    2  [40]
[138]    1  [40]
[139]    1  [40]
[144]    2  [40, 61]
[148]    1  [49]
[151]    0  [40]
[154]    2  [49]
[157]    0  [61]
[160]    0  [40, 49, 61]
[162]    0  [40]
[167]    1  [40]
[170]    2  [49]
[177]    1  [61]
[178]    2  [49]
[180]    1  [61]
[182]    3  [61]
[185]    1  [49]
[187]    1  [61]
[194]    1  [49]
[213]    1  [40]
[217]    1  [40]
[221]    0  [49]
[228]    0  [40]
[229]    1  [49]
[230]    0  [49]
[233]    0  [61]
[248]    0  [49]
[255]    0  [40, 49]
[256]    0  [61]
[257]    1  [40]
[282]    0  [49]
[284]    2  [61]
[285]    1  [40, 49]
[286]    2  [49]
[291]    1  [49]
[297]    0  [49]
[314]    2  [61]
[320]    0  [61]
[324]    3  [49]
[328]    1  [40]
[340]    1  [49]
[341]    0  [40]
[345]    1  [49]
[348]    1  [40]
[352]    0  [61]
[354]    0  [40]
[355]    0  [61]
[358]    1  [49]
[360]    2  [61]
[372]    1  [40]
[378]    0  [61]
[380]    1  [61]
[391]    1  [61]
[405]    1  [40]
[406]    1  [40]
[408]    2  [40]
[423]    0  [40, 61]
[426]    2  [49]
[446]    1  [49]
[447]    1  [61]
[468]    1  [49]
[479]    1  [61]
[500]    1  [61]
[508]    1  [61]
[509]    2  [61]
[516]    2  [49]
[525]    1  [40]
[532]    1  [61]
[553]    1  [49]
[606]    1  [40]
[678]    2  [40]
[808]    3  [49]
[839]    0  [61]

 [60] ******************************************************

 [8 , 15, 17]  86232.334477 vs 84886.301665 >>  1346.032811  :  193.281250  (47)
[3]    2  [15]
[8]    3  [8]
[15]    2  [17]
[22]    1  [15]
[39]    0  [17]
[52]    0  [15]
[53]    0  [15]
[78]    2  [15]
[93]    0  [8]
[101]    0  [15]
[154]    1  [17]
[157]    2  [8]
[180]    3  [8]
[184]    2  [8]
[193]    1  [15]
[194]    2  [15]
[200]    0  [15]
[201]    2  [8]
[214]    2  [15]
[216]    0  [17]
[248]    1  [8]
[251]    2  [8]
[293]    0  [15]
[328]    2  [15]
[334]    2  [17]
[341]    1  [17]
[355]    1  [8]
[387]    0  [8]
[404]    1  [17]
[408]    2  [17]
[422]    0  [17]
[423]    1  [8]
[457]    1  [8]
[462]    2  [17]
[463]    2  [8, 15, 17]
[479]    2  [8]
[509]    2  [15]
[558]    1  [17]
[582]    2  [15]
[607]    3  [15]
[649]    1  [17]
[681]    2  [8]
[713]    3  [17]
[745]    2  [17]
[755]    80  [8, 15, 17]
[788]    56  [8, 15, 17]
[841]    1  [15, 17]
[3]    2  [15]
[8]    4  [6]
[15]    1  [6]
[16]    0  [6]
[22]    3  [6]
[26]    0  [6]
[28]    1  [6]
[35]    1  [6]
[39]    1  [6]
[52]    0  [15]
[53]    0  [6]
[78]    2  [6]
[93]    0  [8]
[95]    0  [6]
[97]    0  [6]
[101]    0  [15]
[154]    1  [6]
[157]    2  [8]
[180]    3  [8]
[184]    3  [6]
[193]    1  [15]
[194]    2  [6]
[200]    1  [6]
[201]    2  [8]
[214]    3  [6]
[248]    1  [8]
[251]    2  [8]
[263]    2  [6]
[293]    1  [6]
[294]    0  [6]
[296]    1  [6]
[328]    2  [6]
[334]    2  [6]
[341]    1  [6]
[355]    1  [6]
[387]    1  [6]
[404]    2  [6]
[408]    2  [8]
[422]    0  [6]
[423]    1  [8]
[424]    0  [6]
[457]    1  [8]
[462]    1  [6]
[479]    2  [8]
[508]    0  [6]
[509]    2  [15]
[582]    2  [15]
[607]    3  [15]
[649]    0  [15]
[681]    2  [8]
[713]    1  [8]
[755]    94  [6, 8, 15]
[841]    0  [6, 15]
[3]    2  [15]
[8]    3  [8]
[15]    2  [61]
[16]    0  [61]
[18]    0  [61]
[22]    1  [15]
[35]    0  [61]
[39]    0  [8]
[52]    0  [15]
[53]    0  [15]
[64]    1  [61]
[78]    2  [15]
[93]    0  [8]
[97]    1  [61]
[101]    0  [15]
[144]    2  [61]
[154]    1  [8]
[157]    2  [8]
[180]    3  [61]
[182]    0  [61]
[184]    2  [61]
[193]    1  [61]
[194]    2  [15]
[200]    1  [61]
[201]    2  [8]
[214]    3  [61]
[248]    1  [8]
[251]    3  [61]
[259]    0  [61]
[263]    1  [61]
[293]    0  [15]
[328]    2  [61]
[334]    2  [61]
[355]    1  [61]
[360]    1  [61]
[387]    0  [8]
[391]    0  [61]
[404]    1  [61]
[408]    3  [61]
[422]    1  [61]
[423]    1  [8]
[447]    0  [61]
[457]    1  [8]
[462]    1  [8]
[479]    3  [61]
[509]    3  [61]
[582]    2  [15]
[607]    4  [61]
[649]    0  [15]
[681]    2  [8]
[713]    1  [8]
[755]    89  [8, 15, 61]
[3]    2  [14]
[8]    3  [8]
[15]    2  [14]
[22]    1  [15]
[28]    0  [14]
[39]    1  [14]
[52]    0  [15]
[53]    0  [14]
[67]    0  [14]
[78]    2  [15]
[93]    0  [8]
[101]    0  [15]
[144]    0  [14]
[154]    1  [8]
[157]    2  [14]
[180]    3  [8]
[184]    3  [14]
[193]    1  [14]
[194]    2  [15]
[200]    1  [14]
[201]    2  [8]
[214]    2  [15]
[225]    0  [14]
[246]    0  [14]
[248]    2  [14]
[251]    2  [8]
[293]    0  [15]
[328]    2  [14]
[334]    2  [14]
[355]    1  [14]
[360]    0  [14]
[387]    0  [14]
[404]    0  [8]
[408]    2  [8]
[423]    1  [8]
[457]    1  [8]
[462]    1  [8]
[479]    2  [8]
[509]    3  [14]
[551]    1  [14]
[582]    2  [14]
[607]    3  [14]
[649]    0  [15]
[681]    2  [8]
[713]    1  [8]
[755]    87  [8, 14, 15]
[3]    2  [15]
[8]    3  [8]
[15]    3  [27]
[22]    1  [15]
[39]    0  [8]
[52]    0  [15]
[53]    0  [15]
[78]    2  [15]
[93]    0  [8]
[97]    1  [27]
[101]    2  [27]
[154]    2  [27]
[157]    2  [8]
[180]    3  [8]
[184]    2  [8]
[193]    1  [15]
[194]    2  [15]
[200]    1  [27]
[201]    2  [27]
[214]    2  [27]
[246]    0  [27]
[248]    1  [8]
[251]    2  [8]
[293]    0  [15]
[328]    2  [27]
[334]    1  [15]
[341]    0  [27]
[355]    1  [8]
[387]    0  [8]
[391]    1  [27]
[404]    0  [8]
[408]    3  [27]
[423]    1  [8]
[457]    1  [8]
[462]    2  [27]
[479]    2  [8]
[509]    2  [15]
[551]    2  [27]
[554]    1  [8, 27]
[582]    2  [15]
[607]    3  [15]
[649]    1  [27]
[676]    0  [8, 27]
[681]    2  [8]
[713]    1  [8]
[755]    74  [8, 15, 27]

 [50] ******************************************************

 [4 , 8, 15]  75162.802696 vs 73936.072533 >>  1226.730163  :  225.343750  (19)
[8]    3  [8]
[35]    2  [8]
[51]    0  [4]
[72]    1  [8]
[112]    2  [8]
[144]    1  [4]
[259]    0  [4]
[263]    2  [4]
[296]    0  [4]
[340]    3  [15]
[355]    1  [8]
[419]    3  [8]
[423]    4  [8]
[463]    2  [4, 8]
[499]    2  [15]
[521]    2  [15]
[722]    58  [4, 8, 15]
[755]    76  [4, 8, 15]
[821]    66  [4, 8, 15]
[8]    3  [8]
[35]    2  [8]
[72]    1  [8]
[112]    2  [8]
[144]    1  [8]
[259]    0  [15]
[263]    3  [17]
[340]    3  [15]
[355]    1  [8]
[419]    3  [8]
[423]    4  [8]
[463]    4  [8, 15, 17]
[499]    2  [15]
[521]    2  [15]
[604]    2  [17]
[713]    0  [17]
[745]    1  [17]
[755]    71  [8, 15, 17]
[788]    72  [8, 15, 17]
[809]    1  [8, 17]
[8]    2  [50]
[35]    2  [56]
[51]    1  [19]
[72]    1  [56]
[112]    1  [19]
[144]    1  [56]
[259]    1  [50]
[263]    3  [19]
[296]    2  [19, 50]
[340]    5  [50]
[389]    0  [19]
[419]    2  [50]
[423]    2  [50]
[499]    3  [56]
[521]    2  [19]
[723]    10  [19, 50, 56]
[756]    111  [19, 50, 56]
[838]    1  [19, 56]
[8]    3  [8]
[35]    2  [61]
[51]    0  [61]
[54]    0  [61]
[72]    1  [8]
[112]    3  [61]
[144]    3  [61]
[182]    1  [61]
[259]    3  [61]
[263]    4  [61]
[296]    2  [61]
[340]    3  [15]
[355]    1  [61]
[419]    4  [61]
[423]    4  [8]
[463]    2  [8, 15, 61]
[499]    2  [15]
[521]    2  [15]
[571]    1  [8, 15, 61]
[620]    1  [8, 61]
[628]    25  [8, 61]
[755]    80  [8, 15, 61]
[765]    1  [61]
[788]    1  [8, 15, 61]
[8]    2  [56]
[35]    2  [13]
[51]    1  [19]
[72]    1  [56]
[112]    2  [13]
[144]    2  [13]
[259]    1  [19]
[263]    3  [19]
[296]    2  [13, 19]
[340]    4  [19]
[389]    0  [19]
[419]    1  [19]
[423]    1  [19]
[499]    3  [56]
[521]    2  [19]
[756]    109  [13, 19, 56]
[838]    1  [19, 56]

 [40] ******************************************************

 [4 , 8, 15]  64956.747797 vs 64098.915010 >>  857.832787  :  404.859375  (19)
[26]    3  [4]
[31]    2  [8]
[226]    0  [4]
[259]    2  [4]
[263]    4  [4]
[280]    1  [15]
[325]    2  [8]
[359]    5  [8]
[421]    4  [4]
[463]    4  [4, 8]
[536]    1  [4]
[555]    9  [8]
[722]    116  [4, 8, 15]
[755]    60  [4, 8, 15]
[768]    0  [8]
[777]    2  [15]
[794]    3  [15]
[795]    1  [15]
[821]    187  [4, 8, 15]
[26]    4  [61]
[31]    2  [8]
[35]    0  [61]
[226]    0  [61]
[259]    5  [61]
[263]    6  [61]
[280]    1  [61]
[296]    0  [61]
[325]    2  [8]
[359]    5  [8]
[421]    4  [4]
[463]    4  [4, 8]
[536]    1  [4]
[555]    9  [8]
[628]    95  [4, 8, 61]
[722]    117  [4, 8, 61]
[765]    3  [61]
[768]    0  [8]
[777]    2  [61]
[794]    4  [61]
[809]    0  [8, 61]
[832]    1  [8, 61]
[855]    32  [4, 8, 61]
[26]    4  [61]
[31]    2  [36]
[35]    0  [61]
[226]    2  [49]
[259]    5  [61]
[263]    6  [49]
[280]    1  [36]
[296]    4  [36]
[325]    0  [36]
[327]    32  [36, 49, 61]
[359]    4  [61]
[421]    4  [36]
[530]    16  [49, 61]
[536]    3  [49]
[571]    1  [49]
[581]    39  [36, 49]
[628]    71  [61]
[757]    36  [49, 61]
[765]    3  [61]
[768]    1  [49]
[777]    2  [49]
[794]    4  [61]
[832]    0  [36, 61]
[855]    36  [36, 61]
[26]    4  [61]
[31]    2  [31]
[35]    0  [61]
[226]    2  [49]
[259]    5  [61]
[263]    6  [49]
[280]    1  [61]
[296]    0  [49]
[325]    6  [31]
[359]    4  [61]
[421]    4  [31]
[530]    23  [31, 49, 61]
[536]    3  [49]
[571]    1  [49]
[628]    99  [31, 49, 61]
[757]    63  [31, 49, 61]
[765]    3  [61]
[768]    1  [31]
[777]    2  [31]
[794]    4  [61]
[826]    4  [31, 49]
[855]    31  [61]
[26]    4  [61]
[31]    2  [41]
[35]    0  [41]
[226]    1  [36]
[259]    5  [61]
[263]    6  [61]
[280]    1  [36]
[296]    4  [36]
[325]    0  [41]
[327]    32  [36, 41, 61]
[359]    4  [61]
[421]    4  [36]
[536]    2  [41]
[581]    33  [36, 41, 61]
[628]    71  [61]
[765]    3  [61]
[768]    2  [41]
[777]    3  [41]
[794]    4  [61]
[832]    0  [36, 61]
[855]    81  [36, 41, 61]

 [30] ******************************************************

 [4 , 8, 15]  54436.507764 vs 53804.377328 >>  632.130436  :  1154.343750  (14)
[299]    10  [4]
[555]    9  [8]
[568]    6  [4]
[705]    2  [4]
[722]    190  [4, 8, 15]
[745]    5  [4]
[755]    259  [4, 8, 15]
[767]    7  [15]
[777]    1  [15]
[785]    3  [15]
[788]    341  [4, 8, 15]
[800]    5  [4]
[801]    1  [8]
[809]    1  [8]
[821]    312  [4, 8, 15]
[838]    0  [8]
[946]    2  [8]
[987]    15  [4]
[299]    10  [61]
[555]    9  [8]
[568]    6  [15]
[628]    217  [8, 61]
[705]    0  [15]
[745]    5  [61]
[755]    262  [8, 15, 61]
[767]    7  [15]
[777]    1  [15]
[785]    3  [15]
[788]    353  [8, 15, 61]
[793]    1  [61]
[800]    2  [15]
[801]    1  [8]
[809]    1  [8]
[832]    0  [61]
[835]    6  [15, 61]
[838]    0  [8]
[855]    72  [15, 61]
[946]    2  [8]
[953]    1  [8, 61]
[299]    9  [17]
[555]    9  [8]
[568]    6  [15]
[572]    3  [15, 17]
[705]    0  [15]
[745]    8  [17]
[755]    253  [8, 15, 17]
[767]    7  [15]
[777]    4  [17]
[785]    3  [15]
[788]    424  [8, 15, 17]
[800]    2  [15]
[801]    1  [8]
[809]    1  [17]
[838]    0  [8]
[946]    2  [8]
[299]    9  [18]
[460]    74  [8, 15, 18]
[555]    9  [8]
[568]    6  [15]
[705]    2  [18]
[745]    6  [18]
[755]    228  [8, 15]
[767]    7  [15]
[777]    1  [15]
[785]    3  [15]
[788]    306  [8, 15]
[800]    12  [18]
[801]    1  [8]
[809]    1  [8]
[838]    0  [18]
[931]    0  [18]
[946]    2  [8]
[1014]    20  [18]
[299]    13  [6]
[431]    5  [6, 8]
[471]    0  [6, 8]
[555]    9  [8]
[568]    6  [6]
[705]    0  [6]
[745]    5  [15]
[755]    268  [6, 8, 15]
[767]    7  [15]
[777]    1  [15]
[785]    3  [15]
[788]    348  [6, 8, 15]
[800]    11  [6]
[801]    1  [8]
[802]    4  [6]
[803]    10  [6]
[809]    1  [8]
[838]    0  [8]
[946]    2  [8]