 now Q is 50

 now outputing  - - - -> end


basis_ent0 = 0.008445
 [7 , 58, 59]  0.008445 + 0.005927 <  0.016044  :  598.218750  (45)
 [7 , 56, 58]  0.008445 + 0.005395 <  0.016044  :  569.546875  (47)
 [56 , 58, 59]  0.008445 + 0.004498 <  0.016044  :  556.781250  (30)
 [7 , 45, 58]  0.008445 + 0.005624 <  0.016044  :  545.671875  (48)
 [3 , 7, 58]  0.008445 + 0.005191 <  0.016044  :  544.812500  (45)
 [4 , 7, 58]  0.008445 + 0.006006 <  0.016044  :  540.484375  (51)
 [0 , 7, 58]  0.008445 + 0.004964 <  0.016044  :  539.046875  (40)
 [45 , 56, 58]  0.008445 + 0.004566 <  0.016044  :  537.921875  (33)
 [47 , 56, 58]  0.008445 + 0.004315 <  0.016044  :  531.234375  (29)
 [50 , 56, 58]  0.008445 + 0.004797 <  0.016044  :  524.625000  (31)

 [56 , 58, 99]  0.008445 + 0.005274 >>  0.010696  :  453.750000  (30)
 [7 , 58, 99]  0.008445 + 0.006278 <  0.010696  :  451.250000  (41)
 [58 , 59, 99]  0.008445 + 0.004665 <  0.010696  :  443.312500  (22)
 [45 , 58, 99]  0.008445 + 0.005122 <  0.010696  :  430.312500  (26)
 [3 , 58, 99]  0.008445 + 0.004710 <  0.010696  :  408.515625  (22)
 [50 , 58, 99]  0.008445 + 0.005006 <  0.010696  :  406.203125  (23)
 [0 , 58, 99]  0.008445 + 0.004503 <  0.010696  :  405.921875  (19)
 [4 , 58, 99]  0.008445 + 0.005432 <  0.010696  :  402.390625  (34)
 [47 , 58, 99]  0.008445 + 0.004833 <  0.010696  :  393.875000  (22)
 [27 , 58, 99]  0.008445 + 0.004988 <  0.010696  :  385.343750  (21)

 [58 , 99, 99]  0.008445 + 0.005243 <  0.005348  :  300.906250  (19)
 [7 , 99, 99]  0.008445 + 0.001637 <  0.005348  :  49.375000  (22)
 [56 , 99, 99]  0.008445 + 0.000533 <  0.005348  :  13.781250  (10)
 [4 , 99, 99]  0.008445 + 0.000775 <  0.005348  :  13.343750  (12)
 [42 , 99, 99]  0.008445 + 0.001016 <  0.005348  :  12.734375  (14)
 [23 , 99, 99]  0.008445 + 0.000537 <  0.005348  :  11.750000  (9)
 [45 , 99, 99]  0.008445 + 0.000399 <  0.005348  :  10.156250  (7)
 [46 , 99, 99]  0.008445 + 0.000379 <  0.005348  :  9.109375  (6)
 [52 , 99, 99]  0.008445 + 0.000277 <  0.005348  :  9.015625  (5)
 [1 , 99, 99]  0.008445 + 0.000030 <  0.005348  :  8.109375  (4)
56, 58, 99