basis_ent0 = 0.008445
 [21 , 23, 25]  0.008445 + 0.004636 <  0.013195  :  485.859375  (21)
 [21 , 25, 61]  0.008445 + 0.004238 <  0.013195  :  485.500000  (18)
 [16 , 21, 25]  0.008445 + 0.006665 >>  0.013195  :  483.390625  (29)
 [21 , 25, 62]  0.008445 + 0.004321 <  0.013195  :  458.000000  (16)
 [21 , 25, 36]  0.008445 + 0.004607 <  0.013195  :  444.375000  (17)
 [1 , 21, 25]  0.008445 + 0.003828 <  0.013195  :  443.890625  (16)
 [16 , 25, 61]  0.008445 + 0.005436 <  0.013195  :  417.046875  (26)
 [14 , 21, 25]  0.008445 + 0.004277 <  0.013195  :  416.906250  (19)
 [21 , 25, 28]  0.008445 + 0.004011 <  0.013195  :  415.390625  (16)
 [1 , 14, 25]  0.008445 + 0.003770 <  0.013195  :  411.437500  (17)

 [21 , 25, 99]  0.008445 + 0.004237 <  0.008797  :  234.343750  (15)
 [23 , 25, 99]  0.008445 + 0.002783 <  0.008797  :  182.203125  (14)
 [16 , 61, 99]  0.008445 + 0.002961 <  0.008797  :  182.125000  (16)
 [25 , 28, 99]  0.008445 + 0.002006 <  0.008797  :  175.671875  (9)
 [16 , 21, 99]  0.008445 + 0.002351 <  0.008797  :  174.671875  (14)
 [0 , 25, 99]  0.008445 + 0.002675 <  0.008797  :  166.687500  (13)
 [16 , 35, 99]  0.008445 + 0.002127 <  0.008797  :  157.531250  (12)
 [25 , 36, 99]  0.008445 + 0.001681 <  0.008797  :  155.109375  (9)
 [25 , 35, 99]  0.008445 + 0.002653 <  0.008797  :  151.234375  (12)
 [25 , 42, 99]  0.008445 + 0.002006 <  0.008797  :  151.203125  (9)

 [25 , 99, 99]  0.008445 + 0.001145 <  0.004398  :  23.187500  (6)
 [16 , 99, 99]  0.008445 + 0.000695 <  0.004398  :  14.421875  (6)
 [29 , 99, 99]  0.008445 + 0.000221 <  0.004398  :  11.281250  (2)
 [37 , 99, 99]  0.008445 + 0.000187 <  0.004398  :  10.421875  (4)
 [56 , 99, 99]  0.008445 + 0.000358 <  0.004398  :  6.703125  (2)
 [53 , 99, 99]  0.008445 + 0.000138 <  0.004398  :  6.500000  (1)
 [31 , 99, 99]  0.008445 + 0.000079 <  0.004398  :  3.187500  (4)
 [61 , 99, 99]  0.008445 + 0.000080 <  0.004398  :  3.187500  (3)
 [51 , 99, 99]  0.008445 + 0.000108 <  0.004398  :  3.078125  (4)
 [20 , 99, 99]  0.008445 + 0.000112 <  0.004398  :  2.859375  (3)
16, 21, 25