

 [80] ******************************************************

 [5 , 33, 45]  121891.745328 vs 117021.776914 >>  4869.968414  :  207.687500  (2)
 [755]    146.531250 (3)
 [788]    68.125000 (2)

 [70] ******************************************************

 [23 , 33, 45]  100181.443032 vs 96820.618026 >>  3360.825006  :  391.578125  (3)
 [722]    45.750000 (2)
 [755]    106.578125 (3)
 [788]    239.250000 (3)

 [60] ******************************************************

 [23 , 33, 45]  86232.334477 vs 83818.139681 >>  2414.194796  :  948.250000  (4)
 [722]    155.375000 (2)
 [755]    414.703125 (3)
 [788]    364.140625 (3)
 [1021]    14.031250 (1)

 [50] ******************************************************

 [33 , 45, 57]  75162.802696 vs 73366.095226 >>  1796.707470  :  1120.921875  (5)
 [722]    144.015625 (1)
 [755]    389.000000 (3)
 [788]    369.937500 (2)
 [821]    204.828125 (2)
 [945]    13.140625 (2)

 [40] ******************************************************

 [33 , 45, 57]  64956.747797 vs 63631.677497 >>  1325.070300  :  1288.453125  (8)
 [536]    1.062500 (1)
 [722]    202.296875 (1)
 [755]    372.218750 (3)
 [777]    1.781250 (1)
 [788]    347.171875 (2)
 [794]    3.031250 (1)
 [821]    326.015625 (2)
 [945]    34.875000 (2)

 [30] ******************************************************

 [33 , 34, 45]  54436.507764 vs 53560.045693 >>  876.462071  :  2151.484375  (12)
 [299]    9.921875 (1)
 [568]    12.437500 (1)
 [705]    0.312500 (1)
 [721]    101.921875 (1)
 [722]    356.703125 (2)
 [745]    4.562500 (1)
 [755]    522.546875 (3)
 [767]    1.312500 (1)
 [785]    93.359375 (1)
 [788]    736.421875 (3)
 [800]    4.250000 (1)
 [821]    311.687500 (2)
 [946]    4.609375 (1)