

 [80] ******************************************************

 [7 , 55, 60]  131347.645610 vs 126655.641644 >>  4692.003966  :  94.968750  (3)
[466]    34  [7, 55]
[651]    41  [60]
[758]    20  [55, 60]

 [70] ******************************************************

 [7 , 20, 60]  109138.657973 vs 105716.866501 >>  3421.791472  :  385.671875  (3)
[466]    140  [7]
[467]    176  [7, 20, 60]
[651]    71  [60]

 [60] ******************************************************

 [7 , 20, 60]  95498.035203 vs 92606.875729 >>  2891.159475  :  522.875000  (3)
[466]    209  [7]
[467]    201  [7, 20, 60]
[651]    112  [60]

 [50] ******************************************************

 [7 , 20, 58]  84826.251863 vs 82408.142987 >>  2418.108876  :  724.828125  (3)
[421]    189  [58]
[466]    242  [7]
[467]    294  [7, 20]

 [40] ******************************************************

 [7 , 20, 55]  73554.422273 vs 71773.384551 >>  1781.037722  :  1073.437500  (3)
[466]    509  [7, 55]
[467]    355  [7, 20]
[758]    214  [20, 55]

 [30] ******************************************************

 [7 , 11, 20]  62483.579989 vs 61221.856117 >>  1261.723871  :  1333.000000  (3)
[466]    579  [7]
[467]    355  [11, 20]
[609]    406  [7, 11, 20]