

 [80] ******************************************************

 [17 , 52, 59]  121891.745328 vs 116826.966561 >>  5064.778767  :  221.078125  (3)
 [722]    72.296875 (3)
 [755]    115.359375 (2)
 [788]    33.421875 (3)

 [70] ******************************************************

 [17 , 52, 59]  100181.443032 vs 96829.832210 >>  3351.610822  :  471.031250  (3)
 [722]    182.921875 (3)
 [755]    93.937500 (2)
 [788]    194.171875 (3)

 [60] ******************************************************

 [17 , 52, 59]  86232.334477 vs 83922.213002 >>  2310.121475  :  1013.671875  (3)
 [722]    292.546875 (3)
 [755]    402.062500 (2)
 [788]    319.062500 (3)

 [50] ******************************************************

 [17 , 52, 59]  75162.802696 vs 73530.325056 >>  1632.477640  :  1105.546875  (4)
 [722]    376.750000 (3)
 [755]    393.468750 (2)
 [788]    335.234375 (3)
 [1022]    0.093750 (2)

 [40] ******************************************************

 [17 , 52, 59]  64956.747797 vs 63644.604354 >>  1312.143442  :  1158.437500  (8)
 [536]    1.015625 (1)
 [722]    435.031250 (3)
 [755]    376.687500 (2)
 [777]    1.890625 (1)
 [788]    312.468750 (3)
 [794]    6.390625 (1)
 [821]    13.453125 (2)
 [1022]    11.500000 (2)

 [30] ******************************************************

 [17 , 52, 59]  54436.507764 vs 53609.259131 >>  827.248633  :  2016.578125  (16)
 [299]    9.625000 (1)
 [568]    5.187500 (1)
 [705]    1.609375 (1)
 [722]    509.062500 (3)
 [745]    5.171875 (1)
 [755]    575.687500 (2)
 [767]    4.187500 (1)
 [777]    0.890625 (1)
 [788]    687.109375 (3)
 [800]    3.203125 (1)
 [809]    0.109375 (1)
 [821]    138.437500 (2)
 [946]    1.703125 (1)
 [961]    30.109375 (3)
 [987]    4.937500 (1)
 [1022]    39.625000 (2)