

 [80] ******************************************************

 [4 , 35, 46]  131347.645610 vs 127009.417021 >>  4338.228589  :  30.390625  (1)
[421]    30  [4, 35, 46]

 [70] ******************************************************

 [9 , 35, 46]  109138.657973 vs 105895.936095 >>  3242.721878  :  141.046875  (2)
[421]    110  [35, 46]
[647]    31  [9]

 [60] ******************************************************

 [9 , 35, 46]  95498.035203 vs 92732.975038 >>  2765.060166  :  208.750000  (2)
[421]    142  [35, 46]
[647]    66  [9]

 [50] ******************************************************

 [35 , 46, 63]  84826.251863 vs 82637.563272 >>  2188.688592  :  361.296875  (2)
[421]    234  [35, 46]
[650]    127  [35, 46, 63]

 [40] ******************************************************

 [0 , 9, 12]  73554.422273 vs 71797.910877 >>  1756.511396  :  516.546875  (3)
[582]    171  [0, 9, 12]
[647]    217  [0, 9, 12]
[658]    129  [0, 9, 12]

 [30] ******************************************************

 [9 , 12, 35]  62483.579989 vs 61340.046362 >>  1143.533626  :  704.062500  (3)
[421]    253  [35]
[647]    216  [9, 12]
[658]    235  [9, 12, 35]