
 now Q is 70

 now outputing  - - - -> end


basis_ent0 = 0.006283
 [0 , 38, 60]  0.006283 + 0.003215 <  0.011740  :  88.781250  (21)
 [38 , 44, 60]  0.006283 + 0.003759 <  0.011740  :  88.437500  (24)
 [38 , 59, 60]  0.006283 + 0.003903 <  0.011740  :  87.796875  (24)
 [38 , 45, 60]  0.006283 + 0.003555 <  0.011740  :  86.093750  (23)
 [38 , 43, 60]  0.006283 + 0.003574 <  0.011740  :  83.484375  (22)
 [35 , 44, 60]  0.006283 + 0.003396 <  0.011740  :  82.703125  (24)
 [35 , 59, 60]  0.006283 + 0.003746 <  0.011740  :  81.578125  (26)
 [35 , 43, 60]  0.006283 + 0.003613 <  0.011740  :  80.625000  (27)
 [35 , 45, 60]  0.006283 + 0.003483 <  0.011740  :  80.140625  (24)
 [22 , 38, 60]  0.006283 + 0.003264 <  0.011740  :  79.515625  (21)

 [44 , 60, 99]  0.006283 + 0.002947 >>  0.007827  :  67.796875  (18)
 [43 , 60, 99]  0.006283 + 0.002849 <  0.007827  :  63.953125  (17)
 [0 , 60, 99]  0.006283 + 0.002548 <  0.007827  :  62.640625  (16)
 [45 , 60, 99]  0.006283 + 0.003104 <  0.007827  :  60.640625  (20)
 [59 , 60, 99]  0.006283 + 0.003279 <  0.007827  :  58.687500  (19)
 [38 , 60, 99]  0.006283 + 0.002763 <  0.007827  :  51.562500  (17)
 [22 , 60, 99]  0.006283 + 0.002544 <  0.007827  :  50.546875  (15)
 [35 , 60, 99]  0.006283 + 0.002770 <  0.007827  :  42.453125  (20)
 [6 , 60, 99]  0.006283 + 0.003070 <  0.007827  :  40.734375  (20)
 [60 , 63, 99]  0.006283 + 0.002259 <  0.007827  :  40.078125  (15)

 [60 , 99, 99]  0.006283 + 0.002030 <  0.003913  :  30.078125  (12)
 [35 , 99, 99]  0.006283 + 0.000912 <  0.003913  :  9.859375  (8)
 [38 , 99, 99]  0.006283 + 0.001002 <  0.003913  :  9.312500  (5)
 [6 , 99, 99]  0.006283 + 0.001011 <  0.003913  :  9.218750  (8)
 [63 , 99, 99]  0.006283 + 0.000601 <  0.003913  :  7.593750  (5)
 [39 , 99, 99]  0.006283 + 0.000284 <  0.003913  :  7.468750  (3)
 [28 , 99, 99]  0.006283 + 0.001021 <  0.003913  :  7.250000  (7)
 [56 , 99, 99]  0.006283 + 0.000648 <  0.003913  :  6.984375  (5)
 [17 , 99, 99]  0.006283 + 0.000507 <  0.003913  :  6.000000  (5)
 [44 , 99, 99]  0.006283 + 0.000575 <  0.003913  :  5.093750  (5)
44, 60, 99