 




Q70


 [ 2 ] 40
 [ 2 ] 42
 [ 1 ] 44
 [ 1 ] 74
 [ 1 ] 83
 [ 3 ] 91
 [ 2 ] 102
 [ 1 ] 109
 [ 1 ] 110
 [ 2 ] 111
 [ 2 ] 124
 [ 1 ] 133
 [ 1 ] 150
 [ 2 ] 151
 [ 2 ] 152
 [ 2 ] 153
 [ 3 ] 158
 [ 4 ] 178
 [ 1 ] 182
 [ 3 ] 183
 [ 1 ] 190
 [ 2 ] 195
 [ 1 ] 197
 [ 1 ] 198
 [ 1 ] 199
 [ 1 ] 200
 [ 1 ] 201
 [ 1 ] 208
 [ 2 ] 213
 [ 2 ] 215
 [ 1 ] 217
 [ 2 ] 221
 [ 1 ] 226
 [ 2 ] 227
 [ 2 ] 240
 [ 3 ] 241
 [ 3 ] 244
 [ 2 ] 245
 [ 2 ] 252
 [ 1 ] 262
 [ 1 ] 266
 [ 2 ] 269
 [ 1 ] 276
 [ 2 ] 277
 [ 2 ] 295
 [ 1 ] 298
 [ 1 ] 302
 [ 1 ] 303
 [ 1 ] 305
 [ 3 ] 306
 [ 2 ] 309
 [ 4 ] 312
 [ 1 ] 324
 [ 1 ] 329
 [ 1 ] 330
 [ 1 ] 331
 [ 3 ] 332
 [ 2 ] 336
 [ 2 ] 337
 [ 1 ] 339
 [ 1 ] 341
 [ 1 ] 343
 [ 2 ] 347
 [ 1 ] 360
 [ 2 ] 367
 [ 1 ] 381
 [ 1 ] 382
 [ 1 ] 386
 [ 1 ] 394
 [ 1 ] 395
 [ 1 ] 400
 [ 2 ] 402
 [ 2 ] 418
 [ 2 ] 447
 [ 1 ] 454
 [ 1 ] 459
 [ 2 ] 460
 [ 1 ] 538
 [ 3 ] 543
 [ 1 ] 572
 [ 1 ] 598
 [ 3 ] 600
 [ 1 ] 705
 [ 1 ] 772
 [ 1 ] 801
 [ 5 ] 807
 [ 3 ] 861
 [ 1 ] 872
 [ 2 ] 874
 [ 1 ] 876
 [ 1 ] 894
 [ 1 ] 904
 [ 2 ] 905
 [ 1 ] 936
 [ 1 ] 937
 [ 1 ] 969
 [ 1 ] 971
 [ 1 ] 975
 [ 2 ] 1005
 [ 1 ] 1007