

 [80] ******************************************************

 [10 , 36, 38]  152718.430809 vs 149596.549919 >>  3121.880890  :  43.500000  (1)
[436]    44  [10, 36, 38]

 [70] ******************************************************

 [38 , 39, 49]  131002.014504 vs 128531.859170 >>  2470.155335  :  106.500000  (2)
[423]    55  [38, 39, 49]
[436]    51  [38, 49]

 [60] ******************************************************

 [10 , 21, 38]  116495.898057 vs 114588.495378 >>  1907.402679  :  247.109375  (2)
[436]    128  [10, 21, 38]
[664]    119  [10, 21, 38]

 [50] ******************************************************

 [38 , 39, 54]  102911.142500 vs 100514.846132 >>  2396.296368  :  453.312500  (3)
[423]    124  [38, 39]
[436]    147  [38, 39]
[710]    188  [39, 54]

 [40] ******************************************************

 [23 , 39, 54]  88822.025518 vs 86675.637443 >>  2146.388074  :  766.921875  (4)
[423]    203  [23, 39]
[678]    89  [23, 39, 54]
[710]    355  [39, 54]
[740]    124  [23]

 [30] ******************************************************

 [23 , 49, 54]  72878.288091 vs 71158.621123 >>  1719.666968  :  1590.953125  (6)
[673]    225  [23, 49]
[674]    216  [23, 49]
[678]    237  [23, 54]
[710]    472  [54]
[740]    385  [23]
[931]    56  [23, 49, 54]