 now Q is 50

 now outputing  - - - -> end


basis_ent0 = 0.010165
 [56 , 57, 58]  0.010165 + 0.000920 <  0.011422  :  91.093750  (3)
 [25 , 55, 58]  0.010165 + 0.000713 <  0.011422  :  75.421875  (3)
 [9 , 14, 58]  0.010165 + 0.000454 <  0.011422  :  65.078125  (2)
 [25 , 33, 58]  0.010165 + 0.000701 <  0.011422  :  63.343750  (3)
 [8 , 14, 58]  0.010165 + 0.000592 <  0.011422  :  62.593750  (3)
 [9 , 25, 58]  0.010165 + 0.000587 <  0.011422  :  61.906250  (2)
 [14 , 58, 60]  0.010165 + 0.000592 <  0.011422  :  61.796875  (3)
 [14 , 32, 58]  0.010165 + 0.000604 <  0.011422  :  59.078125  (3)
 [14 , 56, 58]  0.010165 + 0.000592 <  0.011422  :  58.828125  (3)
 [14 , 57, 58]  0.010165 + 0.000592 <  0.011422  :  58.812500  (3)

 [32 , 58, 99]  0.010165 + 0.000431 >>  0.007615  :  50.125000  (2)
 [14 , 58, 99]  0.010165 + 0.000479 <  0.007615  :  49.437500  (2)
 [56 , 58, 99]  0.010165 + 0.000431 <  0.007615  :  48.546875  (2)
 [57 , 58, 99]  0.010165 + 0.000437 <  0.007615  :  47.671875  (2)
 [8 , 58, 99]  0.010165 + 0.000431 <  0.007615  :  47.093750  (2)
 [58 , 60, 99]  0.010165 + 0.000431 <  0.007615  :  46.937500  (2)
 [58 , 59, 99]  0.010165 + 0.000425 <  0.007615  :  46.062500  (2)
 [55 , 58, 99]  0.010165 + 0.000293 <  0.007615  :  45.531250  (1)
 [4 , 58, 99]  0.010165 + 0.000293 <  0.007615  :  45.421875  (1)
 [5 , 58, 99]  0.010165 + 0.000419 <  0.007615  :  45.359375  (2)

 [58 , 99, 99]  0.010165 + 0.000305 <  0.003807  :  41.265625  (1)
 [32 , 99, 99]  0.010165 + 0.000138 <  0.003807  :  8.265625  (1)
 [14 , 99, 99]  0.010165 + 0.000180 <  0.003807  :  4.359375  (1)
 [57 , 99, 99]  0.010165 + 0.000138 <  0.003807  :  4.234375  (1)
 [56 , 99, 99]  0.010165 + 0.000138 <  0.003807  :  3.937500  (1)
 [25 , 99, 99]  0.010165 + 0.000438 <  0.003807  :  1.812500  (2)
 [38 , 99, 99]  0.010165 + 0.000132 <  0.003807  :  1.796875  (1)
 [47 , 99, 99]  0.010165 + 0.000132 <  0.003807  :  1.703125  (1)
 [33 , 99, 99]  0.010165 + 0.000132 <  0.003807  :  1.468750  (1)
 [18 , 99, 99]  0.010165 + 0.000132 <  0.003807  :  1.421875  (1)
32, 58, 99