

 Use image  :  cameraman.bmp




  Relationship between basis and replaceable basis


  Number of basis used : 0, 1 


  [basis number] : Number of substitutable basis for basis number 


 *Total on the right : Number of replacements (Be done)

  Total below : Number of replacements (To do)


  Of the amount of improvement  : 0 ~ 100.000000

----------------------------------------------------------------------------------

 +----+----+----+----+----+----+----+----+----+----+----+----+----+----+----+----+----+----+----+----+----+----+----+----+----+----+----+----+----+----+----+----+----+----+----+----+----+----+----+----+----+----+----+----+----+----+----+----+----+----+----+----+----+----+----+----+----+----+----+----+----+----+----+----+----+----+----+----+
 | ## |[ 0]|[ 1]|[ 2]|[ 3]|[ 4]|[ 5]|[ 6]|[ 7]|[ 8]|[ 9]|[10]|[11]|[12]|[13]|[14]|[15]|[16]|[17]|[18]|[19]|[20]|[21]|[22]|[23]|[24]|[25]|[26]|[27]|[28]|[29]|[30]|[31]|[32]|[33]|[34]|[35]|[36]|[37]|[38]|[39]|[40]|[41]|[42]|[43]|[44]|[45]|[46]|[47]|[48]|[49]|[50]|[51]|[52]|[53]|[54]|[55]|[56]|[57]|[58]|[59]|[60]|[61]|[62]|[63]| ## | TTL| ## |                                                                                    
 +----+----+----+----+----+----+----+----+----+----+----+----+----+----+----+----+----+----+----+----+----+----+----+----+----+----+----+----+----+----+----+----+----+----+----+----+----+----+----+----+----+----+----+----+----+----+----+----+----+----+----+----+----+----+----+----+----+----+----+----+----+----+----+----+----+----+----+----+
 |[ 0]| ## |  10|   9|   5|   6|   5|  11|   6|   6|   7|   7|   4|   8|   6|   7|  11|   8|   7|   5|   8|   5|   5|   7|  10|   8|   3|   6|   6|   9|   3|   8|   6|   3|   6|   9|   7|   9|   3|   5|   6|   8|  12|   8|   8|   8|   8|   6|  10|   7|   7|  10|   9|   6|   7|   6|   6|   9|   9|   4|  10|  12|   6|   6|  10|[ 0]| 452|  21|
 +----+----+----+----+----+----+----+----+----+----+----+----+----+----+----+----+----+----+----+----+----+----+----+----+----+----+----+----+----+----+----+----+----+----+----+----+----+----+----+----+----+----+----+----+----+----+----+----+----+----+----+----+----+----+----+----+----+----+----+----+----+----+----+----+----+----+----+----+
 |[ 1]|   3| ## |   3|   4|   5|   2|   4|   2|   2|   6|   2|   5|   6|   4|   2|   5|   2|   1|   4|   5|   5|   3|   4|   6|   6|   4|   5|   5|   5|   3|   7|   4|   2|   6|   2|   5|   3|   3|   1|   4|   1|   5|   4|   2|   3|   5|   5|   4|   4|   5|   7|   4|   3|   3|   6|   5|   3|   1|   4|   6|   2|   4|   3|   4|[ 1]| 243|   9|
 +----+----+----+----+----+----+----+----+----+----+----+----+----+----+----+----+----+----+----+----+----+----+----+----+----+----+----+----+----+----+----+----+----+----+----+----+----+----+----+----+----+----+----+----+----+----+----+----+----+----+----+----+----+----+----+----+----+----+----+----+----+----+----+----+----+----+----+----+
 |[ 2]|   9|  10| ## |   5|   3|  10|  11|   7|  11|   8|   7|   7|   9|   4|   9|   5|   5|   5|   8|  10|  12|   8|   8|  10|  11|   6|   8|   4|   9|   8|   9|   8|   5|   8|   7|   9|  10|   9|   5|   8|   6|   7|   7|   5|   9|   7|   8|  10|   6|  10|  10|   7|   8|   6|   6|   9|   9|   9|   3|   7|   8|   7|   7|  10|[ 2]| 486|  18|
 +----+----+----+----+----+----+----+----+----+----+----+----+----+----+----+----+----+----+----+----+----+----+----+----+----+----+----+----+----+----+----+----+----+----+----+----+----+----+----+----+----+----+----+----+----+----+----+----+----+----+----+----+----+----+----+----+----+----+----+----+----+----+----+----+----+----+----+----+
 |[ 3]|   2|   2|    | ## |   2|   3|   1|    |   2|   1|   2|   3|    |   1|   1|   3|   4|   3|   3|   1|   1|   2|   3|   3|   2|   1|   1|   1|   1|   2|   3|   3|   1|   1|   2|   3|   3|   2|   1|   3|    |   2|   2|   2|   2|   3|   1|   4|   1|   1|   1|   3|   3|   2|   2|    |   4|   3|    |   2|   1|   3|   1|   1|[ 3]| 117|   4|
 +----+----+----+----+----+----+----+----+----+----+----+----+----+----+----+----+----+----+----+----+----+----+----+----+----+----+----+----+----+----+----+----+----+----+----+----+----+----+----+----+----+----+----+----+----+----+----+----+----+----+----+----+----+----+----+----+----+----+----+----+----+----+----+----+----+----+----+----+
 |[ 4]|   1|   1|   1|   3| ## |   1|    |   2|   2|   2|   2|   3|   1|    |    |   2|   2|   1|   1|   2|   3|   1|   1|   1|   1|   1|    |    |   2|    |   2|   1|   1|   1|    |   1|   2|   2|   2|   2|   1|   1|   1|   2|    |   1|   2|   2|   1|    |    |    |   1|    |    |   1|   3|   1|   1|    |   2|    |    |   2|[ 4]|  73|   5|
 +----+----+----+----+----+----+----+----+----+----+----+----+----+----+----+----+----+----+----+----+----+----+----+----+----+----+----+----+----+----+----+----+----+----+----+----+----+----+----+----+----+----+----+----+----+----+----+----+----+----+----+----+----+----+----+----+----+----+----+----+----+----+----+----+----+----+----+----+
 |[ 5]|   1|   2|   4|   5|   3| ## |    |   4|   3|   4|   2|   4|   3|   4|   2|   3|   3|   1|   5|   2|   3|   2|   2|   3|   3|   1|   3|   1|   5|   4|   4|   5|   1|   4|   4|   4|   4|   5|   3|   1|   1|   4|   4|   4|   2|   4|   5|   2|   6|   1|   3|   3|   4|   2|   3|   5|   5|   2|   3|   5|   3|   6|   2|   4|[ 5]| 200|   9|
 +----+----+----+----+----+----+----+----+----+----+----+----+----+----+----+----+----+----+----+----+----+----+----+----+----+----+----+----+----+----+----+----+----+----+----+----+----+----+----+----+----+----+----+----+----+----+----+----+----+----+----+----+----+----+----+----+----+----+----+----+----+----+----+----+----+----+----+----+
 |[ 6]|  17|   9|  10|  13|  16|  13| ## |  16|  14|  12|  16|  14|  15|  11|  19|  15|  12|  14|  13|  15|  16|  12|  12|  12|  11|  13|  12|  11|  14|  13|  19|  13|  11|  12|  10|  16|  12|  10|  16|  14|  14|  18|  15|  12|   9|  12|  15|   9|  13|  13|  12|  13|  15|   6|  12|  15|  14|   8|  11|  16|  16|  13|  12|  11|[ 6]| 827|  33|
 +----+----+----+----+----+----+----+----+----+----+----+----+----+----+----+----+----+----+----+----+----+----+----+----+----+----+----+----+----+----+----+----+----+----+----+----+----+----+----+----+----+----+----+----+----+----+----+----+----+----+----+----+----+----+----+----+----+----+----+----+----+----+----+----+----+----+----+----+
 |[ 7]|   9|   7|  11|   7|   8|   7|   8| ## |   7|  10|   8|   9|   8|   7|   9|   9|  10|   6|   5|   8|   6|   7|   5|   8|   5|   8|   6|   9|  11|   7|   8|   8|   8|   8|   5|  10|   3|   9|   8|  12|   9|   9|  12|   4|   9|   6|   7|   9|   5|   6|   5|   9|  11|  11|   8|   5|  12|  10|   7|   8|   6|   6|   5|   9|[ 7]| 492|  26|
 +----+----+----+----+----+----+----+----+----+----+----+----+----+----+----+----+----+----+----+----+----+----+----+----+----+----+----+----+----+----+----+----+----+----+----+----+----+----+----+----+----+----+----+----+----+----+----+----+----+----+----+----+----+----+----+----+----+----+----+----+----+----+----+----+----+----+----+----+
 |[ 8]|   7|  12|   9|  14|  14|   9|  15|  13| ## |  10|  10|  14|   8|  11|  11|  14|  14|  11|  12|  15|  11|  10|  14|  11|  10|   9|  10|  10|  15|   9|   9|  14|   7|  11|  12|   8|  11|  14|  13|  12|  11|  10|  16|  14|  12|  13|  12|  11|  15|  16|  17|  13|  12|  11|   5|   9|  12|  11|   6|  13|  13|  13|  12|  11|[ 8]| 731|  35|
 +----+----+----+----+----+----+----+----+----+----+----+----+----+----+----+----+----+----+----+----+----+----+----+----+----+----+----+----+----+----+----+----+----+----+----+----+----+----+----+----+----+----+----+----+----+----+----+----+----+----+----+----+----+----+----+----+----+----+----+----+----+----+----+----+----+----+----+----+
 |[ 9]|   4|   6|   6|   6|   7|   4|   5|   6|   2| ## |   2|   5|   5|   5|   5|   5|   5|   5|   2|   6|   7|   4|   5|   7|   5|   4|   3|   6|   5|   7|   6|   5|   3|   6|   5|   3|   4|   6|   4|   4|   5|   4|   7|   8|   6|   4|   6|   4|   4|   5|   4|   7|   6|   6|   3|   7|   5|   6|   5|   3|   6|   3|   2|   8|[ 9]| 314|  12|
 +----+----+----+----+----+----+----+----+----+----+----+----+----+----+----+----+----+----+----+----+----+----+----+----+----+----+----+----+----+----+----+----+----+----+----+----+----+----+----+----+----+----+----+----+----+----+----+----+----+----+----+----+----+----+----+----+----+----+----+----+----+----+----+----+----+----+----+----+
 |[10]|   2|   4|   7|   3|   4|   5|   5|   4|   4|   3| ## |   7|   4|   5|   4|   5|   5|   3|   6|   2|   6|   8|   4|   2|   3|   4|   4|   4|   4|   6|   5|   5|   6|   6|   4|   5|   5|   2|   3|   7|   6|   4|   5|   5|   6|   3|   6|   6|   7|   6|   5|   6|   3|   6|   5|   8|   4|   4|   4|   6|   4|   5|   4|   4|[10]| 297|  11|
 +----+----+----+----+----+----+----+----+----+----+----+----+----+----+----+----+----+----+----+----+----+----+----+----+----+----+----+----+----+----+----+----+----+----+----+----+----+----+----+----+----+----+----+----+----+----+----+----+----+----+----+----+----+----+----+----+----+----+----+----+----+----+----+----+----+----+----+----+
 |[11]|    |   3|   2|   1|   2|   1|    |   2|   2|   1|    | ## |   2|   2|   2|   2|   1|   1|    |   1|   2|   1|   1|   2|   1|   1|   2|    |   1|    |   1|    |   1|   1|   1|   2|    |   1|   3|   2|   1|    |   3|   1|   1|   2|   1|   1|    |   1|   2|   1|   2|   3|   3|   2|   2|   2|   1|    |   2|   1|    |    |[11]|  80|   5|
 +----+----+----+----+----+----+----+----+----+----+----+----+----+----+----+----+----+----+----+----+----+----+----+----+----+----+----+----+----+----+----+----+----+----+----+----+----+----+----+----+----+----+----+----+----+----+----+----+----+----+----+----+----+----+----+----+----+----+----+----+----+----+----+----+----+----+----+----+
 |[12]|   3|   1|   1|   2|   3|   2|   2|   3|    |   2|    |   4| ## |   1|   1|   4|   2|   1|   4|    |   1|   2|   2|   2|   2|   2|   2|   1|   2|   2|   2|   3|   1|   2|   1|   3|   2|   2|   3|   1|   4|   2|   2|   3|   3|   2|   3|   3|   3|   1|   2|   3|   2|    |   3|   1|   2|   2|   3|   1|   2|   2|   2|   1|[12]| 126|   5|
 +----+----+----+----+----+----+----+----+----+----+----+----+----+----+----+----+----+----+----+----+----+----+----+----+----+----+----+----+----+----+----+----+----+----+----+----+----+----+----+----+----+----+----+----+----+----+----+----+----+----+----+----+----+----+----+----+----+----+----+----+----+----+----+----+----+----+----+----+
 |[13]|   1|    |   1|   1|   2|   1|   1|   1|   1|   2|   1|   1|   1| ## |    |   1|   2|   3|   2|   2|   1|    |    |   1|   1|   1|   2|    |    |   2|   2|   1|    |   2|    |   1|   1|   2|   1|   1|   2|   1|   1|   1|   1|    |   2|   1|   1|   1|    |   1|   1|    |   2|   1|    |   2|    |   1|   1|   2|   1|    |[13]|  66|   3|
 +----+----+----+----+----+----+----+----+----+----+----+----+----+----+----+----+----+----+----+----+----+----+----+----+----+----+----+----+----+----+----+----+----+----+----+----+----+----+----+----+----+----+----+----+----+----+----+----+----+----+----+----+----+----+----+----+----+----+----+----+----+----+----+----+----+----+----+----+
 |[14]|  12|  11|  10|   6|  11|  10|  16|   6|   9|  14|  11|  12|  15|  11| ## |  14|  11|   9|  11|  13|  10|  15|  10|  15|  12|  10|  12|   9|  12|  13|  12|  11|   9|  12|  11|  13|  13|  10|  12|  10|   7|  17|  14|  12|  10|  12|  16|  12|  12|  12|   7|  12|  13|  11|   9|  12|  13|  10|   9|  13|  13|  15|   9|  11|[14]| 724|  30|
 +----+----+----+----+----+----+----+----+----+----+----+----+----+----+----+----+----+----+----+----+----+----+----+----+----+----+----+----+----+----+----+----+----+----+----+----+----+----+----+----+----+----+----+----+----+----+----+----+----+----+----+----+----+----+----+----+----+----+----+----+----+----+----+----+----+----+----+----+
 |[15]|   2|   3|   2|   1|   3|   4|   2|   1|   1|   2|   1|   2|    |   1|   2| ## |   4|   2|    |   2|   2|   2|    |   1|   1|   2|   2|   1|   3|   1|   2|   4|    |   3|   2|   1|   5|   2|   2|   3|   3|   1|   1|    |   2|   2|   4|   1|   3|   2|   3|   3|   5|   3|   3|   3|   2|   3|   1|   3|   3|   1|    |   2|[15]| 128|   6|
 +----+----+----+----+----+----+----+----+----+----+----+----+----+----+----+----+----+----+----+----+----+----+----+----+----+----+----+----+----+----+----+----+----+----+----+----+----+----+----+----+----+----+----+----+----+----+----+----+----+----+----+----+----+----+----+----+----+----+----+----+----+----+----+----+----+----+----+----+
 |[16]|   4|   3|   4|   6|   4|   3|   5|   2|   1|   4|   4|   4|   3|   2|   4|   4| ## |   2|   4|   3|   5|   3|   1|   3|   3|   3|   2|   2|   5|    |   4|   2|   2|   3|   4|   5|   5|   2|   4|   3|   4|   2|   5|   3|   4|   4|   2|   2|   4|   3|   5|   4|   3|   5|   3|   4|   5|   3|   4|   4|   5|   2|   3|   3|[16]| 213|   7|
 +----+----+----+----+----+----+----+----+----+----+----+----+----+----+----+----+----+----+----+----+----+----+----+----+----+----+----+----+----+----+----+----+----+----+----+----+----+----+----+----+----+----+----+----+----+----+----+----+----+----+----+----+----+----+----+----+----+----+----+----+----+----+----+----+----+----+----+----+
 |[17]|   6|   7|   6|   7|   5|   6|   5|   7|   4|   5|   5|   8|   7|   7|   5|   9|   8| ## |   6|   5|   5|   8|   7|   8|   5|   5|   5|   6|   8|   4|   4|   7|   7|   6|   9|   7|   6|   8|   6|   7|   5|   5|   7|   6|   7|   3|   6|   4|   5|   7|   5|   8|   6|   9|   5|   5|   7|   5|   5|   7|   7|   5|   8|   7|[17]| 390|  17|
 +----+----+----+----+----+----+----+----+----+----+----+----+----+----+----+----+----+----+----+----+----+----+----+----+----+----+----+----+----+----+----+----+----+----+----+----+----+----+----+----+----+----+----+----+----+----+----+----+----+----+----+----+----+----+----+----+----+----+----+----+----+----+----+----+----+----+----+----+
 |[18]|   8|  11|   9|   6|  11|  10|   9|   7|  10|  13|   9|   9|   8|   9|   9|  10|   6|   8| ## |  12|  10|   9|  10|  10|   8|  11|   9|  12|  13|   9|  13|  12|   9|  16|  11|  11|  13|  12|   9|   9|   8|  10|  12|  10|   5|  10|   9|   9|   8|   7|  11|   9|  13|   6|   7|   8|   6|  11|   8|   7|  10|   7|   6|   7|[18]| 594|  24|
 +----+----+----+----+----+----+----+----+----+----+----+----+----+----+----+----+----+----+----+----+----+----+----+----+----+----+----+----+----+----+----+----+----+----+----+----+----+----+----+----+----+----+----+----+----+----+----+----+----+----+----+----+----+----+----+----+----+----+----+----+----+----+----+----+----+----+----+----+
 |[19]|    |    |   1|   2|    |   1|   1|   1|    |   1|   1|    |   1|    |   1|   1|    |   1|   1| ## |   1|   1|   1|   1|    |    |   2|   2|   1|   1|   1|   1|   1|   1|   1|   1|   1|    |    |   1|    |   1|   1|   2|   1|    |    |    |    |   2|    |   1|    |   1|    |    |   2|    |   1|   2|   1|   1|    |    |[19]|  47|   3|
 +----+----+----+----+----+----+----+----+----+----+----+----+----+----+----+----+----+----+----+----+----+----+----+----+----+----+----+----+----+----+----+----+----+----+----+----+----+----+----+----+----+----+----+----+----+----+----+----+----+----+----+----+----+----+----+----+----+----+----+----+----+----+----+----+----+----+----+----+
 |[20]|   6|   2|   1|   9|   9|   8|   5|   3|   6|   6|   5|   8|   6|   7|   5|   7|   5|   4|   1|   5| ## |   5|   3|   5|   4|   3|   8|   4|   6|   4|   4|   8|   2|   4|   4|   7|   6|   6|   3|   7|   5|   7|   7|   3|   6|   6|   7|   3|   6|   1|   7|   8|   7|   4|   3|   8|   5|   4|   3|   4|   3|   3|   2|   7|[20]| 320|  12|
 +----+----+----+----+----+----+----+----+----+----+----+----+----+----+----+----+----+----+----+----+----+----+----+----+----+----+----+----+----+----+----+----+----+----+----+----+----+----+----+----+----+----+----+----+----+----+----+----+----+----+----+----+----+----+----+----+----+----+----+----+----+----+----+----+----+----+----+----+
 |[21]|   7|   9|   9|   7|  12|   7|   5|   8|   6|   9|   6|   9|  11|   6|   7|   8|   6|   4|   8|  12|   7| ## |   5|   9|   9|   6|   8|   9|   9|   7|  10|   9|   5|   9|   8|  10|   8|   8|   8|  11|  11|   8|   6|   7|   6|  11|   7|   8|   5|   8|  12|   7|   6|  10|   7|   7|   8|   8|  10|   9|   5|  12|   5|   8|[21]| 502|  18|
 +----+----+----+----+----+----+----+----+----+----+----+----+----+----+----+----+----+----+----+----+----+----+----+----+----+----+----+----+----+----+----+----+----+----+----+----+----+----+----+----+----+----+----+----+----+----+----+----+----+----+----+----+----+----+----+----+----+----+----+----+----+----+----+----+----+----+----+----+
 |[22]|   6|   6|   6|   3|   8|   6|   3|   4|   4|   7|   4|   5|   5|   7|   6|   4|   4|   3|   5|   6|   3|   2| ## |   7|   4|   3|   8|   3|   8|   6|   4|   4|   6|   7|   5|   8|   4|   8|   7|   4|   7|   6|   6|   6|   4|   8|   6|   4|   5|   4|   6|   5|  10|   7|   5|   5|   4|   7|   4|   6|   6|   2|   4|   9|[22]| 339|  14|
 +----+----+----+----+----+----+----+----+----+----+----+----+----+----+----+----+----+----+----+----+----+----+----+----+----+----+----+----+----+----+----+----+----+----+----+----+----+----+----+----+----+----+----+----+----+----+----+----+----+----+----+----+----+----+----+----+----+----+----+----+----+----+----+----+----+----+----+----+
 |[23]|   1|   2|    |   1|   3|   2|   2|    |   1|   2|   1|   3|   2|   1|   1|   1|   1|   1|   1|   2|   1|   1|   1| ## |    |   1|   1|   1|   2|    |   1|   1|    |   2|   1|   2|   2|   1|   1|   1|   1|   2|   1|    |   1|   1|   1|   2|   1|   1|   2|   2|   1|   1|    |   1|   2|   1|   1|   2|    |   1|   1|   2|[23]|  76|   4|
 +----+----+----+----+----+----+----+----+----+----+----+----+----+----+----+----+----+----+----+----+----+----+----+----+----+----+----+----+----+----+----+----+----+----+----+----+----+----+----+----+----+----+----+----+----+----+----+----+----+----+----+----+----+----+----+----+----+----+----+----+----+----+----+----+----+----+----+----+
 |[24]|   1|    |   1|   3|   4|   3|   3|   1|   3|   1|   1|   5|   2|   4|   2|   4|   3|   4|   2|   3|   3|   2|   4|   4| ## |   2|   3|   3|    |   2|   3|   1|   3|   1|   3|   2|   3|   2|   4|   4|   2|   3|   3|   2|   3|   1|   2|   2|   3|   3|   2|   4|   4|   4|   2|   3|   3|    |   2|   3|   2|   2|   1|   4|[24]| 159|  10|
 +----+----+----+----+----+----+----+----+----+----+----+----+----+----+----+----+----+----+----+----+----+----+----+----+----+----+----+----+----+----+----+----+----+----+----+----+----+----+----+----+----+----+----+----+----+----+----+----+----+----+----+----+----+----+----+----+----+----+----+----+----+----+----+----+----+----+----+----+
 |[25]|  12|  15|  17|  11|  13|  14|  14|  11|  12|   9|   6|  11|   8|  13|  13|  13|  12|   9|   7|  10|  14|   9|   9|  13|   6| ## |  10|  10|  11|  13|  10|  10|   8|  11|  10|  10|  14|   8|  13|  12|  11|  14|  11|  13|   6|   9|  12|  12|  16|  13|  11|   9|  14|  12|  12|   9|  10|  16|   8|  14|  10|  10|  11|   9|[25]| 703|  41|
 +----+----+----+----+----+----+----+----+----+----+----+----+----+----+----+----+----+----+----+----+----+----+----+----+----+----+----+----+----+----+----+----+----+----+----+----+----+----+----+----+----+----+----+----+----+----+----+----+----+----+----+----+----+----+----+----+----+----+----+----+----+----+----+----+----+----+----+----+
 |[26]|   3|   4|   4|    |   4|   5|   5|   2|   5|   5|   2|   4|   2|   3|   3|   5|   4|   4|   5|   2|   3|   5|   2|   2|   3|   3| ## |   6|   4|   2|   3|   2|   1|   4|   3|   4|   3|   3|   5|   2|   4|   3|   4|   2|   2|   2|   5|   3|   3|   4|   4|   3|   4|   3|   4|   3|   7|    |   4|   3|   2|   4|   3|   1|[26]| 208|  10|
 +----+----+----+----+----+----+----+----+----+----+----+----+----+----+----+----+----+----+----+----+----+----+----+----+----+----+----+----+----+----+----+----+----+----+----+----+----+----+----+----+----+----+----+----+----+----+----+----+----+----+----+----+----+----+----+----+----+----+----+----+----+----+----+----+----+----+----+----+
 |[27]|  15|  18|   7|  13|  19|  13|  13|  13|   9|  16|  16|  13|  15|  13|  15|  10|  12|  14|  14|  14|  12|  11|  14|   9|  20|   7|  15| ## |  10|  15|  18|  13|   9|  13|   9|  15|  15|  12|  14|  19|  13|  11|  17|  19|  10|  19|  17|  10|  12|  11|  13|  18|  15|  17|  18|   9|  16|  17|  11|  14|  16|  12|  11|  16|[27]| 864|  37|
 +----+----+----+----+----+----+----+----+----+----+----+----+----+----+----+----+----+----+----+----+----+----+----+----+----+----+----+----+----+----+----+----+----+----+----+----+----+----+----+----+----+----+----+----+----+----+----+----+----+----+----+----+----+----+----+----+----+----+----+----+----+----+----+----+----+----+----+----+
 |[28]|   1|   1|   1|   4|   3|   1|   3|   2|    |   2|    |   4|   2|   3|   2|   3|   2|   2|   3|   2|   2|   1|   3|    |   2|   2|   3|   1| ## |   4|   2|   2|   1|   3|   1|   3|   2|   2|   2|   3|   3|   3|   2|   2|   2|   2|   3|    |   2|    |   2|   2|   2|   3|    |   1|   1|   5|   3|   1|   3|    |    |   3|[28]| 125|   5|
 +----+----+----+----+----+----+----+----+----+----+----+----+----+----+----+----+----+----+----+----+----+----+----+----+----+----+----+----+----+----+----+----+----+----+----+----+----+----+----+----+----+----+----+----+----+----+----+----+----+----+----+----+----+----+----+----+----+----+----+----+----+----+----+----+----+----+----+----+
 |[29]|  10|   4|   6|   9|   8|   7|   5|   5|   5|   5|   4|   8|   4|   6|   8|   7|   6|   3|   7|   5|   6|   4|   7|   5|   5|   8|   4|   5|   7| ## |   6|   8|   6|   5|   5|  11|   5|   5|   7|   8|   7|   7|   7|   5|   7|   5|   3|   5|   8|   5|   6|   4|   8|   2|   4|   5|   5|  10|   8|   6|   8|   3|   7|   7|[29]| 381|  20|
 +----+----+----+----+----+----+----+----+----+----+----+----+----+----+----+----+----+----+----+----+----+----+----+----+----+----+----+----+----+----+----+----+----+----+----+----+----+----+----+----+----+----+----+----+----+----+----+----+----+----+----+----+----+----+----+----+----+----+----+----+----+----+----+----+----+----+----+----+
 |[30]|   1|   2|   2|   1|   1|    |   2|   2|   3|   3|   1|   2|   3|   1|   2|   2|   1|   1|   2|   3|   3|    |   2|   3|   1|    |   2|   3|   1|    | ## |   3|   2|   3|   1|   2|   1|   1|   2|    |    |   3|   3|   1|   1|   1|   2|   1|   1|   2|   2|   1|   2|   2|   2|    |   2|   2|   3|   2|   2|   3|   2|   1|[30]| 106|   3|
 +----+----+----+----+----+----+----+----+----+----+----+----+----+----+----+----+----+----+----+----+----+----+----+----+----+----+----+----+----+----+----+----+----+----+----+----+----+----+----+----+----+----+----+----+----+----+----+----+----+----+----+----+----+----+----+----+----+----+----+----+----+----+----+----+----+----+----+----+
 |[31]|   4|   4|   2|   5|   3|   3|   3|   2|   3|   3|   3|   4|   2|    |   3|   4|   4|   5|   2|   5|   4|   3|   4|   2|   2|   4|   3|   3|   2|   2|   2| ## |   3|   4|   4|   3|   3|   4|   3|   3|   4|   3|    |   2|   3|   2|   2|   2|   3|   2|   1|   1|   3|   2|   1|   3|   1|   3|   3|   3|   4|   1|   3|   3|[31]| 177|   7|
 +----+----+----+----+----+----+----+----+----+----+----+----+----+----+----+----+----+----+----+----+----+----+----+----+----+----+----+----+----+----+----+----+----+----+----+----+----+----+----+----+----+----+----+----+----+----+----+----+----+----+----+----+----+----+----+----+----+----+----+----+----+----+----+----+----+----+----+----+
 |[32]|  12|  10|   7|  11|  10|   9|  11|   6|  10|  11|   9|  10|   8|   9|   7|  11|  11|   5|   6|  10|  10|   8|   8|   8|  10|  12|  12|   7|  11|   8|  11|  10| ## |  11|  10|  11|  10|  11|   6|  10|  10|  12|   9|   7|  13|   9|  10|  10|  12|   5|   7|  11|  11|  11|   8|   9|  12|  11|   7|  11|   9|  10|   8|  11|[32]| 600|  20|
 +----+----+----+----+----+----+----+----+----+----+----+----+----+----+----+----+----+----+----+----+----+----+----+----+----+----+----+----+----+----+----+----+----+----+----+----+----+----+----+----+----+----+----+----+----+----+----+----+----+----+----+----+----+----+----+----+----+----+----+----+----+----+----+----+----+----+----+----+
 |[33]|  14|  14|  15|  17|  18|  19|   8|  18|  13|  16|   9|  18|  14|  14|  14|  18|  16|  12|  15|  14|  19|  15|  14|  16|  13|   7|  16|   9|  18|  16|  15|  14|  13| ## |   8|  13|  16|  14|  14|  18|  14|  10|  17|   9|  11|  14|  19|  12|  14|  13|  12|  16|  12|  15|  12|  16|  16|  14|  10|  15|  17|  12|  13|  12|[33]| 889|  30|
 +----+----+----+----+----+----+----+----+----+----+----+----+----+----+----+----+----+----+----+----+----+----+----+----+----+----+----+----+----+----+----+----+----+----+----+----+----+----+----+----+----+----+----+----+----+----+----+----+----+----+----+----+----+----+----+----+----+----+----+----+----+----+----+----+----+----+----+----+
 |[34]|   3|    |   3|   2|   7|   4|   4|   5|   2|   2|   6|   2|    |   3|   1|   3|   2|   4|   2|   3|   2|   3|   3|   3|   3|   2|   2|   4|   2|   1|   3|   4|   3|    | ## |   3|   4|   2|   2|   1|   5|   3|   4|   1|   4|    |   5|   2|   2|   1|   6|   3|   3|   1|   4|   3|   4|   3|   1|   1|   3|   2|   3|   4|[34]| 173|   8|
 +----+----+----+----+----+----+----+----+----+----+----+----+----+----+----+----+----+----+----+----+----+----+----+----+----+----+----+----+----+----+----+----+----+----+----+----+----+----+----+----+----+----+----+----+----+----+----+----+----+----+----+----+----+----+----+----+----+----+----+----+----+----+----+----+----+----+----+----+
 |[35]|   4|   2|   1|   2|   5|   2|   4|   3|   1|   1|   4|   2|   4|   3|   2|   1|   2|   2|   2|   2|   2|   2|   1|   4|   3|    |   2|   2|   2|   1|   3|   3|   3|   1|   1| ## |   1|   2|   4|   2|   1|   4|   3|   4|   2|   2|   3|   2|   3|   1|   3|   3|   5|   1|   3|   2|   4|   3|   2|   4|   3|   3|   1|   3|[35]| 153|   6|
 +----+----+----+----+----+----+----+----+----+----+----+----+----+----+----+----+----+----+----+----+----+----+----+----+----+----+----+----+----+----+----+----+----+----+----+----+----+----+----+----+----+----+----+----+----+----+----+----+----+----+----+----+----+----+----+----+----+----+----+----+----+----+----+----+----+----+----+----+
 |[36]|   3|   1|   6|   2|   3|   6|   6|   2|   1|   5|   2|   1|   5|   2|   4|   1|   1|   5|   4|   2|   3|   4|   4|   2|   4|   6|   2|   7|   2|    |   2|   4|   1|   1|   3|   5| ## |   3|   4|   2|   3|   4|   4|   2|   3|   4|   1|   2|   1|   6|   7|   5|   1|   4|   5|   1|   3|   4|   2|   5|   2|   4|    |   5|[36]| 199|  12|
 +----+----+----+----+----+----+----+----+----+----+----+----+----+----+----+----+----+----+----+----+----+----+----+----+----+----+----+----+----+----+----+----+----+----+----+----+----+----+----+----+----+----+----+----+----+----+----+----+----+----+----+----+----+----+----+----+----+----+----+----+----+----+----+----+----+----+----+----+
 |[37]|   1|   2|   2|   2|   2|   1|   1|   1|   2|   1|   1|   2|    |   1|   1|   1|   1|   2|   1|   2|   2|   2|   2|   1|   1|   1|   1|   2|   2|   1|   1|   1|   2|   1|   2|    |   1| ## |   1|   2|   1|   1|   2|   1|   2|   1|   2|   1|   1|   1|   1|   2|   2|   1|    |   1|   2|   2|   1|   2|   1|   1|   1|   2|[37]|  85|   3|
 +----+----+----+----+----+----+----+----+----+----+----+----+----+----+----+----+----+----+----+----+----+----+----+----+----+----+----+----+----+----+----+----+----+----+----+----+----+----+----+----+----+----+----+----+----+----+----+----+----+----+----+----+----+----+----+----+----+----+----+----+----+----+----+----+----+----+----+----+
 |[38]|   5|   6|   5|   5|   8|   4|   3|   7|   3|   8|   4|  11|   5|   7|   5|   4|   8|   5|   6|  10|   6|   7|   5|   7|   3|   4|   6|   6|   5|   2|   6|   6|   6|   7|   4|  11|   9|   6| ## |   6|   8|   7|   9|   6|   8|   6|   8|   6|   7|   5|   7|   9|   9|   7|   5|   4|  10|   3|   6|   5|  10|   6|   4|   8|[38]| 394|  16|
 +----+----+----+----+----+----+----+----+----+----+----+----+----+----+----+----+----+----+----+----+----+----+----+----+----+----+----+----+----+----+----+----+----+----+----+----+----+----+----+----+----+----+----+----+----+----+----+----+----+----+----+----+----+----+----+----+----+----+----+----+----+----+----+----+----+----+----+----+
 |[39]|   7|   6|   3|   6|   5|   7|   5|   7|   7|   5|   3|   5|   6|   7|   6|   9|   3|   5|   5|   5|   8|   5|   5|   5|   7|   4|   6|   5|   7|   4|   8|   7|   2|   4|   4|   7|   4|   4|   7| ## |   6|   4|   5|   5|   5|   4|   4|   5|   4|   6|   8|   5|   4|   4|   4|   6|   9|   5|   2|   5|   4|   1|   4|   4|[39]| 328|  12|
 +----+----+----+----+----+----+----+----+----+----+----+----+----+----+----+----+----+----+----+----+----+----+----+----+----+----+----+----+----+----+----+----+----+----+----+----+----+----+----+----+----+----+----+----+----+----+----+----+----+----+----+----+----+----+----+----+----+----+----+----+----+----+----+----+----+----+----+----+
 |[40]|  19|  21|  20|  20|  32|  21|  20|  27|  31|  26|  22|  24|  20|  21|  21|  24|  30|  19|  28|  28|  28|  28|  27|  21|  20|  16|  24|  19|  33|  30|  28|  17|  19|  37|  24|  30|  21|  24|  31|  24| ## |  23|  27|  30|  25|  20|  30|  26|  23|  19|  21|  21|  25|  28|  28|  25|  28|  27|  17|  21|  32|  29|  18|  32|[40]|1550|  68|
 +----+----+----+----+----+----+----+----+----+----+----+----+----+----+----+----+----+----+----+----+----+----+----+----+----+----+----+----+----+----+----+----+----+----+----+----+----+----+----+----+----+----+----+----+----+----+----+----+----+----+----+----+----+----+----+----+----+----+----+----+----+----+----+----+----+----+----+----+
 |[41]|   2|   3|    |   2|   2|   2|   1|    |   1|   2|   2|   2|   1|   3|   2|   3|   2|   1|   1|   2|   1|   2|   1|   3|   3|   2|    |    |   2|   3|   1|   3|    |   2|   2|   4|   3|   2|   2|   1|   3| ## |   1|   1|   1|   2|   1|   2|    |   2|   2|   2|   2|   2|   2|   2|   2|   1|   1|   1|   3|   1|   1|   2|[41]| 108|   8|
 +----+----+----+----+----+----+----+----+----+----+----+----+----+----+----+----+----+----+----+----+----+----+----+----+----+----+----+----+----+----+----+----+----+----+----+----+----+----+----+----+----+----+----+----+----+----+----+----+----+----+----+----+----+----+----+----+----+----+----+----+----+----+----+----+----+----+----+----+
 |[42]|   2|   5|   5|   5|   8|   2|   6|   5|   6|   3|   5|   6|   4|   6|   4|   5|   6|   5|   2|   6|   6|   5|   7|   8|   7|   4|   5|   3|   7|   3|   9|   5|   7|   6|   5|   7|   6|   7|   4|   6|   5|   7| ## |   3|   7|   6|   7|   5|   8|   6|   7|   7|   9|   5|   2|   4|   8|   5|   3|   4|   7|   5|   6|   4|[42]| 343|  11|
 +----+----+----+----+----+----+----+----+----+----+----+----+----+----+----+----+----+----+----+----+----+----+----+----+----+----+----+----+----+----+----+----+----+----+----+----+----+----+----+----+----+----+----+----+----+----+----+----+----+----+----+----+----+----+----+----+----+----+----+----+----+----+----+----+----+----+----+----+
 |[43]|  13|  10|   9|  11|  15|  10|  10|  14|  16|  13|  14|  12|  12|  12|  16|  15|  13|   8|  10|  11|  13|  11|  11|  10|   9|   6|  15|  11|  18|  11|   9|   7|   9|  11|  10|  13|  12|  10|  10|  15|  14|  11|  15| ## |   6|  13|  12|  12|  13|  11|  11|  10|  12|   7|  12|   8|  15|  12|  14|  15|  10|  12|   5|  14|[43]| 729|  31|
 +----+----+----+----+----+----+----+----+----+----+----+----+----+----+----+----+----+----+----+----+----+----+----+----+----+----+----+----+----+----+----+----+----+----+----+----+----+----+----+----+----+----+----+----+----+----+----+----+----+----+----+----+----+----+----+----+----+----+----+----+----+----+----+----+----+----+----+----+
 |[44]|   6|   8|   5|   4|   7|   5|   7|   6|   4|   4|   8|   8|   4|   6|   5|   5|   6|   6|   5|   8|   4|   8|   7|   6|   6|   3|   6|   7|   7|   4|   6|   9|   3|   5|   4|   8|   8|   6|   5|   3|   8|   7|   7|   7| ## |  10|   8|   8|   8|  12|   5|   7|   9|   8|   5|   3|   7|   7|   2|   8|   5|   8|   6|   8|[44]| 395|  18|
 +----+----+----+----+----+----+----+----+----+----+----+----+----+----+----+----+----+----+----+----+----+----+----+----+----+----+----+----+----+----+----+----+----+----+----+----+----+----+----+----+----+----+----+----+----+----+----+----+----+----+----+----+----+----+----+----+----+----+----+----+----+----+----+----+----+----+----+----+
 |[45]|   7|   7|   5|   9|  14|  11|  14|   9|   9|  10|   7|  10|  13|  13|   8|   8|  12|   9|  11|  13|  10|   9|  13|   8|  12|   7|  12|  10|   9|  10|   8|   8|   8|   7|   8|   9|   9|  15|  10|  12|  12|  10|  12|  12|  10| ## |  16|  12|  11|  11|   9|   9|  13|   8|   8|  10|  14|  14|   7|  11|   8|   9|   7|  10|[45]| 636|  27|
 +----+----+----+----+----+----+----+----+----+----+----+----+----+----+----+----+----+----+----+----+----+----+----+----+----+----+----+----+----+----+----+----+----+----+----+----+----+----+----+----+----+----+----+----+----+----+----+----+----+----+----+----+----+----+----+----+----+----+----+----+----+----+----+----+----+----+----+----+
 |[46]|   2|   3|   2|   2|   3|   3|   2|   1|   1|   3|   2|   2|   1|   2|   1|   2|   2|   2|    |   3|   1|   2|   2|   3|   3|   3|   2|   2|   2|   1|   1|   2|   3|   3|   4|   2|   2|   3|   2|   1|   3|   4|   3|   2|    |   3| ## |   3|   2|   3|   1|   4|   5|   1|   3|   2|   2|   1|   3|   2|   4|   3|    |   3|[46]| 140|   6|
 +----+----+----+----+----+----+----+----+----+----+----+----+----+----+----+----+----+----+----+----+----+----+----+----+----+----+----+----+----+----+----+----+----+----+----+----+----+----+----+----+----+----+----+----+----+----+----+----+----+----+----+----+----+----+----+----+----+----+----+----+----+----+----+----+----+----+----+----+
 |[47]|   3|   2|   4|   2|   3|   5|   2|   2|   3|   3|   4|   2|   2|   2|   1|   4|   2|   2|   1|   6|   2|   3|   4|   4|   3|   2|   6|   3|   3|   2|   2|   3|   3|   2|   2|   3|   2|   1|   3|   1|   4|   1|   2|   2|   3|   2|   3| ## |   4|   5|   3|   1|   4|   4|   4|   2|   4|   3|   1|   3|   3|   2|   5|   1|[47]| 175|   7|
 +----+----+----+----+----+----+----+----+----+----+----+----+----+----+----+----+----+----+----+----+----+----+----+----+----+----+----+----+----+----+----+----+----+----+----+----+----+----+----+----+----+----+----+----+----+----+----+----+----+----+----+----+----+----+----+----+----+----+----+----+----+----+----+----+----+----+----+----+
 |[48]|   5|   2|   3|   4|   3|   4|   5|   3|   3|   3|   5|   5|   3|   1|   2|   1|   3|   1|   3|   4|   1|   5|   4|   4|   1|   1|   1|   2|   5|   4|   2|   3|   4|   7|   2|   6|   6|   4|   4|   3|   2|   5|   3|   6|   4|   5|   5|   4| ## |   3|   1|   3|   4|   3|   2|   4|   2|   2|   2|   5|   5|   4|   2|   3|[48]| 211|  13|
 +----+----+----+----+----+----+----+----+----+----+----+----+----+----+----+----+----+----+----+----+----+----+----+----+----+----+----+----+----+----+----+----+----+----+----+----+----+----+----+----+----+----+----+----+----+----+----+----+----+----+----+----+----+----+----+----+----+----+----+----+----+----+----+----+----+----+----+----+
 |[49]|   5|   5|  11|   8|  10|   4|   6|  10|   7|  11|   8|  10|   6|   8|   8|  12|  10|   8|   6|   8|   6|  10|   6|  10|   5|   7|  12|   9|  10|   8|   6|   7|   7|   9|   7|   7|  10|   7|  10|   3|   8|   6|   7|   5|  11|   6|   8|   9|   8| ## |   9|   9|  11|   9|   5|   8|   8|   8|   9|   7|   8|   9|   8|   9|[49]| 502|  25|
 +----+----+----+----+----+----+----+----+----+----+----+----+----+----+----+----+----+----+----+----+----+----+----+----+----+----+----+----+----+----+----+----+----+----+----+----+----+----+----+----+----+----+----+----+----+----+----+----+----+----+----+----+----+----+----+----+----+----+----+----+----+----+----+----+----+----+----+----+
 |[50]|   2|   5|   2|   2|   4|   1|   3|   3|   2|   3|   3|   2|   3|    |   2|   1|   3|   1|   3|   3|   2|   2|   1|   3|   2|   1|   4|   1|   3|   2|   3|   3|   2|   4|   2|   1|   2|   5|   3|   2|   4|   3|   3|   2|   1|   3|   3|   1|   1|   1| ## |   5|   4|   1|   3|   1|   5|   4|   1|   3|   3|   2|   1|   4|[50]| 155|   7|
 +----+----+----+----+----+----+----+----+----+----+----+----+----+----+----+----+----+----+----+----+----+----+----+----+----+----+----+----+----+----+----+----+----+----+----+----+----+----+----+----+----+----+----+----+----+----+----+----+----+----+----+----+----+----+----+----+----+----+----+----+----+----+----+----+----+----+----+----+
 |[51]|   1|   2|   1|   2|   3|    |   2|   1|   2|   1|   1|   3|   1|   1|   2|   2|   1|    |   1|   1|   1|   3|   1|   1|   1|   2|   2|   2|   1|   1|   2|   1|   2|   1|   1|   2|   1|    |   1|   1|   2|   2|   2|    |   2|   1|   1|   3|   1|   1|   1| ## |   1|   2|    |   4|   1|   2|   2|   1|   2|    |   3|    |[51]|  89|  10|
 +----+----+----+----+----+----+----+----+----+----+----+----+----+----+----+----+----+----+----+----+----+----+----+----+----+----+----+----+----+----+----+----+----+----+----+----+----+----+----+----+----+----+----+----+----+----+----+----+----+----+----+----+----+----+----+----+----+----+----+----+----+----+----+----+----+----+----+----+
 |[52]|   5|   6|   2|   7|   7|   5|   3|   5|   7|   5|   7|   4|   4|   5|   5|   6|   5|   4|   4|   7|   9|   5|   6|   8|   4|   3|   7|   6|   6|   5|   6|   7|   7|   6|   4|   6|   6|   7|   5|   4|   4|   6|   2|   5|   5|   6|   6|   4|   4|   3|   5|   8| ## |   4|   3|   5|   6|   5|   3|   6|   7|   2|   3|   6|[52]| 328|  11|
 +----+----+----+----+----+----+----+----+----+----+----+----+----+----+----+----+----+----+----+----+----+----+----+----+----+----+----+----+----+----+----+----+----+----+----+----+----+----+----+----+----+----+----+----+----+----+----+----+----+----+----+----+----+----+----+----+----+----+----+----+----+----+----+----+----+----+----+----+
 |[53]|    |   1|   1|   3|   1|   1|   1|   3|   2|   1|   1|   2|   1|   1|   2|   2|   2|   1|   1|   2|    |   2|   1|   2|   1|    |   3|   1|   1|   1|   1|   2|   1|   2|    |   1|   2|   2|   3|   2|   2|   1|   1|   1|   1|   1|   2|   1|   2|   3|   2|   1|   1| ## |   1|   1|   1|   2|   1|   1|   1|   1|   1|   2|[53]|  88|   3|
 +----+----+----+----+----+----+----+----+----+----+----+----+----+----+----+----+----+----+----+----+----+----+----+----+----+----+----+----+----+----+----+----+----+----+----+----+----+----+----+----+----+----+----+----+----+----+----+----+----+----+----+----+----+----+----+----+----+----+----+----+----+----+----+----+----+----+----+----+
 |[54]|   4|   7|   4|   4|   7|   4|   7|   4|   9|   6|   5|   8|   7|   4|   3|   6|   6|   5|   4|   3|   4|   4|   6|   3|   7|   7|   7|   5|   8|   4|   7|   4|   4|   9|   4|   6|   3|   6|   4|   2|   7|   1|   5|   6|   7|   8|   8|   6|   6|   1|   7|   7|   3|   6| ## |   5|   6|   7|   4|   4|   6|   8|   4|   7|[54]| 340|  16|
 +----+----+----+----+----+----+----+----+----+----+----+----+----+----+----+----+----+----+----+----+----+----+----+----+----+----+----+----+----+----+----+----+----+----+----+----+----+----+----+----+----+----+----+----+----+----+----+----+----+----+----+----+----+----+----+----+----+----+----+----+----+----+----+----+----+----+----+----+
 |[55]|   5|   5|   4|   6|  10|   5|   6|   6|   7|   9|   6|   4|   7|   5|   7|   8|   7|   8|   5|   8|   4|   5|   5|   5|  10|   6|   6|   6|   7|   6|   5|   4|   8|   4|   7|   7|  10|  10|   5|  11|   4|   9|   5|   6|   6|  10|   9|   5|   7|   8|   6|   4|   6|   6|  11| ## |   9|   7|   7|   5|   7|   6|   6|  10|[55]| 418|  19|
 +----+----+----+----+----+----+----+----+----+----+----+----+----+----+----+----+----+----+----+----+----+----+----+----+----+----+----+----+----+----+----+----+----+----+----+----+----+----+----+----+----+----+----+----+----+----+----+----+----+----+----+----+----+----+----+----+----+----+----+----+----+----+----+----+----+----+----+----+
 |[56]|   8|   8|   6|   7|   3|   5|   7|   8|   4|   7|   6|   9|   3|   2|   6|   7|   7|   5|   6|   6|   7|   3|   7|   3|   6|   4|   5|   4|   8|   3|   6|   7|   4|   7|   5|   5|   5|   8|   7|   6|   7|   5|   8|   7|   4|   5|   5|   5|   5|   4|   6|   6|   8|   6|   4|   2| ## |   8|   5|   6|   6|   4|   6|   7|[56]| 359|  19|
 +----+----+----+----+----+----+----+----+----+----+----+----+----+----+----+----+----+----+----+----+----+----+----+----+----+----+----+----+----+----+----+----+----+----+----+----+----+----+----+----+----+----+----+----+----+----+----+----+----+----+----+----+----+----+----+----+----+----+----+----+----+----+----+----+----+----+----+----+
 |[57]|   9|   6|   7|  11|  10|   7|   7|   8|  14|   7|   8|  11|   7|   8|   5|   6|  13|   8|   7|  11|   8|   6|   6|  10|  11|   8|   5|  12|  12|   8|   8|   7|  10|  13|   8|   6|  11|   9|  10|   7|   9|   7|   9|   7|   8|   6|  14|   5|   8|  11|  10|   8|   9|   8|  10|   9|   8| ## |   7|  10|  14|   3|   8|  10|[57]| 543|  18|
 +----+----+----+----+----+----+----+----+----+----+----+----+----+----+----+----+----+----+----+----+----+----+----+----+----+----+----+----+----+----+----+----+----+----+----+----+----+----+----+----+----+----+----+----+----+----+----+----+----+----+----+----+----+----+----+----+----+----+----+----+----+----+----+----+----+----+----+----+
 |[58]|   8|   6|  10|   6|   8|   8|   8|   8|   9|   7|   7|   5|   5|   6|   5|   8|   7|   5|   9|   7|  10|   5|   9|  10|   5|   7|   3|   9|   7|   8|   8|   9|   6|   9|   8|   7|   6|   7|   8|   8|   6|   5|   8|  10|  10|   5|   4|   7|   9|   6|  10|   6|   7|   7|   7|   7|   7|   8| ## |  10|  11|   6|   5|   5|[58]| 457|  19|
 +----+----+----+----+----+----+----+----+----+----+----+----+----+----+----+----+----+----+----+----+----+----+----+----+----+----+----+----+----+----+----+----+----+----+----+----+----+----+----+----+----+----+----+----+----+----+----+----+----+----+----+----+----+----+----+----+----+----+----+----+----+----+----+----+----+----+----+----+
 |[59]|   4|   8|   6|   5|   9|   5|   7|   4|   5|   8|   8|   8|   5|  10|   6|   7|   6|   3|   9|   6|  10|   4|   6|  10|   7|   6|   7|   7|   7|   6|  11|   4|   4|   5|   7|   6|   9|   8|   8|   8|   9|   9|   9|   9|   8|   5|   7|   5|   8|   8|   5|   5|   6|   6|   8|   7|   9|   7|   7| ## |   7|  10|   5|   9|[59]| 437|  15|
 +----+----+----+----+----+----+----+----+----+----+----+----+----+----+----+----+----+----+----+----+----+----+----+----+----+----+----+----+----+----+----+----+----+----+----+----+----+----+----+----+----+----+----+----+----+----+----+----+----+----+----+----+----+----+----+----+----+----+----+----+----+----+----+----+----+----+----+----+
 |[60]|   4|   5|   3|   5|   6|   3|   2|   4|   2|   3|   5|   8|   2|   4|   1|   2|   5|   3|   3|   5|   4|   6|   1|   3|   3|   6|   5|   3|   4|   4|   3|   3|   4|   4|   6|   2|   2|   2|   4|   3|   6|   4|   4|   6|   1|   6|   5|   3|   5|   2|   4|   4|   3|   3|   5|   5|   5|   2|   1|   5| ## |   4|   2|   4|[60]| 236|   9|
 +----+----+----+----+----+----+----+----+----+----+----+----+----+----+----+----+----+----+----+----+----+----+----+----+----+----+----+----+----+----+----+----+----+----+----+----+----+----+----+----+----+----+----+----+----+----+----+----+----+----+----+----+----+----+----+----+----+----+----+----+----+----+----+----+----+----+----+----+
 |[61]|  12|   6|   8|  14|  18|  15|  19|  17|  16|  10|  17|  14|  10|  16|  21|  15|  17|  11|  13|  19|  17|  16|  17|  19|  18|  15|  13|  13|  15|  13|  13|  14|  14|  16|  10|  16|  15|  19|  11|  16|  15|  19|  14|  18|  13|  13|  18|  11|  13|  18|   9|  14|  15|  14|  10|  15|  11|   9|   8|  19|  17| ## |  15|  14|[61]| 910|  47|
 +----+----+----+----+----+----+----+----+----+----+----+----+----+----+----+----+----+----+----+----+----+----+----+----+----+----+----+----+----+----+----+----+----+----+----+----+----+----+----+----+----+----+----+----+----+----+----+----+----+----+----+----+----+----+----+----+----+----+----+----+----+----+----+----+----+----+----+----+
 |[62]|   7|   6|   6|  11|   8|   5|  10|   7|   7|   8|   6|   6|   9|   6|   9|   9|   7|   8|   9|   9|   5|   8|   8|   9|   8|   9|   8|   4|   7|   6|   8|   8|   7|  11|  10|   7|   9|  10|   8|   8|   5|   8|   8|   6|   8|   7|   9|   8|   5|   7|   9|   9|   7|   6|   6|   8|  10|   9|   6|  10|   5|  10| ## |   7|[62]| 484|  28|
 +----+----+----+----+----+----+----+----+----+----+----+----+----+----+----+----+----+----+----+----+----+----+----+----+----+----+----+----+----+----+----+----+----+----+----+----+----+----+----+----+----+----+----+----+----+----+----+----+----+----+----+----+----+----+----+----+----+----+----+----+----+----+----+----+----+----+----+----+
 |[63]|   4|   6|   6|   6|  12|   7|   4|   6|   8|   5|   4|   8|  10|   6|   4|   9|   9|   5|   5|   9|   6|   9|   3|   9|   9|   6|   4|   8|   9|   2|   9|   7|   7|  10|   3|   9|  10|   7|   7|  10|   6|   6|   4|   6|   7|  11|  11|   8|   7|   5|  10|  11|  10|   4|   5|   5|   8|   4|   6|  11|   9|   6|   3| ## |[63]| 440|  18|
 +----+----+----+----+----+----+----+----+----+----+----+----+----+----+----+----+----+----+----+----+----+----+----+----+----+----+----+----+----+----+----+----+----+----+----+----+----+----+----+----+----+----+----+----+----+----+----+----+----+----+----+----+----+----+----+----+----+----+----+----+----+----+----+----+----+----+----+----+
 | ## |[ 0]|[ 1]|[ 2]|[ 3]|[ 4]|[ 5]|[ 6]|[ 7]|[ 8]|[ 9]|[10]|[11]|[12]|[13]|[14]|[15]|[16]|[17]|[18]|[19]|[20]|[21]|[22]|[23]|[24]|[25]|[26]|[27]|[28]|[29]|[30]|[31]|[32]|[33]|[34]|[35]|[36]|[37]|[38]|[39]|[40]|[41]|[42]|[43]|[44]|[45]|[46]|[47]|[48]|[49]|[50]|[51]|[52]|[53]|[54]|[55]|[56]|[57]|[58]|[59]|[60]|[61]|[62]|[63]| ## | ## |1024|
 +----+----+----+----+----+----+----+----+----+----+----+----+----+----+----+----+----+----+----+----+----+----+----+----+----+----+----+----+----+----+----+----+----+----+----+----+----+----+----+----+----+----+----+----+----+----+----+----+----+----+----+----+----+----+----+----+----+----+----+----+----+----+----+----+----+----+----+----+
 | TTL| 344| 353| 324| 366| 457| 356| 365| 353| 352| 382| 338| 415| 348| 349| 346| 405| 389| 306| 336| 414| 381| 353| 352| 393| 359| 295| 370| 327| 425| 327| 395| 367| 297| 396| 329| 412| 393| 385| 373| 382| 357| 389| 406| 358| 347| 362| 427| 349| 372| 348| 381| 395| 414| 357| 334| 344| 419| 374| 288| 397| 407| 338| 287| 395| ## | ## | ## |
 +----+----+----+----+----+----+----+----+----+----+----+----+----+----+----+----+----+----+----+----+----+----+----+----+----+----+----+----+----+----+----+----+----+----+----+----+----+----+----+----+----+----+----+----+----+----+----+----+----+----+----+----+----+----+----+----+----+----+----+----+----+----+----+----+----+----+----+----+






