

 Use image  :  cameraman.bmp




  Relationship between basis and replaceable basis


  Number of basis used : 0, 1 


  [basis number] : Number of substitutable basis for basis number 


 *Total on the right : Number of replacements (Be done)

  Total below : Number of replacements (To do)


  Of the amount of improvement  : 0 ~ 25.000000

----------------------------------------------------------------------------------

 +----+----+----+----+----+----+----+----+----+----+----+----+----+----+----+----+----+----+----+----+----+----+----+----+----+----+----+----+----+----+----+----+----+----+----+----+----+----+----+----+----+----+----+----+----+----+----+----+----+----+----+----+----+----+----+----+----+----+----+----+----+----+----+----+----+----+----+----+
 | ## |[ 0]|[ 1]|[ 2]|[ 3]|[ 4]|[ 5]|[ 6]|[ 7]|[ 8]|[ 9]|[10]|[11]|[12]|[13]|[14]|[15]|[16]|[17]|[18]|[19]|[20]|[21]|[22]|[23]|[24]|[25]|[26]|[27]|[28]|[29]|[30]|[31]|[32]|[33]|[34]|[35]|[36]|[37]|[38]|[39]|[40]|[41]|[42]|[43]|[44]|[45]|[46]|[47]|[48]|[49]|[50]|[51]|[52]|[53]|[54]|[55]|[56]|[57]|[58]|[59]|[60]|[61]|[62]|[63]| ## | TTL| ## |                                                                                    
 +----+----+----+----+----+----+----+----+----+----+----+----+----+----+----+----+----+----+----+----+----+----+----+----+----+----+----+----+----+----+----+----+----+----+----+----+----+----+----+----+----+----+----+----+----+----+----+----+----+----+----+----+----+----+----+----+----+----+----+----+----+----+----+----+----+----+----+----+
 |[ 0]| ## |   7|   7|   4|   6|   5|  10|   5|   4|   7|   6|   3|   7|   5|   6|   8|   8|   6|   2|   7|   4|   5|   5|   9|   7|   3|   5|   5|   8|   2|   6|   5|   2|   5|   7|   5|   7|   2|   3|   5|   7|  10|   6|   6|   6|   5|   5|   7|   5|   5|   8|   8|   5|   5|   4|   5|   6|   8|   3|   8|   9|   6|   6|   7|[ 0]| 363|  21|
 +----+----+----+----+----+----+----+----+----+----+----+----+----+----+----+----+----+----+----+----+----+----+----+----+----+----+----+----+----+----+----+----+----+----+----+----+----+----+----+----+----+----+----+----+----+----+----+----+----+----+----+----+----+----+----+----+----+----+----+----+----+----+----+----+----+----+----+----+
 |[ 1]|   3| ## |   3|   3|   3|   2|   2|   2|    |   5|   1|   4|   5|   2|    |   5|   2|   1|   4|   5|   5|   2|   3|   4|   3|   4|   3|   4|   4|   2|   5|   2|   1|   5|   1|   4|   1|   2|   1|   4|   1|   3|   3|   1|   2|   3|   4|   2|   2|   4|   5|   4|   2|   2|   6|   3|   3|   1|   3|   5|   2|   2|   2|   4|[ 1]| 181|   9|
 +----+----+----+----+----+----+----+----+----+----+----+----+----+----+----+----+----+----+----+----+----+----+----+----+----+----+----+----+----+----+----+----+----+----+----+----+----+----+----+----+----+----+----+----+----+----+----+----+----+----+----+----+----+----+----+----+----+----+----+----+----+----+----+----+----+----+----+----+
 |[ 2]|   9|  10| ## |   5|   3|  10|  10|   7|  10|   8|   7|   6|   8|   4|   9|   4|   4|   5|   7|   9|  11|   7|   8|   9|  10|   5|   8|   4|   9|   8|   8|   8|   5|   8|   7|   8|   9|   9|   5|   8|   6|   7|   6|   5|   9|   7|   7|  10|   6|   9|   9|   6|   7|   6|   5|   8|   9|   9|   3|   6|   8|   6|   7|  10|[ 2]| 460|  18|
 +----+----+----+----+----+----+----+----+----+----+----+----+----+----+----+----+----+----+----+----+----+----+----+----+----+----+----+----+----+----+----+----+----+----+----+----+----+----+----+----+----+----+----+----+----+----+----+----+----+----+----+----+----+----+----+----+----+----+----+----+----+----+----+----+----+----+----+----+
 |[ 3]|   2|   2|    | ## |   2|   2|   1|    |   2|   1|   1|   2|    |   1|   1|   2|   3|   3|   2|   1|   1|   2|   3|   3|   1|    |    |   1|   1|   1|   3|   2|    |   1|   1|   2|   2|   2|   1|   2|    |   2|   1|   2|   2|   3|   1|   4|   1|   1|   1|   3|   2|   2|   1|    |   4|   3|    |   2|   1|   2|   1|   1|[ 3]|  97|   4|
 +----+----+----+----+----+----+----+----+----+----+----+----+----+----+----+----+----+----+----+----+----+----+----+----+----+----+----+----+----+----+----+----+----+----+----+----+----+----+----+----+----+----+----+----+----+----+----+----+----+----+----+----+----+----+----+----+----+----+----+----+----+----+----+----+----+----+----+----+
 |[ 4]|   1|   1|   1|   2| ## |    |    |   2|   1|   2|   2|   3|   1|    |    |   2|   2|   1|   1|   2|   3|   1|   1|   1|    |   1|    |    |   2|    |   2|   1|   1|   1|    |   1|   2|   2|   2|   1|   1|   1|   1|   2|    |   1|   2|   1|   1|    |    |    |   1|    |    |   1|   2|   1|   1|    |   2|    |    |   1|[ 4]|  65|   5|
 +----+----+----+----+----+----+----+----+----+----+----+----+----+----+----+----+----+----+----+----+----+----+----+----+----+----+----+----+----+----+----+----+----+----+----+----+----+----+----+----+----+----+----+----+----+----+----+----+----+----+----+----+----+----+----+----+----+----+----+----+----+----+----+----+----+----+----+----+
 |[ 5]|   1|   1|   2|   4|   3| ## |    |   3|   3|   3|   2|   3|   2|   1|   1|   2|   1|    |   2|   1|   2|    |   1|    |   2|   1|   2|    |   2|   3|   2|   3|   1|   3|   3|   2|   2|   2|   2|   1|    |   1|   3|   3|   2|   3|   3|   1|   3|   1|   1|   1|   3|   2|   1|   4|   4|   2|   1|   3|   2|   4|   1|   2|[ 5]| 120|   9|
 +----+----+----+----+----+----+----+----+----+----+----+----+----+----+----+----+----+----+----+----+----+----+----+----+----+----+----+----+----+----+----+----+----+----+----+----+----+----+----+----+----+----+----+----+----+----+----+----+----+----+----+----+----+----+----+----+----+----+----+----+----+----+----+----+----+----+----+----+
 |[ 6]|  16|   9|   7|  10|  14|  10| ## |  14|  10|  10|  12|  12|  12|   9|  18|  12|  12|  13|  10|  11|  13|  10|  10|  11|   9|   9|   8|  10|  12|   9|  15|  10|   9|  10|   8|  15|   9|   6|  15|  11|  10|  15|  13|  10|   9|   9|  11|   6|  11|  10|   9|  10|  10|   6|  10|  13|  11|   6|   9|  14|  14|  12|  11|  10|[ 6]| 679|  33|
 +----+----+----+----+----+----+----+----+----+----+----+----+----+----+----+----+----+----+----+----+----+----+----+----+----+----+----+----+----+----+----+----+----+----+----+----+----+----+----+----+----+----+----+----+----+----+----+----+----+----+----+----+----+----+----+----+----+----+----+----+----+----+----+----+----+----+----+----+
 |[ 7]|   9|   7|   8|   6|   6|   5|   8| ## |   6|   8|   6|   7|   6|   5|   8|   8|   8|   4|   3|   6|   5|   5|   3|   6|   4|   7|   5|   7|  10|   6|   7|   6|   6|   6|   4|   7|   3|   7|   6|  10|   4|   6|  11|   3|   7|   5|   4|   7|   4|   6|   4|   7|   9|   9|   5|   3|   9|   9|   6|   6|   6|   4|   4|   8|[ 7]| 390|  26|
 +----+----+----+----+----+----+----+----+----+----+----+----+----+----+----+----+----+----+----+----+----+----+----+----+----+----+----+----+----+----+----+----+----+----+----+----+----+----+----+----+----+----+----+----+----+----+----+----+----+----+----+----+----+----+----+----+----+----+----+----+----+----+----+----+----+----+----+----+
 |[ 8]|   5|   9|   7|  11|  13|   7|  13|  10| ## |   8|   9|  12|   8|   9|   8|  11|  12|   8|   9|  12|   9|   8|  10|   8|   9|   8|   8|   8|  12|   8|   8|  12|   6|   9|   9|   6|   7|  11|  10|   9|   9|   8|  12|  11|   8|  11|   8|  11|  11|  12|  13|  10|  10|   9|   4|   8|   9|   9|   3|  11|  11|   9|  10|   8|[ 8]| 581|  35|
 +----+----+----+----+----+----+----+----+----+----+----+----+----+----+----+----+----+----+----+----+----+----+----+----+----+----+----+----+----+----+----+----+----+----+----+----+----+----+----+----+----+----+----+----+----+----+----+----+----+----+----+----+----+----+----+----+----+----+----+----+----+----+----+----+----+----+----+----+
 |[ 9]|   3|   5|   6|   6|   6|   4|   5|   6|   2| ## |   1|   5|   5|   5|   5|   5|   4|   5|   2|   6|   7|   4|   5|   6|   5|   4|   3|   6|   5|   6|   5|   5|   3|   6|   4|   3|   4|   6|   4|   3|   4|   4|   7|   8|   6|   4|   6|   4|   4|   5|   4|   6|   6|   5|   3|   7|   4|   6|   4|   3|   6|   3|   2|   7|[ 9]| 298|  12|
 +----+----+----+----+----+----+----+----+----+----+----+----+----+----+----+----+----+----+----+----+----+----+----+----+----+----+----+----+----+----+----+----+----+----+----+----+----+----+----+----+----+----+----+----+----+----+----+----+----+----+----+----+----+----+----+----+----+----+----+----+----+----+----+----+----+----+----+----+
 |[10]|   2|   3|   7|   3|   3|   4|   5|   4|   4|   3| ## |   7|   4|   4|   4|   5|   5|   3|   6|   2|   6|   7|   4|   2|   3|   4|   4|   3|   4|   6|   5|   5|   6|   6|   4|   4|   4|   2|   2|   6|   6|   4|   5|   4|   6|   3|   5|   5|   7|   6|   5|   5|   3|   6|   5|   8|   3|   4|   4|   6|   3|   5|   4|   4|[10]| 281|  11|
 +----+----+----+----+----+----+----+----+----+----+----+----+----+----+----+----+----+----+----+----+----+----+----+----+----+----+----+----+----+----+----+----+----+----+----+----+----+----+----+----+----+----+----+----+----+----+----+----+----+----+----+----+----+----+----+----+----+----+----+----+----+----+----+----+----+----+----+----+
 |[11]|    |   2|   2|   1|   2|   1|    |   2|    |    |    | ## |   1|   2|   1|   1|   1|    |    |    |   1|    |    |   1|    |   1|   1|    |    |    |   1|    |   1|   1|   1|   1|    |    |   1|   1|   1|    |   1|   1|    |   2|   1|   1|    |    |    |    |   1|   1|   2|   1|    |   1|   1|    |   2|    |    |    |[11]|  43|   5|
 +----+----+----+----+----+----+----+----+----+----+----+----+----+----+----+----+----+----+----+----+----+----+----+----+----+----+----+----+----+----+----+----+----+----+----+----+----+----+----+----+----+----+----+----+----+----+----+----+----+----+----+----+----+----+----+----+----+----+----+----+----+----+----+----+----+----+----+----+
 |[12]|   1|    |   1|    |   1|    |   1|   1|    |    |    |    | ## |    |    |    |   1|    |    |    |    |    |    |    |    |   1|    |   1|   1|    |    |    |   1|   1|   1|   1|    |    |    |   1|   2|    |    |   1|   1|    |   2|   1|   1|    |   1|   1|    |    |   1|    |    |   1|    |    |    |    |    |    |[12]|  26|   5|
 +----+----+----+----+----+----+----+----+----+----+----+----+----+----+----+----+----+----+----+----+----+----+----+----+----+----+----+----+----+----+----+----+----+----+----+----+----+----+----+----+----+----+----+----+----+----+----+----+----+----+----+----+----+----+----+----+----+----+----+----+----+----+----+----+----+----+----+----+
 |[13]|   1|    |    |   1|   1|    |    |   1|   1|   1|    |    |   1| ## |    |    |   1|   2|   1|   2|    |    |    |    |   1|   1|   1|    |    |   1|   2|   1|    |   1|    |   1|    |   2|   1|   1|   1|    |    |   1|   1|    |   1|   1|   1|   1|    |   1|   1|    |   2|   1|    |   1|    |   1|    |   1|   1|    |[13]|  42|   3|
 +----+----+----+----+----+----+----+----+----+----+----+----+----+----+----+----+----+----+----+----+----+----+----+----+----+----+----+----+----+----+----+----+----+----+----+----+----+----+----+----+----+----+----+----+----+----+----+----+----+----+----+----+----+----+----+----+----+----+----+----+----+----+----+----+----+----+----+----+
 |[14]|  12|  11|  10|   6|  11|  10|  14|   6|   9|  13|  10|  12|  14|  11| ## |  13|  11|   8|  11|  12|   9|  14|  10|  15|  12|   9|  11|   8|  12|  12|  11|  11|   9|  12|  11|  13|  13|  10|  11|  10|   6|  16|  13|  12|  10|  12|  14|  11|  12|  11|   7|  12|  13|  11|   9|  11|  12|   9|   9|  13|  12|  13|   8|  10|[14]| 693|  30|
 +----+----+----+----+----+----+----+----+----+----+----+----+----+----+----+----+----+----+----+----+----+----+----+----+----+----+----+----+----+----+----+----+----+----+----+----+----+----+----+----+----+----+----+----+----+----+----+----+----+----+----+----+----+----+----+----+----+----+----+----+----+----+----+----+----+----+----+----+
 |[15]|   2|   3|   2|   1|   3|   4|   2|   1|   1|   2|   1|   2|    |   1|   2| ## |   4|   2|    |   2|   2|   2|    |   1|   1|   2|   2|   1|   3|   1|   2|   4|    |   3|   2|   1|   5|   2|   2|   3|   3|   1|   1|    |   2|   2|   4|   1|   3|   2|   3|   3|   5|   3|   3|   3|   2|   3|   1|   3|   3|   1|    |   2|[15]| 128|   6|
 +----+----+----+----+----+----+----+----+----+----+----+----+----+----+----+----+----+----+----+----+----+----+----+----+----+----+----+----+----+----+----+----+----+----+----+----+----+----+----+----+----+----+----+----+----+----+----+----+----+----+----+----+----+----+----+----+----+----+----+----+----+----+----+----+----+----+----+----+
 |[16]|   2|   3|   3|   3|   2|   2|   3|   2|   1|   4|   2|   2|   1|   1|   2|   1| ## |   2|   1|   2|   3|   2|   1|   2|   2|   2|   1|   2|   3|    |   3|   1|   2|   2|   3|   2|   3|   2|   3|   2|   2|   1|   3|   2|   1|   4|   2|   2|   4|   3|   3|   2|   3|   3|   3|   2|   3|   2|   4|   4|   3|   1|   1|   2|[16]| 140|   7|
 +----+----+----+----+----+----+----+----+----+----+----+----+----+----+----+----+----+----+----+----+----+----+----+----+----+----+----+----+----+----+----+----+----+----+----+----+----+----+----+----+----+----+----+----+----+----+----+----+----+----+----+----+----+----+----+----+----+----+----+----+----+----+----+----+----+----+----+----+
 |[17]|   6|   7|   6|   7|   5|   6|   5|   7|   4|   5|   5|   8|   7|   7|   5|   9|   8| ## |   6|   5|   5|   8|   7|   8|   5|   5|   5|   6|   8|   4|   4|   7|   7|   6|   9|   7|   6|   8|   6|   7|   5|   5|   7|   6|   7|   3|   6|   4|   5|   7|   5|   8|   6|   9|   5|   5|   7|   5|   5|   7|   7|   5|   8|   7|[17]| 390|  17|
 +----+----+----+----+----+----+----+----+----+----+----+----+----+----+----+----+----+----+----+----+----+----+----+----+----+----+----+----+----+----+----+----+----+----+----+----+----+----+----+----+----+----+----+----+----+----+----+----+----+----+----+----+----+----+----+----+----+----+----+----+----+----+----+----+----+----+----+----+
 |[18]|   6|   9|   9|   6|  10|   8|   7|   7|   8|  11|   8|   8|   7|   7|   9|   9|   5|   8| ## |  11|  10|   7|   9|   8|   8|   8|   8|   9|  11|   9|  12|  10|   8|  14|   9|  10|  11|  11|   8|   9|   7|   9|  10|   8|   5|   8|   8|   7|   6|   6|   8|   9|  11|   6|   4|   7|   5|   8|   7|   6|   9|   7|   6|   5|[18]| 514|  24|
 +----+----+----+----+----+----+----+----+----+----+----+----+----+----+----+----+----+----+----+----+----+----+----+----+----+----+----+----+----+----+----+----+----+----+----+----+----+----+----+----+----+----+----+----+----+----+----+----+----+----+----+----+----+----+----+----+----+----+----+----+----+----+----+----+----+----+----+----+
 |[19]|    |    |   1|   1|    |   1|    |   1|    |   1|    |    |    |    |   1|    |    |   1|    | ## |   1|   1|    |    |    |    |   1|   1|   1|   1|    |    |    |   1|    |   1|   1|    |    |    |    |   1|   1|   1|   1|    |    |    |    |   1|    |    |    |   1|    |    |   1|    |   1|   1|    |   1|    |    |[19]|  26|   3|
 +----+----+----+----+----+----+----+----+----+----+----+----+----+----+----+----+----+----+----+----+----+----+----+----+----+----+----+----+----+----+----+----+----+----+----+----+----+----+----+----+----+----+----+----+----+----+----+----+----+----+----+----+----+----+----+----+----+----+----+----+----+----+----+----+----+----+----+----+
 |[20]|   5|   1|   1|   7|   7|   8|   4|   2|   5|   6|   3|   7|   4|   6|   5|   5|   5|   4|   1|   2| ## |   5|   1|   3|   4|   3|   6|   4|   5|   3|   4|   8|   2|   4|   3|   6|   5|   4|   3|   6|   4|   6|   6|   2|   4|   5|   6|   3|   6|   1|   5|   5|   6|   2|   2|   6|   4|   3|   3|   4|   3|   3|   1|   7|[20]| 264|  12|
 +----+----+----+----+----+----+----+----+----+----+----+----+----+----+----+----+----+----+----+----+----+----+----+----+----+----+----+----+----+----+----+----+----+----+----+----+----+----+----+----+----+----+----+----+----+----+----+----+----+----+----+----+----+----+----+----+----+----+----+----+----+----+----+----+----+----+----+----+
 |[21]|   6|   9|   8|   6|  11|   6|   5|   8|   5|   8|   5|   9|  11|   5|   7|   7|   5|   4|   7|  10|   6| ## |   5|   8|   9|   4|   7|   7|   9|   7|  10|   8|   4|   8|   8|  10|   7|   7|   7|  10|   9|   8|   6|   7|   5|  10|   7|   7|   5|   7|  12|   6|   5|   8|   6|   6|   7|   7|   8|   8|   4|  10|   4|   7|[21]| 452|  18|
 +----+----+----+----+----+----+----+----+----+----+----+----+----+----+----+----+----+----+----+----+----+----+----+----+----+----+----+----+----+----+----+----+----+----+----+----+----+----+----+----+----+----+----+----+----+----+----+----+----+----+----+----+----+----+----+----+----+----+----+----+----+----+----+----+----+----+----+----+
 |[22]|   6|   6|   6|   3|   7|   6|   3|   4|   3|   7|   4|   5|   4|   6|   5|   3|   4|   3|   5|   6|   3|   2| ## |   6|   3|   3|   8|   3|   7|   6|   3|   4|   6|   7|   4|   7|   3|   7|   7|   3|   6|   6|   6|   4|   3|   7|   5|   4|   5|   3|   5|   4|   9|   7|   5|   4|   3|   7|   3|   5|   6|   2|   3|   8|[22]| 308|  14|
 +----+----+----+----+----+----+----+----+----+----+----+----+----+----+----+----+----+----+----+----+----+----+----+----+----+----+----+----+----+----+----+----+----+----+----+----+----+----+----+----+----+----+----+----+----+----+----+----+----+----+----+----+----+----+----+----+----+----+----+----+----+----+----+----+----+----+----+----+
 |[23]|    |   2|    |    |   3|   2|   1|    |   1|   2|   1|   2|   1|   1|   1|    |    |    |    |   2|   1|   1|   1| ## |    |   1|   1|   1|   1|    |   1|   1|    |   2|    |   1|   1|    |   1|   1|   1|   2|   1|    |   1|   1|   1|   1|   1|   1|   2|   1|   1|    |    |   1|   1|   1|   1|   2|    |   1|   1|   1|[23]|  57|   4|
 +----+----+----+----+----+----+----+----+----+----+----+----+----+----+----+----+----+----+----+----+----+----+----+----+----+----+----+----+----+----+----+----+----+----+----+----+----+----+----+----+----+----+----+----+----+----+----+----+----+----+----+----+----+----+----+----+----+----+----+----+----+----+----+----+----+----+----+----+
 |[24]|   1|    |    |   2|   3|   3|   2|   1|   2|   1|   1|   4|   2|   3|   2|   3|   2|   3|   1|   3|   2|   1|   3|   3| ## |   2|   2|   3|    |   1|   2|    |   2|   1|   2|   1|   2|   1|   3|   3|   2|   2|   2|   1|   2|    |   1|   1|   2|   2|   1|   3|   3|   4|   1|   3|   3|    |   1|   2|   1|   1|    |   4|[24]| 115|  10|
 +----+----+----+----+----+----+----+----+----+----+----+----+----+----+----+----+----+----+----+----+----+----+----+----+----+----+----+----+----+----+----+----+----+----+----+----+----+----+----+----+----+----+----+----+----+----+----+----+----+----+----+----+----+----+----+----+----+----+----+----+----+----+----+----+----+----+----+----+
 |[25]|   8|  10|  12|   8|   9|   9|  10|   7|   8|   4|   5|  10|   6|   9|  11|   8|   8|   8|   5|   7|  10|   7|   6|  10|   4| ## |   7|   7|   8|  10|   8|   6|   6|   7|   7|   7|  10|   7|   9|  10|   7|  10|   7|   9|   3|   7|   9|  10|  13|   9|   8|   5|  11|  11|   8|   8|   8|  11|   7|  12|   9|   5|   9|   6|[25]| 510|  41|
 +----+----+----+----+----+----+----+----+----+----+----+----+----+----+----+----+----+----+----+----+----+----+----+----+----+----+----+----+----+----+----+----+----+----+----+----+----+----+----+----+----+----+----+----+----+----+----+----+----+----+----+----+----+----+----+----+----+----+----+----+----+----+----+----+----+----+----+----+
 |[26]|   2|   4|   3|    |   4|   5|   5|   2|   5|   4|   2|   4|   2|   3|   3|   5|   3|   4|   4|   2|   2|   5|   2|   2|   2|   2| ## |   5|   3|   2|   3|   2|   1|   4|   3|   4|   3|   3|   4|   1|   3|   2|   4|   2|   2|   2|   5|   2|   3|   3|   3|   3|   4|   3|   3|   3|   7|    |   3|   3|   2|   3|   3|   1|[26]| 188|  10|
 +----+----+----+----+----+----+----+----+----+----+----+----+----+----+----+----+----+----+----+----+----+----+----+----+----+----+----+----+----+----+----+----+----+----+----+----+----+----+----+----+----+----+----+----+----+----+----+----+----+----+----+----+----+----+----+----+----+----+----+----+----+----+----+----+----+----+----+----+
 |[27]|  11|  11|   5|  10|  14|   8|   6|  10|   5|   8|  10|   9|   8|   8|   8|   7|   7|   9|   9|  10|   9|   8|  10|   6|  14|   5|  11| ## |   8|  11|  12|  12|   7|   9|   7|  10|   9|   8|   8|  11|  10|   7|  10|  13|   7|  14|  10|   7|   8|   6|   9|  13|  13|   9|  10|   5|  10|  14|   6|   9|  12|   6|   6|  11|[27]| 573|  37|
 +----+----+----+----+----+----+----+----+----+----+----+----+----+----+----+----+----+----+----+----+----+----+----+----+----+----+----+----+----+----+----+----+----+----+----+----+----+----+----+----+----+----+----+----+----+----+----+----+----+----+----+----+----+----+----+----+----+----+----+----+----+----+----+----+----+----+----+----+
 |[28]|   1|   1|   1|   4|   2|   1|   2|   2|    |   2|    |   3|   2|   2|   2|   3|   1|   1|   2|   2|   1|   1|   3|    |   2|   2|   2|    | ## |   4|   2|   1|   1|   2|   1|   3|   1|   2|   2|   2|   2|   2|   2|   2|   2|   2|   3|    |   2|    |   2|   2|   2|   2|    |   1|   1|   4|   2|   1|   2|    |    |   3|[28]| 105|   5|
 +----+----+----+----+----+----+----+----+----+----+----+----+----+----+----+----+----+----+----+----+----+----+----+----+----+----+----+----+----+----+----+----+----+----+----+----+----+----+----+----+----+----+----+----+----+----+----+----+----+----+----+----+----+----+----+----+----+----+----+----+----+----+----+----+----+----+----+----+
 |[29]|  10|   4|   6|   9|   7|   7|   5|   5|   5|   5|   4|   8|   4|   6|   8|   7|   6|   3|   7|   4|   6|   2|   7|   5|   5|   8|   4|   5|   7| ## |   6|   7|   6|   5|   5|  11|   5|   5|   7|   8|   7|   7|   6|   5|   7|   5|   3|   4|   8|   5|   5|   4|   8|   2|   4|   4|   5|  10|   8|   6|   8|   3|   7|   7|[29]| 372|  20|
 +----+----+----+----+----+----+----+----+----+----+----+----+----+----+----+----+----+----+----+----+----+----+----+----+----+----+----+----+----+----+----+----+----+----+----+----+----+----+----+----+----+----+----+----+----+----+----+----+----+----+----+----+----+----+----+----+----+----+----+----+----+----+----+----+----+----+----+----+
 |[30]|   1|   1|   2|   1|   1|    |   1|   2|   3|   2|   1|   2|   2|   1|   1|   1|   1|   1|   1|   2|   2|    |   1|   2|    |    |   2|   2|   1|    | ## |   2|   1|   2|   1|   1|    |   1|   1|    |    |   2|   2|   1|   1|    |   1|   1|   1|   2|   1|    |   2|   2|   2|    |   2|   2|   2|   2|   1|   2|   2|   1|[30]|  78|   3|
 +----+----+----+----+----+----+----+----+----+----+----+----+----+----+----+----+----+----+----+----+----+----+----+----+----+----+----+----+----+----+----+----+----+----+----+----+----+----+----+----+----+----+----+----+----+----+----+----+----+----+----+----+----+----+----+----+----+----+----+----+----+----+----+----+----+----+----+----+
 |[31]|   3|   4|   2|   4|   2|   2|   2|   2|   3|   3|   3|   4|   2|    |   2|   3|   4|   4|   2|   4|   4|   3|   4|   2|   2|   3|   3|   3|   2|   2|   2| ## |   3|   4|   3|   3|   3|   4|   3|   3|   4|   3|    |   2|   2|   2|   2|   2|   3|   2|   1|   1|   3|   2|    |   2|   1|   3|   3|   3|   3|   1|   3|   3|[31]| 162|   7|
 +----+----+----+----+----+----+----+----+----+----+----+----+----+----+----+----+----+----+----+----+----+----+----+----+----+----+----+----+----+----+----+----+----+----+----+----+----+----+----+----+----+----+----+----+----+----+----+----+----+----+----+----+----+----+----+----+----+----+----+----+----+----+----+----+----+----+----+----+
 |[32]|  10|   8|   6|   9|   6|   6|   9|   3|   7|   8|   7|   8|   7|   6|   4|   9|   9|   4|   3|   7|   8|   6|   5|   6|   9|  11|   8|   5|   7|   7|   8|   7| ## |   8|   7|   9|   7|   8|   5|   6|   6|   9|   7|   4|  10|   7|   7|   7|  11|   2|   6|   7|   8|   8|   6|   9|   8|   7|   5|   8|   8|   8|   7|   8|[32]| 446|  20|
 +----+----+----+----+----+----+----+----+----+----+----+----+----+----+----+----+----+----+----+----+----+----+----+----+----+----+----+----+----+----+----+----+----+----+----+----+----+----+----+----+----+----+----+----+----+----+----+----+----+----+----+----+----+----+----+----+----+----+----+----+----+----+----+----+----+----+----+----+
 |[33]|  12|  12|  11|  14|  17|  16|   7|  16|  12|  14|   5|  16|  11|  13|  11|  16|  15|   9|  11|  13|  17|  13|  12|  14|  10|   7|  14|   7|  14|  15|  14|  11|  10| ## |   8|  13|  13|  12|  13|  16|  13|   8|  14|   8|  10|  12|  18|  11|  12|  11|  10|  14|  12|  12|  10|  15|  14|  11|   8|  14|  15|  10|  12|  11|[33]| 769|  30|
 +----+----+----+----+----+----+----+----+----+----+----+----+----+----+----+----+----+----+----+----+----+----+----+----+----+----+----+----+----+----+----+----+----+----+----+----+----+----+----+----+----+----+----+----+----+----+----+----+----+----+----+----+----+----+----+----+----+----+----+----+----+----+----+----+----+----+----+----+
 |[34]|   3|    |   3|   2|   6|   3|   4|   4|   2|   1|   5|   2|    |   3|   1|   2|   2|   3|   2|   3|   2|   2|   3|   3|   2|   2|   2|   4|   1|   1|   2|   3|   3|    | ## |   3|   3|   2|   2|   1|   5|   3|   4|   1|   4|    |   4|   2|   2|   1|   6|   2|   3|   1|   4|   3|   3|   3|   1|   1|   3|   2|   3|   4|[34]| 157|   8|
 +----+----+----+----+----+----+----+----+----+----+----+----+----+----+----+----+----+----+----+----+----+----+----+----+----+----+----+----+----+----+----+----+----+----+----+----+----+----+----+----+----+----+----+----+----+----+----+----+----+----+----+----+----+----+----+----+----+----+----+----+----+----+----+----+----+----+----+----+
 |[35]|   2|   1|   1|   1|   2|   2|   2|   2|   1|   1|   3|   1|   2|   2|    |   1|    |   1|   1|    |   1|    |   1|   2|   2|    |   1|   1|   1|    |   1|   2|   2|    |    | ## |    |   1|   2|   1|    |   3|   1|   2|   1|   1|   1|   2|   2|    |   1|   1|   3|   1|   2|   2|   1|   2|   1|   3|   3|   1|   1|    |[35]|  79|   6|
 +----+----+----+----+----+----+----+----+----+----+----+----+----+----+----+----+----+----+----+----+----+----+----+----+----+----+----+----+----+----+----+----+----+----+----+----+----+----+----+----+----+----+----+----+----+----+----+----+----+----+----+----+----+----+----+----+----+----+----+----+----+----+----+----+----+----+----+----+
 |[36]|   1|   1|   3|   2|   3|   4|   3|   2|   1|   2|   2|   1|   3|   2|   2|   1|   1|   2|   2|   2|   2|   2|   2|   2|   2|   2|   2|   2|   2|    |   1|   2|   1|   1|   2|   3| ## |   3|   2|   2|   2|   1|   3|   2|   1|   2|   1|   2|   1|   4|   4|   3|    |   2|   3|   1|   2|   2|   1|   2|   2|   2|    |   3|[36]| 121|  12|
 +----+----+----+----+----+----+----+----+----+----+----+----+----+----+----+----+----+----+----+----+----+----+----+----+----+----+----+----+----+----+----+----+----+----+----+----+----+----+----+----+----+----+----+----+----+----+----+----+----+----+----+----+----+----+----+----+----+----+----+----+----+----+----+----+----+----+----+----+
 |[37]|   1|   2|   2|   2|   2|   1|   1|   1|   2|   1|   1|   2|    |   1|   1|   1|   1|   2|   1|   2|   2|   2|   2|   1|   1|   1|   1|   2|   2|   1|   1|   1|   2|   1|   2|    |   1| ## |   1|   2|   1|   1|   2|   1|   2|   1|   2|   1|   1|   1|   1|   2|   2|   1|    |   1|   2|   2|   1|   2|   1|   1|   1|   2|[37]|  85|   3|
 +----+----+----+----+----+----+----+----+----+----+----+----+----+----+----+----+----+----+----+----+----+----+----+----+----+----+----+----+----+----+----+----+----+----+----+----+----+----+----+----+----+----+----+----+----+----+----+----+----+----+----+----+----+----+----+----+----+----+----+----+----+----+----+----+----+----+----+----+
 |[38]|   4|   5|   3|   4|   5|   3|   3|   5|   2|   8|   3|   8|   5|   5|   4|   4|   8|   4|   4|   6|   5|   5|   4|   4|   2|   3|   4|   4|   5|   2|   4|   4|   5|   5|   3|   7|   7|   4| ## |   4|   6|   5|   6|   4|   8|   6|   7|   3|   5|   4|   4|   7|   7|   6|   3|   3|   8|   2|   4|   3|   6|   4|   4|   5|[38]| 294|  16|
 +----+----+----+----+----+----+----+----+----+----+----+----+----+----+----+----+----+----+----+----+----+----+----+----+----+----+----+----+----+----+----+----+----+----+----+----+----+----+----+----+----+----+----+----+----+----+----+----+----+----+----+----+----+----+----+----+----+----+----+----+----+----+----+----+----+----+----+----+
 |[39]|   7|   6|   3|   6|   5|   7|   5|   7|   7|   5|   3|   5|   6|   7|   6|   9|   3|   5|   5|   5|   8|   5|   5|   5|   7|   4|   6|   5|   7|   4|   8|   7|   2|   4|   4|   7|   4|   4|   7| ## |   5|   4|   5|   5|   5|   4|   4|   5|   4|   6|   8|   5|   4|   4|   4|   6|   9|   5|   2|   5|   4|   1|   4|   4|[39]| 327|  12|
 +----+----+----+----+----+----+----+----+----+----+----+----+----+----+----+----+----+----+----+----+----+----+----+----+----+----+----+----+----+----+----+----+----+----+----+----+----+----+----+----+----+----+----+----+----+----+----+----+----+----+----+----+----+----+----+----+----+----+----+----+----+----+----+----+----+----+----+----+
 |[40]|  10|  14|  12|  12|  23|  11|  12|  16|  20|  19|  15|  17|  14|  15|  13|  18|  20|  11|  19|  18|  20|  19|  19|  14|  15|   8|  16|  15|  24|  21|  22|   9|  14|  25|  17|  20|  13|  17|  20|  19| ## |  17|  20|  22|  20|  14|  18|  19|  15|  15|  13|  15|  15|  19|  15|  15|  18|  21|  13|  13|  22|  21|  12|  21|[40]|1049|  68|
 +----+----+----+----+----+----+----+----+----+----+----+----+----+----+----+----+----+----+----+----+----+----+----+----+----+----+----+----+----+----+----+----+----+----+----+----+----+----+----+----+----+----+----+----+----+----+----+----+----+----+----+----+----+----+----+----+----+----+----+----+----+----+----+----+----+----+----+----+
 |[41]|   2|   2|    |   1|   2|   2|   1|    |   1|   1|   1|   1|   1|   3|   1|   2|   1|   1|   1|   1|    |   2|   1|   3|   2|   2|    |    |   1|   2|   1|   2|    |   2|   1|   3|   3|   2|   1|   1|   2| ## |   1|    |    |   2|   1|   2|    |   2|   1|   2|   2|   2|   2|   2|   1|   1|   1|    |   2|   1|   1|   2|[41]|  84|   8|
 +----+----+----+----+----+----+----+----+----+----+----+----+----+----+----+----+----+----+----+----+----+----+----+----+----+----+----+----+----+----+----+----+----+----+----+----+----+----+----+----+----+----+----+----+----+----+----+----+----+----+----+----+----+----+----+----+----+----+----+----+----+----+----+----+----+----+----+----+
 |[42]|   2|   5|   5|   5|   7|   2|   5|   4|   5|   3|   5|   6|   4|   5|   4|   5|   5|   5|   2|   5|   6|   4|   7|   7|   7|   3|   5|   3|   6|   3|   8|   5|   7|   5|   5|   6|   5|   7|   4|   6|   5|   7| ## |   3|   6|   6|   6|   5|   7|   6|   6|   7|   8|   5|   2|   4|   7|   4|   2|   4|   7|   5|   5|   3|[42]| 318|  11|
 +----+----+----+----+----+----+----+----+----+----+----+----+----+----+----+----+----+----+----+----+----+----+----+----+----+----+----+----+----+----+----+----+----+----+----+----+----+----+----+----+----+----+----+----+----+----+----+----+----+----+----+----+----+----+----+----+----+----+----+----+----+----+----+----+----+----+----+----+
 |[43]|  11|   7|   7|   8|  13|   8|   9|  12|  13|  11|  13|  11|  10|  11|  15|  12|  12|   6|   9|  10|  10|   9|   8|   8|   8|   5|  12|   8|  16|  11|   8|   6|   8|   9|   8|  12|   9|   9|   9|  14|  14|  10|  14| ## |   5|  13|  10|  11|  11|   9|  10|   9|  10|   6|  10|   7|  13|   9|  12|  13|   9|  11|   5|  12|[43]| 628|  31|
 +----+----+----+----+----+----+----+----+----+----+----+----+----+----+----+----+----+----+----+----+----+----+----+----+----+----+----+----+----+----+----+----+----+----+----+----+----+----+----+----+----+----+----+----+----+----+----+----+----+----+----+----+----+----+----+----+----+----+----+----+----+----+----+----+----+----+----+----+
 |[44]|   5|   7|   4|   4|   6|   4|   5|   5|   3|   3|   6|   7|   4|   5|   3|   4|   4|   6|   3|   7|   4|   8|   6|   5|   4|   2|   5|   5|   6|   4|   5|   9|   3|   3|   3|   7|   7|   6|   3|   3|   7|   7|   7|   7| ## |   9|   7|   7|   6|  11|   3|   5|   7|   7|   5|   2|   6|   6|   2|   7|   5|   6|   5|   7|[44]| 334|  18|
 +----+----+----+----+----+----+----+----+----+----+----+----+----+----+----+----+----+----+----+----+----+----+----+----+----+----+----+----+----+----+----+----+----+----+----+----+----+----+----+----+----+----+----+----+----+----+----+----+----+----+----+----+----+----+----+----+----+----+----+----+----+----+----+----+----+----+----+----+
 |[45]|   5|   5|   5|   7|  12|   9|  12|   9|   7|   8|   6|   8|  11|  10|   7|   7|   9|   7|  10|  11|   8|   7|   9|   5|  10|   5|   8|   9|   7|   7|   8|   8|   7|   6|   6|   8|   7|  13|   9|  10|  10|  10|  10|  11|   8| ## |  13|  10|   9|   8|   8|   8|  10|   6|   5|   9|  12|  11|   7|   9|   8|   7|   6|   9|[45]| 526|  27|
 +----+----+----+----+----+----+----+----+----+----+----+----+----+----+----+----+----+----+----+----+----+----+----+----+----+----+----+----+----+----+----+----+----+----+----+----+----+----+----+----+----+----+----+----+----+----+----+----+----+----+----+----+----+----+----+----+----+----+----+----+----+----+----+----+----+----+----+----+
 |[46]|   2|   1|   1|   2|   1|   2|   1|   1|   1|   2|   1|   1|   1|   1|   1|   2|   2|   2|    |   2|   1|   2|   2|   1|   1|   2|   2|   1|   2|   1|   1|   1|   2|   1|   3|   2|   1|   2|   1|   1|   2|   2|   1|   1|    |   2| ## |    |   1|   2|   1|   3|   3|   1|   1|   2|   2|    |   2|   2|   2|   2|    |   3|[46]|  92|   6|
 +----+----+----+----+----+----+----+----+----+----+----+----+----+----+----+----+----+----+----+----+----+----+----+----+----+----+----+----+----+----+----+----+----+----+----+----+----+----+----+----+----+----+----+----+----+----+----+----+----+----+----+----+----+----+----+----+----+----+----+----+----+----+----+----+----+----+----+----+
 |[47]|   3|   2|   4|   2|   3|   5|   2|   2|   3|   3|   4|   2|   2|   2|   1|   4|   2|   2|   1|   6|   2|   3|   4|   4|   3|   2|   6|   3|   3|   2|   2|   3|   3|   2|   2|   3|   2|   1|   3|   1|   4|   1|   2|   2|   3|   2|   3| ## |   4|   5|   3|   1|   4|   4|   4|   2|   4|   3|   1|   3|   3|   2|   5|   1|[47]| 175|   7|
 +----+----+----+----+----+----+----+----+----+----+----+----+----+----+----+----+----+----+----+----+----+----+----+----+----+----+----+----+----+----+----+----+----+----+----+----+----+----+----+----+----+----+----+----+----+----+----+----+----+----+----+----+----+----+----+----+----+----+----+----+----+----+----+----+----+----+----+----+
 |[48]|   5|   2|   3|   4|   3|   4|   5|   3|   3|   3|   5|   5|   3|   1|   2|   1|   3|   1|   3|   4|   1|   5|   4|   4|   1|   1|   1|   2|   5|   4|   2|   3|   4|   7|   2|   6|   6|   4|   4|   3|   2|   5|   3|   6|   4|   5|   5|   4| ## |   3|   1|   3|   4|   3|   2|   4|   2|   2|   2|   5|   5|   4|   2|   3|[48]| 211|  13|
 +----+----+----+----+----+----+----+----+----+----+----+----+----+----+----+----+----+----+----+----+----+----+----+----+----+----+----+----+----+----+----+----+----+----+----+----+----+----+----+----+----+----+----+----+----+----+----+----+----+----+----+----+----+----+----+----+----+----+----+----+----+----+----+----+----+----+----+----+
 |[49]|   3|   4|  10|   7|   9|   4|   6|   8|   6|   9|   7|   9|   5|   8|   7|  10|   9|   6|   6|   8|   6|   8|   6|   9|   4|   6|  11|   9|   8|   6|   5|   6|   6|   8|   6|   6|   8|   7|   9|   2|   7|   6|   7|   5|   9|   5|   7|   8|   7| ## |   7|   7|  10|   6|   4|   8|   7|   8|   8|   6|   7|   7|   7|   9|[49]| 439|  25|
 +----+----+----+----+----+----+----+----+----+----+----+----+----+----+----+----+----+----+----+----+----+----+----+----+----+----+----+----+----+----+----+----+----+----+----+----+----+----+----+----+----+----+----+----+----+----+----+----+----+----+----+----+----+----+----+----+----+----+----+----+----+----+----+----+----+----+----+----+
 |[50]|   2|   5|   2|   2|   3|   1|   3|   2|   2|   3|   3|   2|   2|    |   2|   1|   3|   1|   3|   1|   2|   1|   1|   2|   2|   1|   4|   1|   3|   2|   2|   3|   1|   4|   2|   1|   1|   4|   2|   2|   3|   2|   3|   2|   1|   3|   3|   1|   1|   1| ## |   4|   3|   1|   2|   1|   5|   3|   1|   2|   3|   2|   1|   4|[50]| 136|   7|
 +----+----+----+----+----+----+----+----+----+----+----+----+----+----+----+----+----+----+----+----+----+----+----+----+----+----+----+----+----+----+----+----+----+----+----+----+----+----+----+----+----+----+----+----+----+----+----+----+----+----+----+----+----+----+----+----+----+----+----+----+----+----+----+----+----+----+----+----+
 |[51]|   1|   2|   1|   2|   3|    |   2|   1|   2|   1|   1|   3|   1|   1|   2|   2|   1|    |   1|   1|   1|   3|   1|   1|   1|   2|   2|   2|   1|   1|   2|   1|   2|   1|   1|   2|   1|    |   1|   1|   2|   2|   2|    |   2|   1|   1|   3|   1|   1|   1| ## |   1|   2|    |   3|   1|   2|   2|   1|   2|    |   3|    |[51]|  88|  10|
 +----+----+----+----+----+----+----+----+----+----+----+----+----+----+----+----+----+----+----+----+----+----+----+----+----+----+----+----+----+----+----+----+----+----+----+----+----+----+----+----+----+----+----+----+----+----+----+----+----+----+----+----+----+----+----+----+----+----+----+----+----+----+----+----+----+----+----+----+
 |[52]|   4|   5|   2|   5|   6|   3|   2|   3|   5|   5|   5|   2|   3|   4|   4|   5|   3|   4|   3|   6|   6|   3|   4|   6|   2|   3|   6|   5|   5|   3|   5|   5|   4|   5|   4|   5|   4|   6|   4|   4|   4|   6|   2|   4|   4|   5|   4|   4|   3|   3|   4|   8| ## |   4|   3|   5|   5|   4|   2|   5|   6|   2|   3|   5|[52]| 263|  11|
 +----+----+----+----+----+----+----+----+----+----+----+----+----+----+----+----+----+----+----+----+----+----+----+----+----+----+----+----+----+----+----+----+----+----+----+----+----+----+----+----+----+----+----+----+----+----+----+----+----+----+----+----+----+----+----+----+----+----+----+----+----+----+----+----+----+----+----+----+
 |[53]|    |   1|    |   2|   1|   1|   1|   2|   2|   1|   1|   2|    |   1|   2|   2|   2|   1|   1|   2|    |   2|   1|   2|   1|    |   3|   1|   1|   1|   1|   2|   1|   2|    |   1|   2|   2|   3|   2|   2|   1|   1|   1|   1|    |   2|   1|   1|   3|   1|   1|    | ## |   1|   1|    |   2|   1|   1|   1|   1|   1|   2|[53]|  79|   3|
 +----+----+----+----+----+----+----+----+----+----+----+----+----+----+----+----+----+----+----+----+----+----+----+----+----+----+----+----+----+----+----+----+----+----+----+----+----+----+----+----+----+----+----+----+----+----+----+----+----+----+----+----+----+----+----+----+----+----+----+----+----+----+----+----+----+----+----+----+
 |[54]|   2|   7|   4|   4|   6|   4|   6|   4|   8|   5|   5|   6|   5|   3|   2|   5|   6|   5|   3|   2|   3|   3|   5|   2|   6|   4|   6|   4|   7|   3|   6|   3|   4|   9|   3|   6|   2|   5|   3|   2|   7|   1|   3|   5|   6|   6|   8|   4|   6|   1|   5|   5|   3|   6| ## |   3|   4|   5|   3|   4|   5|   7|   3|   6|[54]| 284|  16|
 +----+----+----+----+----+----+----+----+----+----+----+----+----+----+----+----+----+----+----+----+----+----+----+----+----+----+----+----+----+----+----+----+----+----+----+----+----+----+----+----+----+----+----+----+----+----+----+----+----+----+----+----+----+----+----+----+----+----+----+----+----+----+----+----+----+----+----+----+
 |[55]|   4|   4|   4|   6|   9|   5|   6|   6|   6|   8|   5|   4|   6|   4|   6|   7|   6|   7|   5|   8|   3|   4|   5|   5|   8|   5|   6|   5|   7|   5|   4|   4|   8|   3|   7|   6|   9|   7|   4|  11|   4|   8|   4|   6|   6|   9|   9|   5|   6|   8|   6|   3|   5|   6|  10| ## |   8|   6|   6|   4|   6|   5|   6|   9|[55]| 377|  19|
 +----+----+----+----+----+----+----+----+----+----+----+----+----+----+----+----+----+----+----+----+----+----+----+----+----+----+----+----+----+----+----+----+----+----+----+----+----+----+----+----+----+----+----+----+----+----+----+----+----+----+----+----+----+----+----+----+----+----+----+----+----+----+----+----+----+----+----+----+
 |[56]|   6|   4|   4|   4|   2|   3|   5|   4|   3|   4|   4|   4|   2|   2|   4|   5|   5|   4|   4|   4|   4|   3|   5|   3|   3|   3|   3|   4|   6|   3|   5|   6|   4|   5|   3|   3|   4|   5|   5|   5|   6|   3|   6|   6|   3|   4|   4|   3|   4|   2|   4|   3|   7|   4|   3|   1| ## |   5|   4|   3|   4|   2|   4|   5|[56]| 249|  19|
 +----+----+----+----+----+----+----+----+----+----+----+----+----+----+----+----+----+----+----+----+----+----+----+----+----+----+----+----+----+----+----+----+----+----+----+----+----+----+----+----+----+----+----+----+----+----+----+----+----+----+----+----+----+----+----+----+----+----+----+----+----+----+----+----+----+----+----+----+
 |[57]|   7|   3|   5|   7|   8|   5|   7|   6|  11|   4|   7|   9|   5|   5|   5|   6|   8|   5|   5|   7|   6|   4|   5|   8|   9|   6|   5|  10|  10|   6|   6|   5|   8|   9|   5|   4|   8|   6|   7|   5|   7|   6|   7|   6|   7|   4|  10|   4|   6|  10|   6|   7|   6|   6|  10|   8|   7| ## |   5|   9|  10|   2|   7|   7|[57]| 414|  18|
 +----+----+----+----+----+----+----+----+----+----+----+----+----+----+----+----+----+----+----+----+----+----+----+----+----+----+----+----+----+----+----+----+----+----+----+----+----+----+----+----+----+----+----+----+----+----+----+----+----+----+----+----+----+----+----+----+----+----+----+----+----+----+----+----+----+----+----+----+
 |[58]|   7|   5|   9|   5|   6|   6|   8|   7|   7|   6|   5|   3|   4|   6|   4|   7|   7|   3|   8|   6|   8|   5|   7|   9|   4|   6|   2|   8|   4|   7|   6|   7|   4|   8|   5|   7|   5|   5|   8|   6|   6|   5|   6|   8|   9|   5|   4|   6|   9|   5|   9|   5|   7|   6|   6|   5|   6|   6| ## |   9|   9|   6|   3|   4|[58]| 384|  19|
 +----+----+----+----+----+----+----+----+----+----+----+----+----+----+----+----+----+----+----+----+----+----+----+----+----+----+----+----+----+----+----+----+----+----+----+----+----+----+----+----+----+----+----+----+----+----+----+----+----+----+----+----+----+----+----+----+----+----+----+----+----+----+----+----+----+----+----+----+
 |[59]|   3|   7|   5|   5|   8|   5|   7|   4|   5|   8|   8|   7|   5|   9|   6|   6|   6|   2|   8|   5|   9|   4|   6|   9|   6|   6|   6|   6|   7|   6|  10|   4|   4|   5|   6|   5|   8|   8|   6|   7|   8|   9|   8|   8|   7|   4|   6|   5|   7|   8|   4|   4|   6|   5|   7|   5|   7|   7|   6| ## |   5|   8|   4|   9|[59]| 394|  15|
 +----+----+----+----+----+----+----+----+----+----+----+----+----+----+----+----+----+----+----+----+----+----+----+----+----+----+----+----+----+----+----+----+----+----+----+----+----+----+----+----+----+----+----+----+----+----+----+----+----+----+----+----+----+----+----+----+----+----+----+----+----+----+----+----+----+----+----+----+
 |[60]|   4|   5|   3|   5|   5|   3|   2|   4|   1|   3|   5|   8|   2|   3|   1|   2|   5|   3|   3|   4|   4|   6|   1|   3|   3|   6|   5|   3|   3|   3|   2|   3|   3|   4|   5|   2|   1|   1|   3|   2|   6|   3|   3|   6|   1|   6|   4|   3|   5|   2|   4|   4|   3|   3|   5|   4|   5|   2|   1|   4| ## |   3|   2|   4|[60]| 217|   9|
 +----+----+----+----+----+----+----+----+----+----+----+----+----+----+----+----+----+----+----+----+----+----+----+----+----+----+----+----+----+----+----+----+----+----+----+----+----+----+----+----+----+----+----+----+----+----+----+----+----+----+----+----+----+----+----+----+----+----+----+----+----+----+----+----+----+----+----+----+
 |[61]|  11|   5|   7|  13|  17|  14|  14|  13|  13|   7|  14|  12|   8|  15|  18|  13|  15|  10|  11|  16|  16|  14|  15|  16|  17|  12|  12|  12|  14|  13|  12|  11|   9|  13|   9|  16|  13|  16|   9|  16|  14|  16|  14|  15|  11|  10|  15|   8|  10|  15|   7|  12|  13|  13|   9|  11|   9|   7|   8|  17|  15| ## |  12|  13|[61]| 785|  47|
 +----+----+----+----+----+----+----+----+----+----+----+----+----+----+----+----+----+----+----+----+----+----+----+----+----+----+----+----+----+----+----+----+----+----+----+----+----+----+----+----+----+----+----+----+----+----+----+----+----+----+----+----+----+----+----+----+----+----+----+----+----+----+----+----+----+----+----+----+
 |[62]|   7|   6|   6|  11|   8|   5|  10|   7|   7|   8|   6|   6|   9|   6|   9|   9|   7|   7|   9|   9|   5|   8|   8|   9|   8|   8|   8|   4|   7|   6|   8|   8|   7|  11|  10|   7|   9|  10|   8|   8|   5|   7|   8|   6|   8|   7|   9|   8|   5|   7|   9|   9|   7|   6|   6|   8|  10|   9|   6|  10|   5|   9| ## |   7|[62]| 480|  28|
 +----+----+----+----+----+----+----+----+----+----+----+----+----+----+----+----+----+----+----+----+----+----+----+----+----+----+----+----+----+----+----+----+----+----+----+----+----+----+----+----+----+----+----+----+----+----+----+----+----+----+----+----+----+----+----+----+----+----+----+----+----+----+----+----+----+----+----+----+
 |[63]|   3|   6|   4|   5|  11|   7|   4|   6|   6|   4|   4|   6|  10|   5|   4|   8|   9|   4|   4|   9|   6|   9|   2|   7|   7|   5|   3|   7|   8|   2|   8|   5|   6|   9|   3|   9|   8|   6|   7|   9|   6|   6|   3|   5|   7|  10|   9|   6|   7|   4|   8|   9|  10|   4|   4|   4|   7|   3|   5|  11|   8|   6|   2| ## |[63]| 389|  18|
 +----+----+----+----+----+----+----+----+----+----+----+----+----+----+----+----+----+----+----+----+----+----+----+----+----+----+----+----+----+----+----+----+----+----+----+----+----+----+----+----+----+----+----+----+----+----+----+----+----+----+----+----+----+----+----+----+----+----+----+----+----+----+----+----+----+----+----+----+
 | ## |[ 0]|[ 1]|[ 2]|[ 3]|[ 4]|[ 5]|[ 6]|[ 7]|[ 8]|[ 9]|[10]|[11]|[12]|[13]|[14]|[15]|[16]|[17]|[18]|[19]|[20]|[21]|[22]|[23]|[24]|[25]|[26]|[27]|[28]|[29]|[30]|[31]|[32]|[33]|[34]|[35]|[36]|[37]|[38]|[39]|[40]|[41]|[42]|[43]|[44]|[45]|[46]|[47]|[48]|[49]|[50]|[51]|[52]|[53]|[54]|[55]|[56]|[57]|[58]|[59]|[60]|[61]|[62]|[63]| ## | ## |1024|
 +----+----+----+----+----+----+----+----+----+----+----+----+----+----+----+----+----+----+----+----+----+----+----+----+----+----+----+----+----+----+----+----+----+----+----+----+----+----+----+----+----+----+----+----+----+----+----+----+----+----+----+----+----+----+----+----+----+----+----+----+----+----+----+----+----+----+----+----+
 | TTL| 284| 291| 267| 302| 382| 293| 301| 295| 285| 313| 277| 347| 288| 288| 287| 335| 327| 249| 262| 340| 319| 291| 289| 320| 294| 241| 304| 273| 359| 277| 332| 300| 251| 331| 270| 347| 309| 318| 303| 324| 301| 325| 333| 297| 293| 305| 349| 288| 313| 291| 301| 318| 348| 298| 262| 287| 339| 310| 235| 336| 342| 267| 242| 329| ## | ## | ## |
 +----+----+----+----+----+----+----+----+----+----+----+----+----+----+----+----+----+----+----+----+----+----+----+----+----+----+----+----+----+----+----+----+----+----+----+----+----+----+----+----+----+----+----+----+----+----+----+----+----+----+----+----+----+----+----+----+----+----+----+----+----+----+----+----+----+----+----+----+






