

 [80] ******************************************************

 [26 , 44, 49]  121891.745328 vs 117039.959779 >>  4851.785548  :  160.984375  (3)
 [460]    55.015625 (2)
 [978]    66.968750 (2)
 [994]    41.546875 (3)

 [70] ******************************************************

 [17 , 30, 49]  100181.443032 vs 97053.471356 >>  3127.971676  :  352.515625  (2)
 [460]    130.968750 (3)
 [821]    221.546875 (3)

 [60] ******************************************************

 [17 , 30, 55]  86232.334477 vs 83870.323489 >>  2362.010987  :  495.000000  (3)
 [722]    191.125000 (2)
 [788]    117.546875 (2)
 [821]    221.187500 (3)

 [50] ******************************************************

 [17 , 30, 55]  75162.802696 vs 73578.005190 >>  1584.797506  :  764.265625  (4)
 [571]    0.734375 (3)
 [722]    275.328125 (2)
 [788]    133.718750 (2)
 [821]    389.343750 (3)

 [40] ******************************************************

 [17 , 30, 55]  64956.747797 vs 63787.217709 >>  1169.530088  :  929.531250  (7)
 [536]    1.562500 (1)
 [555]    0.125000 (2)
 [722]    333.609375 (2)
 [777]    1.984375 (1)
 [788]    110.953125 (2)
 [794]    5.828125 (1)
 [821]    510.531250 (3)

 [30] ******************************************************

 [17 , 30, 55]  54436.507764 vs 53667.389746 >>  769.118018  :  1552.765625  (11)
 [299]    10.156250 (1)
 [568]    5.484375 (1)
 [705]    1.375000 (1)
 [722]    407.640625 (2)
 [745]    4.546875 (1)
 [767]    0.937500 (1)
 [777]    0.984375 (1)
 [788]    485.593750 (2)
 [800]    2.562500 (1)
 [821]    635.515625 (3)
 [946]    4.484375 (1)
 [979]    29.921875 (3)