

 [80] ******************************************************

 [5 , 34, 49]  121891.745328 vs 117119.114270 >>  4772.631058  :  290.109375  (3)
[885]    92  [34, 49]
[978]    111  [5, 49]
[1018]    89  [34]
[978]    103  [5]
[1011]    96  [2, 5, 34]
[1018]    89  [34]
[885]    91  [5, 49]
[978]    116  [5, 57]
[1013]    92  [49, 57]
[885]    91  [5, 49]
[978]    119  [5, 42, 49]
[995]    78  [5, 42, 49]
[978]    119  [5, 58]
[987]    87  [2, 58]
[1011]    82  [2, 5, 58]

 [70] ******************************************************

 [2 , 57, 58]  100181.443032 vs 97133.326998 >>  3048.116034  :  473.640625  (3)
[987]    148  [57, 58]
[1011]    166  [2, 57, 58]
[1013]    162  [2, 57, 58]
[1011]    176  [2, 54, 57]
[1013]    146  [2, 57]
[1019]    131  [54]
[987]    142  [2, 58]
[1011]    178  [2, 54, 58]
[1019]    131  [54]
[978]    127  [5, 57]
[1011]    176  [2, 5, 57]
[1013]    146  [2, 57]
[978]    130  [5, 58]
[987]    142  [2, 58]
[1011]    176  [2, 5, 58]

 [60] ******************************************************

 [2 , 34, 58]  86232.334477 vs 84097.095864 >>  2135.238612  :  564.203125  (3)
[987]    162  [2, 58]
[1011]    228  [2, 34, 58]
[1018]    175  [34]
[1011]    228  [2, 34, 57]
[1013]    159  [2, 57]
[1018]    175  [34, 57]
[987]    168  [57, 58]
[1011]    208  [2, 57, 58]
[1013]    175  [2, 57, 58]
[981]    134  [53]
[1011]    229  [2, 34, 53]
[1018]    183  [34, 53]
[1011]    232  [2, 23, 34]
[1014]    136  [2, 23]
[1018]    176  [23, 34]

 [50] ******************************************************

 [2 , 34, 56]  75162.802696 vs 73750.036298 >>  1412.766398  :  635.109375  (3)
[992]    209  [2, 34, 56]
[1011]    241  [2, 34, 56]
[1018]    185  [34, 56]
[1011]    239  [2, 34]
[1018]    183  [34]
[1022]    189  [2, 16, 34]
[987]    181  [2, 58]
[1011]    243  [2, 34, 58]
[1018]    183  [34]
[992]    210  [2, 54, 56]
[1011]    231  [2, 54, 56]
[1019]    161  [54, 56]
[1011]    247  [2, 23, 34]
[1014]    171  [2, 23]
[1018]    184  [23, 34]

 [40] ******************************************************

 [2 , 54, 58]  64956.747797 vs 63947.788520 >>  1008.959277  :  696.187500  (3)
[987]    224  [2, 58]
[1011]    244  [2, 54, 58]
[1019]    229  [54]
[992]    218  [2, 54, 56]
[1011]    240  [2, 54, 56]
[1019]    229  [54, 56]
[1011]    254  [2, 34, 54]
[1018]    200  [34]
[1019]    229  [54]
[987]    224  [2, 58]
[1011]    252  [2, 34, 58]
[1018]    200  [34]
[989]    3  [34, 56]
[992]    217  [2, 34, 56]
[1011]    250  [2, 34, 56]
[1018]    202  [34, 56]

 [30] ******************************************************

 [2 , 47, 54]  54436.507764 vs 53695.733340 >>  740.774425  :  764.640625  (4)
[858]    0  [2]
[974]    231  [47, 54]
[1011]    278  [2, 47, 54]
[1019]    256  [47, 54]
[858]    0  [2]
[992]    238  [2, 54, 56]
[1011]    266  [2, 54, 56]
[1019]    255  [54, 56]
[785]    11  [34]
[858]    0  [2]
[946]    0  [34]
[989]    9  [34]
[1011]    280  [2, 34, 54]
[1018]    213  [34]
[1019]    254  [54]
[858]    0  [2]
[987]    226  [58]
[1011]    270  [2, 54, 58]
[1019]    254  [54]
[858]    0  [2]
[1011]    280  [2, 23, 54]
[1014]    215  [2, 23]
[1019]    256  [23, 54]