 [0 , 46, 59]  -0.009335 + 0.012168 <  0.016445  :  5365.437500  (75)
 [46 , 59, 62]  -0.009335 + 0.012558 <  0.016445  :  4772.187500  (75)
 [39 , 46, 59]  -0.009335 + 0.014284 <  0.016445  :  4672.296875  (79)
 [46 , 48, 59]  -0.009335 + 0.015454 <  0.016445  :  4565.093750  (81)
 [46 , 56, 59]  -0.009335 + 0.012698 <  0.016445  :  4493.687500  (76)
 [0 , 48, 59]  -0.009335 + 0.010998 <  0.016445  :  4378.437500  (61)
 [31 , 46, 59]  -0.009335 + 0.011177 <  0.016445  :  4207.343750  (69)
 [0 , 56, 59]  -0.009335 + 0.007765 <  0.016445  :  4200.406250  (56)
 [37 , 46, 59]  -0.009335 + 0.011544 <  0.016445  :  4174.984375  (71)
 [46 , 49, 59]  -0.009335 + 0.011780 <  0.016445  :  4157.906250  (72)

 [46 , 59, 99]  -0.009335 + 0.011182 <  0.010963  :  3482.921875  (69)
 [0 , 59, 99]  -0.009335 + 0.005459 <  0.010963  :  3053.093750  (46)
 [39 , 46, 99]  -0.009335 + 0.007077 <  0.010963  :  2774.796875  (31)
 [46 , 62, 99]  -0.009335 + 0.007610 <  0.010963  :  2742.484375  (35)
 [46 , 48, 99]  -0.009335 + 0.010525 <  0.010963  :  2677.734375  (39)
 [0 , 46, 99]  -0.009335 + 0.007508 <  0.010963  :  2649.140625  (38)
 [31 , 46, 99]  -0.009335 + 0.007342 <  0.010963  :  2538.906250  (33)
 [37 , 46, 99]  -0.009335 + 0.006967 <  0.010963  :  2477.234375  (30)
 [46 , 49, 99]  -0.009335 + 0.007175 <  0.010963  :  2470.468750  (32)
 [20 , 46, 99]  -0.009335 + 0.007889 <  0.010963  :  2468.640625  (31)

 [46 , 99, 99]  -0.009335 + 0.006625 <  0.005482  :  1910.984375  (28)
 [59 , 99, 99]  -0.009335 + 0.003882 <  0.005482  :  1244.265625  (37)
 [0 , 99, 99]  -0.009335 + 0.001497 <  0.005482  :  617.265625  (13)
 [48 , 99, 99]  -0.009335 + 0.004116 <  0.005482  :  523.265625  (13)
 [20 , 99, 99]  -0.009335 + 0.000757 <  0.005482  :  350.281250  (1)
 [31 , 99, 99]  -0.009335 + 0.000933 <  0.005482  :  327.000000  (7)
 [39 , 99, 99]  -0.009335 + 0.000811 <  0.005482  :  318.359375  (5)
 [62 , 99, 99]  -0.009335 + 0.000860 <  0.005482  :  302.921875  (7)
 [56 , 99, 99]  -0.009335 + 0.001155 <  0.005482  :  260.265625  (7)
 [51 , 99, 99]  -0.009335 + 0.001026 <  0.005482  :  234.203125  (8)
99, 99, 99