basis_ent0 = 0.003705
 [0 , 4, 59]  0.003705 + 0.000598 <  0.016445  :  10.656250  (14)
 [0 , 7, 59]  0.003705 + 0.000612 <  0.016445  :  10.625000  (16)
 [0 , 48, 59]  0.003705 + 0.000642 <  0.016445  :  10.609375  (17)
 [0 , 46, 59]  0.003705 + 0.000494 <  0.016445  :  10.515625  (14)
 [0 , 32, 59]  0.003705 + 0.000473 <  0.016445  :  10.375000  (14)
 [0 , 27, 59]  0.003705 + 0.000585 <  0.016445  :  10.187500  (16)
 [0 , 39, 59]  0.003705 + 0.000459 <  0.016445  :  10.140625  (13)
 [0 , 18, 59]  0.003705 + 0.000611 <  0.016445  :  9.593750  (15)
 [0 , 43, 59]  0.003705 + 0.000463 <  0.016445  :  9.562500  (14)
 [0 , 56, 59]  0.003705 + 0.000580 <  0.016445  :  9.562500  (14)

 [0 , 59, 99]  0.003705 + 0.000549 <  0.010963  :  8.750000  (13)
 [48 , 59, 99]  0.003705 + 0.000312 <  0.010963  :  6.171875  (11)
 [19 , 59, 99]  0.003705 + 0.000348 <  0.010963  :  5.781250  (10)
 [59 , 62, 99]  0.003705 + 0.000361 <  0.010963  :  5.765625  (10)
 [7 , 59, 99]  0.003705 + 0.000311 <  0.010963  :  5.671875  (10)
 [25 , 59, 99]  0.003705 + 0.000261 <  0.010963  :  5.484375  (11)
 [34 , 59, 99]  0.003705 + 0.000201 <  0.010963  :  5.156250  (9)
 [59 , 60, 99]  0.003705 + 0.000359 <  0.010963  :  5.140625  (10)
 [56 , 59, 99]  0.003705 + 0.000319 <  0.010963  :  4.953125  (9)
 [55 , 59, 99]  0.003705 + 0.000310 <  0.010963  :  4.921875  (10)

 [59 , 99, 99]  0.003705 + 0.000289 <  0.005482  :  4.140625  (8)
 [19 , 99, 99]  0.003705 + 0.000059 <  0.005482  :  1.640625  (2)
 [62 , 99, 99]  0.003705 + 0.000073 <  0.005482  :  1.625000  (2)
 [7 , 99, 99]  0.003705 + 0.000023 <  0.005482  :  1.531250  (2)
 [0 , 99, 99]  0.003705 + 0.000194 <  0.005482  :  1.109375  (2)
 [27 , 99, 99]  0.003705 + 0.000104 <  0.005482  :  1.000000  (2)
 [46 , 99, 99]  0.003705 + 0.000044 <  0.005482  :  1.000000  (1)
 [48 , 99, 99]  0.003705 + 0.000083 <  0.005482  :  0.890625  (2)
 [56 , 99, 99]  0.003705 + 0.000030 <  0.005482  :  0.812500  (1)
 [55 , 99, 99]  0.003705 + 0.000021 <  0.005482  :  0.781250  (2)
99, 99, 99