
 now Q is 10

 now outputing  - - - -> end


basis_ent0 = 0.015039
 [25 , 43, 47]  0.015039 + 0.002005 >>  0.015318  :  6507.578125  (50)
 [43 , 44, 47]  0.015039 + 0.001234 <  0.015318  :  6432.062500  (39)
 [43 , 45, 47]  0.015039 + 0.001234 <  0.015318  :  6432.062500  (39)
 [43 , 46, 47]  0.015039 + 0.001234 <  0.015318  :  6432.062500  (39)
 [41 , 43, 47]  0.015039 + 0.001639 <  0.015318  :  6193.609375  (39)
 [2 , 43, 47]  0.015039 + 0.001366 <  0.015318  :  6155.796875  (37)
 [37 , 43, 47]  0.015039 + 0.001527 <  0.015318  :  6152.015625  (39)
 [7 , 43, 47]  0.015039 + 0.001333 <  0.015318  :  6036.390625  (35)
 [14 , 43, 47]  0.015039 + 0.001366 <  0.015318  :  6001.140625  (37)
 [23 , 43, 47]  0.015039 + 0.001380 <  0.015318  :  5959.734375  (37)

 [43 , 47, 99]  0.015039 + 0.001234 <  0.010212  :  6432.062500  (39)
 [25 , 47, 99]  0.015039 + 0.001836 <  0.010212  :  5052.046875  (41)
 [42 , 47, 99]  0.015039 + 0.001098 <  0.010212  :  4306.796875  (24)
 [34 , 47, 99]  0.015039 + 0.001161 <  0.010212  :  4169.265625  (25)
 [24 , 47, 99]  0.015039 + 0.001128 <  0.010212  :  4165.703125  (24)
 [31 , 47, 99]  0.015039 + 0.001129 <  0.010212  :  4152.828125  (24)
 [39 , 47, 99]  0.015039 + 0.001213 <  0.010212  :  4125.515625  (24)
 [47 , 50, 99]  0.015039 + 0.001156 <  0.010212  :  4104.921875  (24)
 [9 , 47, 99]  0.015039 + 0.001123 <  0.010212  :  4102.031250  (24)
 [7 , 47, 99]  0.015039 + 0.001099 <  0.010212  :  4091.562500  (24)

 [47 , 99, 99]  0.015039 + 0.001081 <  0.005106  :  4012.203125  (23)
 [43 , 99, 99]  0.015039 + 0.000318 <  0.005106  :  2349.437500  (16)
 [25 , 99, 99]  0.015039 + 0.001062 <  0.005106  :  860.500000  (20)
 [42 , 99, 99]  0.015039 + 0.000092 <  0.005106  :  263.890625  (2)
 [34 , 99, 99]  0.015039 + 0.000091 <  0.005106  :  167.765625  (3)
 [24 , 99, 99]  0.015039 + 0.000117 <  0.005106  :  149.406250  (1)
 [31 , 99, 99]  0.015039 + 0.000047 <  0.005106  :  140.625000  (1)
 [7 , 99, 99]  0.015039 + 0.000058 <  0.005106  :  99.031250  (2)
 [50 , 99, 99]  0.015039 + 0.000074 <  0.005106  :  92.718750  (1)
 [9 , 99, 99]  0.015039 + 0.000041 <  0.005106  :  89.828125  (1)
25, 43, 47