 1000 : [0, 39, 59]
 1000 : [1, 39, 59]
 1000 : [2, 39, 59]
 1000 :  [39, 59]
 1000 :  [39, 59]
 1000 :  [39, 59]
 1000 :  [39, 59]
 1000 :  [39, 59]
 1000 : [8, 39, 59]
 1000 :  [39, 59]
 1000 :  [39, 59]
 1000 :  [39, 59]
 1000 :  [39, 59]
 1000 :  [39, 59]
 1000 : [14, 39, 59]
 1000 :  [39, 59]
 1000 :  [39, 59]
 1000 : [17, 39, 59]
 1000 : [18, 39, 59]
 1000 :  [39, 59]
 1000 :  [39, 59]
 1000 : [21, 39, 59]
 1000 :  [39, 59]
 1000 :  [39, 59]
 1000 : [24, 39, 59]
 1000 : [25, 39, 59]
 1000 :  [39, 59]
 1000 :  [39, 59]
 1000 :  [39, 59]
 1000 : [29, 39, 59]
 1000 : [30, 39, 59]
 1000 : [31, 39, 56]
 1000 :  [39, 59]
 1000 :  [39, 59]
 1000 : [33, 39, 59]
 1000 :  [39, 59]
 1000 :  [39, 59]
 1000 :  [39, 59]
 1000 :  [39, 59]
 1000 :  [39, 59]
 1000 :  [39, 59]
 1000 : [39, 41, 59]
 1000 : [39, 42, 59]
 1000 :  [39, 59]
 1000 : [39, 44, 59]
 1000 :  [39, 59]
 1000 :  [39, 59]
 1000 :  [39, 59]
 1000 :  [39, 59]
 1000 : [39, 49, 59]
 1000 :  [39, 59]
 1000 :  [39, 59]
 1000 : [39, 52, 59]
 1000 : [39, 53, 59]
 1000 :  [39, 59]
 1000 :  [39, 59]
 1000 :  [39, 59]
 1000 :  [39, 59]
 1000 : [39, 58, 59]
 1000 : [39, 59, 60]
 1000 : [39, 59, 61]
 1000 :  [39, 59]
 1000 :  [39, 59]