

 [80] ******************************************************

 [18 , 43, 50]  121891.745328 vs 118592.331023 >>  3299.414305  :  18.187500  (47)
 [10]    0.203125 (1)
 [32]    0.656250 (1)
 [33]    0.343750 (1)
 [45]    0.062500 (1)
 [88]    0.500000 (1)
 [107]    0.281250 (1)
 [111]    0.625000 (1)
 [113]    0.453125 (1)
 [116]    0.218750 (1)
 [120]    0.218750 (1)
 [122]    0.296875 (1)
 [123]    0.546875 (1)
 [130]    0.562500 (1)
 [133]    0.359375 (1)
 [134]    0.171875 (1)
 [136]    0.625000 (2)
 [146]    0.562500 (1)
 [152]    0.515625 (1)
 [153]    0.468750 (1)
 [166]    0.421875 (1)
 [174]    0.203125 (1)
 [177]    0.453125 (1)
 [186]    0.343750 (1)
 [191]    0.203125 (1)
 [210]    0.671875 (1)
 [219]    0.328125 (1)
 [220]    1.750000 (1)
 [245]    0.156250 (1)
 [277]    0.781250 (1)
 [283]    0.812500 (1)
 [286]    0.078125 (1)
 [287]    0.109375 (1)
 [288]    0.203125 (1)
 [289]    0.125000 (1)
 [298]    0.484375 (1)
 [311]    0.250000 (1)
 [316]    0.375000 (1)
 [317]    0.828125 (1)
 [323]    0.140625 (1)
 [342]    0.218750 (1)
 [344]    0.265625 (1)
 [376]    0.312500 (1)
 [377]    0.484375 (1)
 [384]    0.156250 (1)
 [407]    0.125000 (1)
 [411]    0.187500 (1)
 [412]    0.281250 (1)

 [70] ******************************************************

 [18 , 26, 27]  100181.443032 vs 97643.018322 >>  2538.424710  :  6.562500  (4)
 [120]    1.468750 (1)
 [122]    1.078125 (1)
 [177]    1.546875 (1)
 [286]    2.468750 (1)

 [60] ******************************************************

 [5 , 8, 42]  86232.334477 vs 84414.746691 >>  1817.587786  :  20.500000  (1)
 [788]    20.500000 (3)

 [50] ******************************************************

 [5 , 8, 42]  75162.802696 vs 74039.598620 >>  1123.204076  :  36.671875  (1)
 [788]    36.671875 (3)

 [40] ******************************************************

 [5 , 8, 42]  64956.747797 vs 64120.616498 >>  836.131299  :  13.906250  (1)
 [788]    13.906250 (3)

 [30] ******************************************************

 [5 , 8, 42]  54436.507764 vs 53850.841217 >>  585.666547  :  388.546875  (1)
 [788]    388.546875 (3)