basis_ent0 = 0.003705
 [1 , 43, 45]  0.003705 + 0.000894 <  0.012580  :  24.296875  (11)
 [1 , 12, 45]  0.003705 + 0.000797 <  0.012580  :  23.593750  (10)
 [1 , 10, 45]  0.003705 + 0.000685 <  0.012580  :  22.984375  (8)
 [17 , 45, 51]  0.003705 + 0.000940 <  0.012580  :  22.062500  (8)
 [1 , 45, 57]  0.003705 + 0.000886 <  0.012580  :  22.031250  (10)
 [28 , 45, 51]  0.003705 + 0.000951 <  0.012580  :  21.609375  (9)
 [17 , 28, 51]  0.003705 + 0.000922 <  0.012580  :  21.406250  (8)
 [5 , 45, 51]  0.003705 + 0.001109 <  0.012580  :  21.171875  (10)
 [43 , 45, 51]  0.003705 + 0.000983 <  0.012580  :  20.687500  (10)
 [1 , 45, 50]  0.003705 + 0.000756 <  0.012580  :  20.593750  (10)

 [45 , 51, 99]  0.003705 + 0.000710 <  0.008387  :  15.781250  (6)
 [17 , 51, 99]  0.003705 + 0.000755 <  0.008387  :  15.328125  (6)
 [17 , 45, 99]  0.003705 + 0.000704 <  0.008387  :  13.750000  (7)
 [51 , 62, 99]  0.003705 + 0.000875 <  0.008387  :  13.453125  (6)
 [43 , 51, 99]  0.003705 + 0.000638 <  0.008387  :  12.796875  (5)
 [5 , 51, 99]  0.003705 + 0.000828 <  0.008387  :  12.515625  (6)
 [5 , 45, 99]  0.003705 + 0.000751 <  0.008387  :  12.156250  (7)
 [39 , 51, 99]  0.003705 + 0.000967 <  0.008387  :  11.562500  (9)
 [43 , 45, 99]  0.003705 + 0.000782 <  0.008387  :  11.562500  (9)
 [45 , 62, 99]  0.003705 + 0.000710 <  0.008387  :  11.546875  (6)

 [51 , 99, 99]  0.003705 + 0.000360 <  0.004193  :  8.109375  (2)
 [45 , 99, 99]  0.003705 + 0.000357 <  0.004193  :  7.125000  (4)
 [17 , 99, 99]  0.003705 + 0.000398 <  0.004193  :  6.500000  (3)
 [62 , 99, 99]  0.003705 + 0.000452 <  0.004193  :  3.796875  (3)
 [43 , 99, 99]  0.003705 + 0.000332 <  0.004193  :  3.687500  (3)
 [5 , 99, 99]  0.003705 + 0.000298 <  0.004193  :  3.203125  (1)
 [39 , 99, 99]  0.003705 + 0.000534 >>  0.004193  :  3.078125  (6)
 [26 , 99, 99]  0.003705 + 0.000542 <  0.004193  :  2.453125  (4)
 [3 , 99, 99]  0.003705 + 0.000461 <  0.004193  :  1.781250  (4)
 [12 , 99, 99]  0.003705 + 0.000175 <  0.004193  :  1.703125  (2)
39, 99, 99