

 [80] ******************************************************

 [0 , 46, 59]  131347.645610 vs 128629.660418 >>  2717.985192  :  31.968750  (49)
[82]    2  [0]
[83]    1  [0, 46, 59]
[133]    0  [46, 59]
[191]    1  [0]
[219]    0  [0]
[241]    0  [0, 59]
[265]    1  [59]
[274]    1  [46]
[278]    1  [59]
[279]    0  [0, 46, 59]
[284]    2  [0]
[285]    1  [0]
[303]    1  [46, 59]
[319]    1  [46, 59]
[333]    0  [46]
[348]    0  [59]
[350]    0  [46]
[351]    0  [46]
[361]    0  [0]
[368]    0  [0, 59]
[374]    0  [59]
[375]    0  [0]
[380]    0  [0, 59]
[381]    1  [59]
[383]    1  [59]
[412]    0  [0, 59]
[454]    1  [0, 59]
[461]    2  [0, 46]
[517]    1  [0]
[537]    1  [0]
[569]    1  [0]
[598]    0  [0]
[599]    0  [46]
[638]    0  [59]
[666]    1  [46]
[739]    2  [0, 46]
[765]    1  [0]
[767]    2  [46]
[770]    1  [46]
[799]    0  [0]
[803]    0  [0]
[805]    0  [46]
[835]    1  [46]
[870]    1  [59]
[871]    1  [59]
[897]    1  [0]
[906]    0  [59]
[931]    1  [0]
[974]    0  [59]
[82]    2  [0]
[83]    1  [0, 59]
[122]    0  [31]
[133]    0  [0, 59]
[191]    1  [0]
[219]    0  [0]
[241]    0  [0, 59]
[265]    1  [59]
[278]    1  [59]
[279]    0  [0, 59]
[284]    2  [0]
[285]    1  [0]
[319]    1  [31, 59]
[330]    0  [31, 59]
[348]    0  [59]
[350]    0  [31]
[351]    0  [0]
[361]    0  [0]
[368]    0  [0, 31]
[374]    0  [31]
[375]    0  [0]
[379]    0  [31]
[380]    0  [0, 59]
[381]    1  [59]
[382]    1  [31, 59]
[383]    1  [59]
[412]    1  [0, 31, 59]
[454]    2  [0, 31, 59]
[461]    1  [0]
[517]    1  [31]
[537]    1  [0]
[569]    1  [0]
[598]    1  [0, 31]
[599]    0  [0]
[638]    0  [59]
[666]    0  [0]
[739]    1  [0, 31, 59]
[765]    1  [31]
[767]    1  [0]
[770]    0  [31]
[799]    0  [0]
[803]    1  [31]
[805]    1  [31]
[835]    0  [59]
[870]    1  [59]
[871]    1  [59]
[897]    1  [0]
[906]    0  [59]
[931]    1  [31]
[936]    0  [0, 31]
[974]    0  [59]
[39]    0  [0, 39]
[82]    2  [0]
[83]    1  [0, 39, 59]
[108]    0  [39]
[119]    0  [39, 59]
[133]    0  [0, 59]
[161]    0  [39]
[163]    2  [0, 39]
[191]    1  [0]
[195]    0  [0, 39, 59]
[196]    0  [0, 39, 59]
[219]    0  [0]
[232]    0  [39]
[241]    0  [0, 59]
[265]    1  [59]
[278]    1  [59]
[279]    0  [0, 59]
[284]    2  [0]
[285]    1  [0]
[319]    1  [59]
[348]    0  [59]
[351]    0  [0]
[361]    0  [0]
[368]    0  [0, 59]
[374]    0  [59]
[375]    0  [0]
[380]    0  [0, 59]
[381]    1  [59]
[382]    0  [39, 59]
[383]    1  [59]
[412]    0  [0, 59]
[454]    1  [0, 59]
[461]    2  [0, 39]
[517]    1  [0]
[537]    1  [0]
[569]    1  [0]
[598]    0  [0]
[599]    1  [39]
[638]    0  [59]
[666]    1  [39]
[765]    1  [39]
[767]    1  [39]
[770]    1  [39]
[799]    0  [0]
[803]    0  [0]
[805]    1  [39]
[835]    1  [39]
[870]    1  [59]
[871]    1  [59]
[897]    1  [0]
[906]    0  [39]
[931]    1  [0]
[974]    0  [59]
[43]    0  [47, 59]
[82]    2  [0]
[83]    1  [0, 59]
[118]    0  [0, 47, 59]
[122]    0  [47]
[133]    0  [0, 59]
[191]    1  [0]
[219]    0  [0]
[232]    1  [47]
[241]    0  [0, 59]
[265]    1  [59]
[278]    1  [59]
[279]    0  [0, 59]
[284]    2  [0]
[285]    1  [0]
[313]    0  [47]
[319]    1  [47, 59]
[333]    0  [47]
[348]    0  [59]
[351]    0  [0]
[361]    0  [0]
[368]    0  [0, 59]
[374]    0  [59]
[375]    0  [0]
[380]    0  [0, 59]
[381]    1  [59]
[383]    1  [59]
[412]    0  [0, 59]
[454]    1  [0, 59]
[461]    3  [0, 47]
[517]    1  [0]
[537]    1  [0]
[569]    1  [0]
[598]    0  [0]
[599]    0  [0]
[638]    0  [47]
[666]    0  [0]
[739]    0  [0, 47]
[765]    1  [47]
[767]    1  [47]
[770]    0  [47]
[799]    0  [47]
[803]    0  [0]
[805]    1  [47]
[835]    0  [59]
[870]    1  [59]
[871]    1  [59]
[897]    1  [0]
[906]    0  [59]
[931]    1  [47]
[974]    0  [59]
[44]    2  [0, 4]
[82]    2  [0]
[83]    1  [0, 59]
[133]    0  [0, 59]
[191]    1  [0]
[219]    0  [0]
[220]    0  [4, 59]
[232]    1  [4]
[241]    0  [0, 59]
[265]    1  [59]
[274]    1  [0, 4]
[278]    1  [59]
[279]    0  [0, 59]
[284]    2  [0]
[285]    1  [4]
[319]    1  [4, 59]
[333]    0  [4]
[348]    0  [59]
[351]    0  [0]
[361]    0  [0]
[368]    0  [0, 59]
[374]    0  [59]
[375]    0  [0]
[380]    0  [0, 59]
[381]    1  [59]
[382]    0  [4, 59]
[383]    1  [59]
[412]    0  [0, 59]
[454]    2  [0, 4, 59]
[461]    1  [0, 4]
[517]    1  [0]
[537]    1  [0]
[569]    1  [0]
[598]    0  [0]
[599]    0  [0]
[638]    0  [59]
[666]    0  [4]
[739]    1  [0, 4]
[765]    1  [0]
[767]    1  [0]
[770]    0  [4]
[799]    0  [0]
[803]    0  [4]
[805]    1  [4]
[835]    1  [4]
[870]    1  [59]
[871]    1  [59]
[897]    1  [0]
[906]    1  [4]
[931]    1  [0]
[974]    0  [59]

 [70] ******************************************************

 [0 , 48, 59]  109138.657973 vs 108114.709374 >>  1023.948600  :  82.218750  (77)
[39]    1  [0]
[42]    1  [0]
[43]    0  [59]
[45]    1  [0]
[55]    1  [0, 59]
[73]    1  [0, 59]
[74]    0  [0]
[78]    0  [0, 59]
[80]    0  [0]
[83]    2  [0, 59]
[87]    3  [59]
[110]    0  [59]
[113]    1  [0]
[118]    1  [59]
[120]    0  [59]
[124]    0  [0, 48, 59]
[140]    0  [0]
[150]    0  [59]
[152]    3  [48, 59]
[164]    2  [59]
[166]    2  [59]
[190]    1  [59]
[196]    2  [59]
[198]    1  [59]
[201]    1  [0, 48, 59]
[217]    1  [0, 48, 59]
[219]    2  [0]
[220]    1  [59]
[221]    0  [48, 59]
[223]    0  [59]
[229]    2  [48]
[231]    1  [0]
[241]    0  [0, 59]
[243]    1  [59]
[244]    0  [0, 48, 59]
[251]    1  [48]
[262]    0  [0]
[265]    1  [59]
[266]    2  [0, 59]
[276]    2  [0, 48]
[277]    0  [0, 48, 59]
[278]    2  [59]
[283]    1  [0]
[289]    2  [48]
[317]    1  [0]
[319]    2  [59]
[329]    0  [59]
[330]    0  [48]
[331]    1  [0, 48]
[337]    1  [59]
[341]    2  [0, 59]
[343]    2  [59]
[347]    0  [48, 59]
[348]    2  [59]
[353]    1  [0]
[354]    0  [0, 48]
[360]    2  [0, 48]
[363]    0  [48, 59]
[368]    1  [0]
[371]    1  [48]
[372]    2  [48]
[381]    1  [59]
[382]    0  [59]
[383]    1  [59]
[403]    0  [0, 48]
[447]    2  [48, 59]
[454]    2  [0, 59]
[461]    3  [0]
[517]    1  [0]
[572]    1  [48]
[632]    0  [0, 48]
[771]    1  [48]
[799]    1  [0]
[801]    2  [59]
[829]    1  [0]
[866]    0  [59]
[870]    1  [59]
[874]    2  [0, 48, 59]
[876]    0  [0, 48, 59]
[930]    2  [48]
[936]    3  [48, 59]
[940]    0  [0, 48, 59]
[39]    1  [0]
[42]    1  [0]
[43]    0  [59]
[45]    2  [39]
[55]    1  [0, 59]
[73]    1  [0, 59]
[74]    0  [0]
[78]    0  [0, 59]
[80]    0  [0]
[83]    2  [0, 59]
[87]    3  [59]
[109]    0  [39]
[110]    0  [59]
[113]    1  [0]
[118]    1  [59]
[120]    0  [59]
[140]    0  [0]
[150]    0  [59]
[152]    2  [59]
[163]    1  [39]
[164]    2  [59]
[166]    2  [59]
[190]    1  [59]
[195]    1  [0, 39, 59]
[196]    2  [59]
[198]    1  [59]
[200]    1  [39]
[214]    0  [39]
[219]    2  [0]
[220]    1  [59]
[223]    0  [59]
[229]    2  [59]
[231]    1  [0]
[241]    0  [0, 59]
[243]    1  [59]
[251]    1  [39]
[262]    0  [0, 39]
[265]    1  [59]
[266]    2  [0, 59]
[277]    0  [0, 59]
[278]    2  [59]
[283]    1  [0]
[289]    1  [0]
[305]    1  [39]
[317]    1  [0]
[319]    2  [59]
[329]    0  [59]
[337]    1  [39, 59]
[338]    1  [39, 59]
[341]    2  [0, 59]
[343]    2  [59]
[348]    2  [59]
[353]    1  [0]
[368]    1  [0]
[371]    0  [39]
[372]    2  [39, 59]
[381]    1  [59]
[382]    0  [59]
[383]    1  [59]
[395]    1  [39, 59]
[402]    1  [39, 59]
[447]    1  [59]
[454]    2  [0, 59]
[461]    3  [0]
[517]    1  [0]
[634]    0  [39]
[771]    1  [39]
[799]    1  [0]
[801]    2  [59]
[829]    1  [0]
[866]    0  [59]
[870]    1  [59]
[930]    2  [39]
[936]    1  [0]
[1005]    3  [0, 39, 59]
[1007]    6  [0, 39, 59]
[43]    0  [59]
[45]    1  [48]
[80]    0  [48]
[81]    0  [40, 48, 59]
[86]    2  [40, 59]
[87]    3  [59]
[110]    0  [59]
[113]    1  [40]
[114]    0  [40]
[118]    1  [59]
[120]    0  [59]
[140]    0  [59]
[150]    2  [40]
[152]    3  [48, 59]
[156]    2  [40]
[164]    2  [59]
[166]    2  [59]
[190]    2  [40, 59]
[196]    2  [59]
[197]    2  [40]
[198]    1  [59]
[201]    1  [48, 59]
[217]    0  [48, 59]
[219]    2  [40]
[220]    1  [59]
[221]    0  [48, 59]
[223]    0  [59]
[229]    2  [48]
[243]    1  [59]
[251]    1  [48]
[265]    1  [59]
[266]    1  [59]
[276]    1  [48]
[278]    2  [59]
[283]    1  [40]
[289]    2  [48]
[297]    2  [40]
[298]    1  [40, 59]
[317]    0  [48]
[319]    2  [59]
[329]    0  [59]
[330]    0  [48]
[331]    0  [48]
[337]    1  [59]
[338]    0  [40, 59]
[339]    2  [40]
[341]    2  [59]
[343]    2  [59]
[347]    0  [48, 59]
[348]    2  [59]
[353]    1  [40, 48]
[360]    1  [48]
[363]    0  [48, 59]
[368]    1  [40]
[371]    1  [48]
[372]    3  [40, 59]
[381]    1  [59]
[382]    0  [59]
[383]    1  [59]
[447]    2  [48, 59]
[461]    1  [48]
[572]    1  [48]
[771]    1  [48]
[799]    1  [40]
[801]    2  [40, 59]
[840]    0  [40]
[866]    0  [59]
[870]    1  [59]
[874]    2  [48, 59]
[930]    2  [48]
[936]    3  [48, 59]
[39]    0  [39]
[43]    0  [59]
[45]    2  [39]
[80]    0  [48]
[87]    3  [59]
[109]    1  [39, 48]
[110]    0  [59]
[113]    1  [48]
[118]    1  [59]
[120]    0  [59]
[140]    0  [59]
[141]    1  [39, 48]
[150]    0  [59]
[152]    3  [48, 59]
[163]    1  [39]
[164]    2  [59]
[166]    2  [59]
[190]    1  [59]
[195]    0  [39, 48, 59]
[196]    2  [59]
[198]    1  [59]
[200]    1  [39]
[201]    1  [48, 59]
[214]    0  [39]
[217]    0  [48, 59]
[219]    2  [48]
[220]    1  [59]
[221]    0  [48, 59]
[223]    0  [59]
[229]    2  [48]
[231]    0  [39]
[243]    1  [59]
[251]    1  [48]
[262]    0  [39]
[265]    1  [59]
[266]    1  [59]
[276]    1  [48]
[278]    2  [59]
[283]    1  [39]
[289]    2  [48]
[305]    1  [39]
[317]    1  [39]
[319]    2  [59]
[329]    0  [59]
[330]    0  [48]
[331]    0  [48]
[337]    1  [39, 59]
[338]    1  [39, 59]
[341]    2  [59]
[343]    2  [59]
[347]    0  [48, 59]
[348]    2  [59]
[353]    0  [39, 48]
[360]    1  [48]
[363]    0  [48, 59]
[368]    0  [59]
[371]    1  [48]
[372]    2  [39, 48]
[381]    1  [59]
[382]    0  [59]
[383]    1  [59]
[395]    1  [39, 59]
[402]    1  [39, 59]
[403]    1  [39, 48]
[447]    2  [48, 59]
[461]    1  [48]
[572]    1  [48]
[634]    0  [39]
[771]    1  [39]
[799]    0  [39]
[801]    2  [59]
[866]    0  [59]
[870]    1  [59]
[874]    2  [39, 48, 59]
[930]    2  [48]
[936]    3  [48, 59]
[940]    0  [39, 48, 59]
[1005]    1  [39, 59]
[1007]    4  [39, 59]
[39]    1  [0]
[42]    1  [0]
[43]    0  [59]
[44]    1  [0, 56]
[45]    1  [0]
[55]    1  [0, 59]
[73]    1  [0, 56]
[74]    2  [56]
[78]    0  [0, 59]
[80]    0  [0]
[83]    2  [0, 59]
[86]    2  [56, 59]
[87]    3  [59]
[110]    0  [59]
[113]    1  [0]
[118]    1  [59]
[120]    0  [59]
[140]    0  [0]
[150]    0  [59]
[152]    2  [59]
[164]    2  [59]
[166]    2  [59]
[171]    0  [56, 59]
[190]    1  [59]
[196]    2  [59]
[198]    1  [59]
[201]    0  [0, 56, 59]
[219]    2  [56]
[220]    1  [59]
[221]    1  [56, 59]
[223]    0  [59]
[229]    2  [59]
[231]    1  [0]
[241]    0  [0, 59]
[243]    1  [59]
[251]    1  [56]
[262]    0  [0, 56]
[265]    2  [56, 59]
[266]    2  [0, 59]
[277]    0  [0, 56, 59]
[278]    2  [59]
[283]    1  [0]
[289]    1  [56]
[298]    0  [56, 59]
[305]    1  [56]
[317]    1  [0]
[319]    2  [59]
[328]    1  [56, 59]
[329]    0  [59]
[337]    1  [56, 59]
[339]    3  [56, 59]
[341]    2  [0, 59]
[343]    2  [59]
[348]    2  [59]
[353]    1  [0]
[360]    0  [0, 56]
[368]    1  [0]
[371]    0  [56]
[372]    2  [59]
[381]    1  [59]
[382]    0  [59]
[383]    1  [59]
[447]    1  [59]
[454]    2  [0, 59]
[461]    3  [0]
[517]    1  [0]
[572]    0  [56]
[771]    1  [56]
[799]    1  [0]
[801]    2  [56, 59]
[829]    1  [0]
[840]    0  [56]
[866]    0  [59]
[870]    1  [59]
[874]    1  [56, 59]
[930]    1  [56]
[936]    1  [0]
[937]    1  [56]

 [60] ******************************************************

 [0 , 39, 59]  95498.035203 vs 95120.850644 >>  377.184560  :  533.421875  (118)
[1]    51  [0, 39]
[7]    9  [0, 39, 59]
[41]    3  [59]
[42]    4  [0]
[43]    0  [59]
[44]    2  [0]
[55]    1  [0, 59]
[73]    3  [0]
[75]    3  [59]
[76]    2  [59]
[81]    2  [59]
[83]    4  [0, 59]
[87]    3  [59]
[110]    3  [59]
[114]    1  [59]
[116]    0  [59]
[117]    1  [59]
[118]    1  [59]
[119]    0  [59]
[120]    1  [59]
[123]    2  [39]
[126]    0  [59]
[141]    3  [39]
[151]    1  [59]
[152]    4  [59]
[153]    1  [0]
[158]    0  [0, 39, 59]
[159]    1  [59]
[171]    3  [39, 59]
[177]    0  [59]
[183]    1  [39, 59]
[189]    0  [0]
[190]    3  [59]
[193]    0  [39]
[195]    3  [39]
[196]    0  [59]
[198]    1  [59]
[200]    2  [39]
[202]    3  [59]
[207]    1  [39, 59]
[209]    3  [39, 59]
[210]    3  [39, 59]
[213]    2  [0]
[215]    3  [59]
[220]    4  [59]
[222]    3  [39, 59]
[223]    4  [59]
[226]    3  [39, 59]
[227]    2  [0, 39, 59]
[235]    0  [0]
[241]    2  [59]
[243]    2  [59]
[244]    1  [0, 59]
[247]    1  [0, 59]
[251]    1  [39]
[265]    1  [59]
[269]    0  [39]
[277]    4  [0, 59]
[278]    2  [59]
[279]    2  [59]
[298]    3  [59]
[305]    4  [39]
[307]    0  [59]
[317]    2  [0]
[328]    1  [59]
[329]    2  [59]
[334]    4  [59]
[337]    3  [59]
[338]    3  [59]
[341]    3  [59]
[342]    0  [59]
[343]    2  [59]
[344]    1  [59]
[347]    1  [59]
[354]    4  [0, 59]
[367]    0  [59]
[372]    0  [59]
[381]    4  [59]
[382]    3  [59]
[383]    2  [59]
[395]    3  [59]
[399]    1  [39]
[400]    2  [0]
[402]    3  [59]
[447]    1  [59]
[459]    1  [0]
[600]    2  [59]
[632]    0  [0, 59]
[796]    1  [39, 59]
[801]    1  [59]
[829]    1  [0]
[872]    2  [59]
[874]    0  [0, 59]
[894]    2  [0]
[904]    1  [59]
[908]    2  [39]
[929]    0  [39, 59]
[974]    0  [59]
[976]    0  [59]
[993]    19  [0, 39, 59]
[994]    15  [0, 39, 59]
[995]    22  [0, 39, 59]
[996]    15  [0, 39, 59]
[997]    9  [0, 39, 59]
[998]    17  [0, 39, 59]
[999]    11  [0, 39, 59]
[1000]    13  [0, 39, 59]
[1001]    17  [0, 39, 59]
[1002]    12  [0, 39, 59]
[1003]    15  [0, 39, 59]
[1004]    7  [0, 39, 59]
[1005]    13  [0, 39, 59]
[1006]    12  [0, 39, 59]
[1007]    14  [0, 39, 59]
[1008]    15  [0, 39, 59]
[1009]    22  [0, 39, 59]
[1010]    20  [0, 39, 59]
[1011]    11  [0, 39, 59]
[1012]    15  [0, 39, 59]
[1013]    16  [39, 59]
[41]    3  [59]
[43]    0  [59]
[44]    2  [24]
[73]    2  [59]
[75]    3  [59]
[76]    2  [59]
[77]    1  [24, 59]
[81]    2  [59]
[83]    1  [24, 59]
[87]    3  [59]
[110]    3  [59]
[114]    1  [59]
[116]    0  [59]
[117]    1  [59]
[118]    1  [59]
[119]    0  [59]
[120]    1  [59]
[123]    3  [24]
[126]    0  [59]
[141]    3  [39]
[151]    1  [59]
[152]    4  [59]
[153]    1  [24]
[159]    1  [59]
[171]    3  [39, 59]
[177]    0  [59]
[183]    1  [39, 59]
[189]    0  [24]
[190]    3  [59]
[193]    0  [39]
[195]    3  [39]
[196]    0  [59]
[198]    1  [59]
[200]    2  [39]
[202]    3  [59]
[207]    1  [39, 59]
[209]    3  [39, 59]
[210]    3  [39, 59]
[213]    2  [24]
[215]    3  [24, 59]
[220]    4  [59]
[222]    3  [39, 59]
[223]    4  [59]
[226]    3  [39, 59]
[227]    1  [39, 59]
[235]    1  [24]
[241]    2  [59]
[243]    2  [59]
[247]    1  [24, 59]
[251]    1  [39]
[265]    1  [59]
[269]    1  [24]
[271]    1  [24]
[277]    3  [24, 59]
[278]    2  [59]
[279]    2  [59]
[298]    3  [59]
[305]    4  [39]
[307]    0  [59]
[317]    2  [39]
[328]    1  [59]
[329]    2  [59]
[334]    4  [59]
[337]    3  [59]
[338]    3  [59]
[341]    3  [59]
[342]    0  [59]
[343]    2  [59]
[344]    1  [59]
[347]    1  [59]
[354]    0  [24]
[367]    0  [59]
[372]    0  [59]
[381]    4  [59]
[382]    3  [59]
[383]    2  [59]
[395]    3  [59]
[399]    1  [39]
[400]    2  [39]
[402]    3  [59]
[447]    1  [59]
[459]    2  [24]
[600]    2  [59]
[796]    1  [39, 59]
[801]    1  [59]
[829]    0  [24]
[872]    2  [59]
[874]    0  [39, 59]
[894]    1  [59]
[904]    1  [24]
[908]    2  [39]
[929]    0  [39, 59]
[974]    0  [59]
[976]    0  [59]
[993]    19  [24, 39, 59]
[994]    18  [24, 39, 59]
[995]    25  [24, 39, 59]
[996]    10  [24, 39, 59]
[997]    17  [24, 39, 59]
[998]    26  [24, 39, 59]
[999]    14  [24, 39, 59]
[1000]    11  [24, 39, 59]
[1001]    20  [24, 39, 59]
[1002]    12  [24, 39, 59]
[1003]    7  [39, 59]
[1004]    5  [24, 39, 59]
[1005]    14  [24, 39, 59]
[1006]    12  [24, 39, 59]
[1007]    17  [24, 39, 59]
[1008]    15  [24, 39, 59]
[1009]    21  [24, 39, 59]
[1010]    23  [24, 39, 59]
[1011]    4  [24, 39, 59]
[1012]    11  [39, 59]
[1013]    18  [24, 39, 59]
[41]    3  [59]
[43]    0  [59]
[44]    2  [39]
[73]    2  [59]
[75]    3  [59]
[76]    2  [59]
[81]    2  [59]
[83]    1  [39, 59]
[87]    3  [59]
[110]    3  [59]
[114]    1  [59]
[116]    0  [59]
[117]    1  [59]
[118]    1  [59]
[119]    0  [59]
[120]    1  [59]
[123]    2  [39]
[126]    0  [59]
[141]    3  [39]
[151]    1  [59]
[152]    4  [59]
[153]    1  [39]
[159]    1  [59]
[171]    3  [39, 59]
[177]    0  [59]
[183]    1  [39, 52, 59]
[189]    0  [39]
[190]    3  [59]
[193]    0  [39]
[195]    3  [39]
[196]    0  [59]
[198]    1  [59]
[200]    2  [39]
[202]    3  [59]
[207]    1  [39, 59]
[209]    3  [39, 59]
[210]    3  [39, 59]
[213]    2  [39]
[215]    3  [59]
[220]    4  [59]
[222]    3  [39, 59]
[223]    4  [59]
[226]    3  [39, 59]
[227]    1  [39, 59]
[235]    0  [39]
[241]    2  [59]
[243]    2  [59]
[244]    2  [52, 59]
[247]    1  [52, 59]
[251]    2  [52]
[265]    1  [59]
[269]    1  [52]
[277]    2  [59]
[278]    2  [59]
[279]    2  [59]
[298]    3  [59]
[305]    4  [39]
[307]    0  [59]
[317]    2  [39]
[328]    1  [59]
[329]    2  [59]
[334]    4  [59]
[337]    3  [59]
[338]    3  [59]
[341]    3  [59]
[342]    0  [59]
[343]    2  [59]
[344]    1  [59]
[347]    1  [59]
[367]    0  [59]
[372]    0  [59]
[381]    4  [59]
[382]    3  [59]
[383]    2  [59]
[395]    3  [59]
[399]    1  [39]
[400]    2  [39]
[402]    3  [59]
[447]    1  [59]
[459]    2  [52]
[600]    2  [59]
[632]    1  [52, 59]
[796]    1  [39, 59]
[801]    1  [59]
[829]    1  [52]
[872]    2  [59]
[874]    1  [52, 59]
[894]    1  [59]
[904]    2  [52]
[908]    2  [52]
[929]    0  [39, 59]
[974]    0  [59]
[976]    1  [52]
[993]    15  [39, 52, 59]
[994]    10  [39, 52, 59]
[995]    16  [39, 59]
[996]    8  [39, 52, 59]
[997]    3  [39, 59]
[998]    18  [39, 52, 59]
[999]    6  [39, 52, 59]
[1000]    9  [39, 52, 59]
[1001]    13  [39, 52, 59]
[1002]    12  [39, 52, 59]
[1003]    7  [39, 52, 59]
[1004]    4  [39, 52, 59]
[1005]    12  [39, 52, 59]
[1006]    10  [39, 52, 59]
[1007]    14  [39, 52, 59]
[1008]    10  [39, 52, 59]
[1009]    19  [39, 52, 59]
[1010]    16  [39, 52, 59]
[1011]    1  [39, 52, 59]
[1012]    12  [39, 52, 59]
[1013]    16  [39, 59]
[40]    1  [39, 46]
[41]    3  [59]
[42]    1  [39, 46]
[43]    0  [59]
[44]    2  [39]
[73]    2  [59]
[75]    3  [59]
[76]    2  [59]
[81]    2  [59]
[83]    1  [39, 59]
[87]    3  [59]
[110]    3  [59]
[114]    1  [59]
[116]    0  [59]
[117]    1  [59]
[118]    1  [59]
[119]    0  [59]
[120]    1  [59]
[123]    2  [39]
[126]    0  [59]
[141]    3  [39]
[151]    1  [59]
[152]    4  [59]
[153]    1  [39]
[159]    1  [59]
[171]    3  [39, 59]
[177]    0  [59]
[183]    1  [39, 59]
[189]    0  [39]
[190]    3  [59]
[193]    0  [39]
[195]    3  [39]
[196]    0  [59]
[198]    1  [59]
[200]    2  [39]
[202]    3  [59]
[207]    1  [39, 59]
[208]    1  [46, 59]
[209]    4  [39, 46, 59]
[210]    3  [39, 59]
[213]    2  [39]
[215]    3  [59]
[220]    4  [59]
[222]    3  [39, 59]
[223]    4  [59]
[226]    3  [39, 59]
[227]    1  [39, 59]
[235]    0  [39]
[241]    2  [59]
[243]    2  [59]
[247]    0  [46, 59]
[251]    3  [46]
[265]    1  [59]
[269]    0  [39]
[277]    2  [46, 59]
[278]    2  [59]
[279]    2  [59]
[298]    3  [59]
[303]    0  [46]
[305]    4  [39]
[307]    0  [59]
[317]    2  [39]
[328]    1  [59]
[329]    2  [59]
[334]    4  [59]
[337]    3  [59]
[338]    3  [59]
[341]    3  [59]
[342]    0  [59]
[343]    2  [59]
[344]    1  [59]
[347]    1  [59]
[367]    0  [59]
[372]    0  [59]
[381]    4  [59]
[382]    3  [59]
[383]    2  [59]
[395]    3  [59]
[399]    2  [39, 46]
[400]    2  [46]
[402]    3  [59]
[447]    1  [59]
[459]    2  [46]
[600]    2  [59]
[698]    0  [46]
[796]    1  [39, 59]
[801]    1  [59]
[807]    3  [39, 46, 59]
[829]    0  [59]
[872]    2  [59]
[874]    2  [46, 59]
[894]    2  [46]
[904]    2  [46]
[908]    2  [46]
[926]    0  [46, 59]
[929]    0  [39, 59]
[974]    0  [59]
[976]    0  [59]
[993]    12  [39, 59]
[994]    9  [39, 46, 59]
[995]    16  [39, 46, 59]
[996]    7  [39, 46, 59]
[997]    3  [39, 59]
[998]    15  [39, 59]
[999]    8  [39, 46, 59]
[1000]    7  [39, 59]
[1001]    12  [39, 59]
[1002]    13  [39, 46, 59]
[1003]    9  [39, 46, 59]
[1004]    3  [39, 46, 59]
[1005]    10  [39, 46, 59]
[1006]    9  [39, 59]
[1007]    12  [39, 59]
[1008]    10  [39, 46, 59]
[1009]    18  [39, 46, 59]
[1010]    15  [39, 46, 59]
[1011]    4  [39, 46, 59]
[1012]    11  [39, 59]
[1013]    16  [39, 59]
[41]    3  [59]
[42]    0  [31]
[43]    0  [59]
[44]    3  [31]
[73]    2  [59]
[75]    3  [59]
[76]    2  [59]
[81]    2  [59]
[83]    1  [39, 59]
[87]    3  [59]
[110]    3  [59]
[114]    1  [59]
[116]    0  [59]
[117]    1  [59]
[118]    1  [59]
[119]    0  [59]
[120]    1  [59]
[123]    2  [39]
[126]    0  [59]
[141]    3  [39]
[151]    1  [59]
[152]    4  [59]
[153]    1  [39]
[159]    1  [59]
[168]    1  [31, 59]
[171]    3  [39, 59]
[177]    0  [59]
[183]    1  [39, 59]
[184]    1  [31, 59]
[189]    0  [39]
[190]    3  [59]
[193]    0  [39]
[195]    3  [39]
[196]    0  [59]
[198]    1  [59]
[200]    2  [39]
[202]    3  [59]
[207]    1  [31, 59]
[209]    3  [31, 39, 59]
[210]    3  [39, 59]
[213]    2  [31]
[215]    3  [31, 59]
[220]    4  [59]
[222]    3  [39, 59]
[223]    4  [59]
[226]    3  [31, 39]
[227]    1  [39, 59]
[235]    0  [39]
[241]    2  [59]
[243]    2  [59]
[247]    0  [31, 59]
[251]    1  [39]
[265]    1  [59]
[269]    1  [31]
[277]    3  [31, 59]
[278]    2  [59]
[279]    2  [59]
[282]    0  [31]
[298]    3  [59]
[299]    1  [31]
[301]    3  [31, 59]
[305]    4  [39]
[307]    0  [59]
[317]    2  [39]
[328]    1  [59]
[329]    2  [59]
[334]    4  [59]
[337]    3  [59]
[338]    3  [59]
[341]    3  [59]
[342]    0  [59]
[343]    2  [59]
[344]    1  [59]
[347]    1  [59]
[367]    0  [59]
[372]    0  [59]
[381]    4  [59]
[382]    3  [59]
[383]    2  [59]
[395]    3  [59]
[399]    1  [39]
[400]    2  [31]
[402]    3  [59]
[447]    1  [59]
[459]    2  [31]
[600]    2  [59]
[772]    3  [31]
[796]    1  [39, 59]
[801]    1  [59]
[829]    0  [59]
[872]    3  [31]
[874]    0  [39, 59]
[894]    1  [59]
[904]    1  [59]
[908]    3  [31]
[929]    0  [39, 59]
[936]    0  [31]
[974]    0  [59]
[976]    0  [59]
[993]    15  [31, 39, 59]
[994]    9  [31, 39, 59]
[995]    16  [31, 39, 59]
[996]    10  [31, 39, 59]
[997]    3  [39, 59]
[998]    15  [39, 59]
[999]    5  [39, 59]
[1000]    7  [39, 59]
[1001]    12  [39, 59]
[1002]    12  [31, 39, 59]
[1003]    9  [31, 39, 59]
[1004]    5  [31, 39, 59]
[1005]    10  [39, 59]
[1006]    10  [31, 39, 59]
[1007]    12  [39, 59]
[1008]    10  [31, 39, 59]
[1009]    18  [31, 39, 59]
[1010]    15  [31, 39, 59]
[1011]    2  [31, 39, 59]
[1012]    11  [39, 59]
[1013]    16  [39, 59]

 [50] ******************************************************

 [24 , 39, 59]  84826.251863 vs 84722.015413 >>  104.236451  :  612.500000  (104)
[1]    53  [0, 39]
[2]    20  [0, 39, 59]
[4]    23  [0, 39, 59]
[7]    11  [0, 39, 59]
[43]    2  [59]
[55]    4  [59]
[70]    3  [0, 59]
[75]    3  [59]
[77]    1  [59]
[78]    6  [59]
[80]    0  [0]
[81]    3  [59]
[86]    0  [59]
[87]    4  [59]
[90]    1  [39, 59]
[91]    3  [0, 59]
[92]    2  [0, 59]
[110]    0  [59]
[118]    0  [59]
[119]    1  [59]
[141]    0  [39]
[152]    1  [59]
[154]    0  [39]
[165]    1  [59]
[166]    4  [59]
[168]    3  [59]
[171]    1  [59]
[177]    2  [59]
[179]    2  [0, 59]
[187]    0  [59]
[193]    3  [39]
[196]    4  [59]
[198]    2  [59]
[202]    2  [59]
[207]    3  [59]
[210]    1  [59]
[215]    1  [59]
[221]    0  [59]
[223]    6  [59]
[227]    9  [39]
[230]    2  [39]
[237]    3  [39]
[240]    1  [59]
[241]    5  [59]
[243]    4  [59]
[244]    1  [0, 59]
[245]    6  [59]
[247]    6  [59]
[250]    2  [59]
[251]    1  [39]
[265]    8  [59]
[266]    4  [0, 59]
[272]    3  [39]
[273]    0  [39, 59]
[277]    3  [59]
[279]    3  [59]
[281]    3  [39]
[298]    2  [59]
[307]    1  [59]
[308]    2  [59]
[311]    2  [59]
[321]    2  [59]
[329]    1  [59]
[332]    0  [59]
[337]    2  [59]
[341]    4  [59]
[342]    0  [59]
[344]    4  [59]
[345]    3  [59]
[347]    3  [59]
[348]    4  [59]
[364]    0  [59]
[367]    1  [59]
[369]    0  [59]
[381]    6  [59]
[382]    4  [59]
[394]    2  [0]
[399]    2  [39]
[417]    1  [59]
[418]    3  [0, 59]
[447]    2  [59]
[454]    2  [0]
[703]    0  [59]
[738]    2  [39]
[796]    3  [39, 59]
[859]    1  [0]
[874]    1  [0, 59]
[904]    0  [59]
[936]    4  [0]
[938]    5  [59]
[940]    2  [0]
[971]    3  [0]
[993]    21  [0, 39, 59]
[994]    20  [0, 39, 59]
[995]    29  [0, 39, 59]
[996]    18  [0, 39, 59]
[997]    21  [0, 39, 59]
[998]    21  [0, 39, 59]
[999]    19  [0, 39, 59]
[1000]    14  [0, 39, 59]
[1001]    27  [0, 39, 59]
[1002]    20  [0, 39, 59]
[1003]    25  [0, 39, 59]
[1004]    21  [0, 39, 59]
[1005]    14  [0, 39, 59]
[1006]    12  [0, 39, 59]
[1007]    12  [0, 39, 59]
[1008]    16  [0, 39, 59]
[1009]    23  [0, 39, 59]
[1010]    24  [0, 39, 59]
[1011]    19  [0, 39, 59]
[1012]    24  [0, 39, 59]
[1013]    13  [39, 59]
[43]    2  [59]
[55]    4  [59]
[70]    2  [59]
[75]    3  [59]
[77]    1  [59]
[78]    6  [59]
[80]    0  [24]
[81]    3  [59]
[86]    0  [59]
[87]    4  [59]
[90]    1  [39, 59]
[110]    0  [59]
[118]    0  [59]
[119]    1  [59]
[141]    0  [39]
[152]    1  [59]
[154]    0  [39]
[165]    1  [59]
[166]    4  [59]
[168]    3  [59]
[171]    1  [59]
[177]    2  [59]
[187]    0  [59]
[193]    3  [39]
[196]    4  [59]
[198]    2  [59]
[202]    2  [59]
[207]    3  [59]
[210]    1  [59]
[215]    1  [59]
[221]    0  [59]
[223]    6  [59]
[227]    9  [39]
[230]    2  [39]
[237]    4  [24]
[240]    1  [59]
[241]    5  [59]
[243]    4  [59]
[244]    0  [39, 59]
[245]    6  [59]
[247]    6  [59]
[250]    2  [59]
[251]    1  [39]
[265]    8  [59]
[266]    4  [59]
[271]    1  [24]
[272]    3  [39]
[273]    2  [24, 59]
[277]    3  [59]
[279]    3  [59]
[281]    3  [39]
[292]    0  [24]
[298]    2  [59]
[307]    1  [59]
[308]    2  [59]
[311]    2  [59]
[321]    2  [59]
[329]    1  [59]
[332]    0  [59]
[337]    2  [59]
[341]    4  [59]
[342]    0  [59]
[344]    4  [59]
[345]    3  [59]
[347]    3  [59]
[348]    4  [59]
[364]    0  [59]
[367]    1  [59]
[369]    0  [59]
[381]    6  [59]
[382]    4  [59]
[394]    1  [24]
[399]    2  [39]
[417]    1  [59]
[418]    3  [24, 59]
[447]    2  [59]
[703]    0  [59]
[738]    2  [39]
[772]    1  [24]
[796]    3  [39, 59]
[859]    1  [24]
[874]    1  [39, 59]
[904]    1  [24]
[936]    3  [24]
[938]    5  [59]
[940]    0  [24]
[971]    2  [24]
[993]    21  [24, 39, 59]
[994]    23  [24, 39, 59]
[995]    31  [24, 39, 59]
[996]    14  [24, 39, 59]
[997]    28  [24, 39, 59]
[998]    31  [24, 39, 59]
[999]    22  [24, 39, 59]
[1000]    12  [24, 39, 59]
[1001]    30  [24, 39, 59]
[1002]    20  [24, 39, 59]
[1003]    17  [39, 59]
[1004]    19  [24, 39, 59]
[1005]    15  [24, 39, 59]
[1006]    13  [24, 39, 59]
[1007]    15  [24, 39, 59]
[1008]    16  [24, 39, 59]
[1009]    22  [24, 39, 59]
[1010]    27  [24, 39, 59]
[1011]    12  [24, 39, 59]
[1012]    20  [39, 59]
[1013]    15  [24, 39, 59]
[43]    2  [59]
[54]    0  [31, 39]
[55]    4  [59]
[70]    2  [59]
[75]    3  [59]
[77]    1  [59]
[78]    6  [59]
[81]    3  [59]
[85]    0  [31, 59]
[86]    0  [59]
[87]    4  [59]
[90]    1  [39, 59]
[110]    0  [59]
[115]    1  [31]
[118]    0  [59]
[119]    1  [59]
[136]    0  [31]
[141]    0  [39]
[152]    1  [59]
[154]    0  [39]
[165]    1  [59]
[166]    4  [59]
[168]    6  [31, 59]
[171]    1  [59]
[177]    2  [59]
[180]    3  [31, 39, 59]
[187]    0  [59]
[193]    3  [39]
[196]    4  [59]
[198]    2  [59]
[202]    2  [59]
[204]    2  [31, 59]
[207]    3  [59]
[210]    1  [59]
[215]    1  [59]
[221]    0  [59]
[223]    6  [59]
[226]    0  [31, 39]
[227]    9  [39]
[230]    2  [39]
[237]    3  [39]
[240]    1  [59]
[241]    5  [59]
[243]    4  [59]
[244]    0  [31, 59]
[245]    6  [59]
[247]    6  [59]
[250]    2  [59]
[251]    1  [39]
[263]    2  [31, 39]
[265]    8  [59]
[266]    4  [59]
[272]    3  [39]
[273]    0  [39, 59]
[277]    3  [59]
[279]    3  [59]
[281]    3  [39]
[298]    2  [59]
[299]    1  [31]
[301]    1  [31, 59]
[307]    1  [59]
[308]    2  [59]
[311]    2  [59]
[321]    2  [59]
[329]    1  [59]
[332]    1  [31, 59]
[337]    2  [59]
[341]    4  [59]
[342]    0  [59]
[344]    4  [59]
[345]    3  [59]
[347]    3  [59]
[348]    4  [59]
[364]    0  [59]
[367]    1  [59]
[369]    1  [31, 59]
[381]    6  [59]
[382]    4  [59]
[394]    3  [31]
[399]    2  [39]
[417]    1  [59]
[418]    3  [39]
[447]    2  [59]
[454]    0  [31]
[703]    0  [59]
[738]    2  [31]
[772]    6  [31]
[796]    3  [39, 59]
[859]    1  [39]
[874]    1  [39, 59]
[904]    0  [59]
[936]    5  [31]
[938]    5  [59]
[940]    0  [39]
[971]    3  [31]
[993]    17  [31, 39, 59]
[994]    15  [31, 39, 59]
[995]    23  [31, 39, 59]
[996]    14  [31, 39, 59]
[997]    15  [39, 59]
[998]    20  [39, 59]
[999]    14  [39, 59]
[1000]    8  [39, 59]
[1001]    22  [39, 59]
[1002]    20  [31, 39, 59]
[1003]    19  [31, 39, 59]
[1004]    19  [31, 39, 59]
[1005]    11  [39, 59]
[1006]    10  [31, 39, 59]
[1007]    10  [39, 59]
[1008]    11  [31, 39, 59]
[1009]    20  [31, 39, 59]
[1010]    19  [31, 39, 59]
[1011]    10  [31, 39, 59]
[1012]    20  [39, 59]
[1013]    13  [39, 59]
[43]    2  [59]
[55]    4  [59]
[70]    2  [59]
[75]    3  [59]
[77]    1  [59]
[78]    6  [59]
[81]    3  [59]
[86]    0  [59]
[87]    4  [59]
[90]    1  [39, 59]
[110]    0  [59]
[118]    0  [59]
[119]    1  [59]
[141]    0  [39]
[152]    1  [59]
[154]    0  [39]
[165]    1  [59]
[166]    4  [59]
[168]    3  [59]
[171]    1  [59]
[177]    2  [59]
[187]    0  [59]
[193]    3  [39]
[196]    4  [59]
[198]    2  [59]
[202]    2  [59]
[207]    3  [59]
[210]    1  [59]
[215]    1  [59]
[221]    0  [59]
[223]    6  [59]
[227]    9  [39]
[230]    2  [39, 52]
[237]    3  [39]
[240]    1  [59]
[241]    5  [59]
[243]    4  [59]
[244]    2  [52, 59]
[245]    6  [59]
[247]    6  [59]
[250]    2  [59]
[251]    2  [52]
[265]    8  [59]
[266]    4  [59]
[272]    3  [39]
[273]    0  [39, 59]
[277]    3  [59]
[279]    3  [59]
[281]    3  [39]
[298]    2  [59]
[307]    1  [59]
[308]    2  [59]
[311]    2  [59]
[321]    2  [59]
[329]    1  [59]
[332]    0  [59]
[337]    2  [59]
[341]    4  [59]
[342]    0  [59]
[344]    4  [59]
[345]    3  [59]
[347]    3  [59]
[348]    4  [59]
[364]    0  [59]
[367]    1  [59]
[369]    1  [52, 59]
[381]    6  [59]
[382]    4  [59]
[394]    1  [59]
[399]    2  [39]
[417]    1  [59]
[418]    3  [52, 59]
[447]    2  [59]
[702]    0  [52]
[703]    0  [59]
[738]    2  [39]
[796]    3  [39, 59]
[859]    1  [52]
[874]    1  [52, 59]
[904]    2  [52]
[936]    3  [52]
[938]    5  [59]
[940]    1  [52]
[971]    2  [52]
[993]    17  [39, 52, 59]
[994]    15  [39, 52, 59]
[995]    22  [39, 59]
[996]    12  [39, 52, 59]
[997]    15  [39, 59]
[998]    23  [39, 52, 59]
[999]    14  [39, 52, 59]
[1000]    10  [39, 52, 59]
[1001]    24  [39, 52, 59]
[1002]    20  [39, 52, 59]
[1003]    18  [39, 52, 59]
[1004]    18  [39, 52, 59]
[1005]    12  [39, 52, 59]
[1006]    10  [39, 52, 59]
[1007]    11  [39, 52, 59]
[1008]    11  [39, 52, 59]
[1009]    20  [39, 52, 59]
[1010]    20  [39, 52, 59]
[1011]    9  [39, 52, 59]
[1012]    21  [39, 52, 59]
[1013]    13  [39, 59]
[43]    2  [59]
[55]    4  [59]
[63]    1  [42]
[70]    10  [42, 59]
[75]    3  [59]
[77]    1  [59]
[78]    6  [59]
[81]    3  [59]
[86]    0  [59]
[87]    4  [59]
[90]    1  [39, 59]
[110]    0  [59]
[118]    0  [59]
[119]    1  [59]
[141]    0  [39]
[152]    1  [59]
[154]    0  [39]
[165]    1  [59]
[166]    4  [59]
[168]    4  [42, 59]
[171]    1  [59]
[177]    2  [59]
[187]    0  [59]
[193]    3  [39]
[196]    4  [59]
[198]    2  [59]
[202]    2  [59]
[207]    3  [59]
[210]    1  [59]
[215]    1  [59]
[221]    0  [59]
[223]    6  [59]
[227]    9  [39]
[230]    4  [39, 42]
[237]    3  [39]
[240]    1  [59]
[241]    5  [59]
[243]    4  [59]
[244]    2  [42, 59]
[245]    6  [59]
[247]    6  [59]
[250]    2  [59]
[251]    2  [42]
[261]    1  [39, 42]
[265]    8  [59]
[266]    4  [59]
[272]    3  [39]
[273]    0  [39, 59]
[277]    3  [59]
[279]    3  [59]
[281]    3  [39]
[294]    6  [39, 42]
[298]    2  [59]
[307]    1  [59]
[308]    2  [59]
[311]    2  [59]
[321]    2  [59]
[329]    1  [59]
[332]    0  [42, 59]
[337]    2  [59]
[341]    4  [59]
[342]    0  [59]
[344]    4  [59]
[345]    3  [59]
[347]    3  [59]
[348]    4  [59]
[364]    0  [59]
[367]    1  [59]
[369]    0  [59]
[381]    6  [59]
[382]    4  [59]
[394]    1  [59]
[399]    2  [39]
[417]    1  [42]
[418]    3  [42, 59]
[447]    2  [59]
[703]    0  [59]
[738]    2  [39]
[772]    0  [42]
[796]    4  [42, 59]
[859]    1  [39]
[874]    1  [42, 59]
[904]    1  [42]
[936]    3  [42]
[938]    5  [59]
[940]    2  [42]
[971]    1  [42]
[993]    16  [39, 42, 59]
[994]    14  [39, 59]
[995]    23  [39, 42, 59]
[996]    9  [39, 59]
[997]    15  [39, 59]
[998]    20  [39, 42, 59]
[999]    15  [39, 42, 59]
[1000]    8  [39, 59]
[1001]    23  [39, 42, 59]
[1002]    20  [39, 42, 59]
[1003]    18  [39, 42, 59]
[1004]    16  [39, 59]
[1005]    11  [39, 42, 59]
[1006]    10  [39, 59]
[1007]    10  [39, 59]
[1008]    11  [39, 42, 59]
[1009]    20  [39, 42, 59]
[1010]    20  [39, 42, 59]
[1011]    8  [39, 59]
[1012]    20  [39, 59]
[1013]    13  [39, 59]

 [40] ******************************************************

 [39 , 42, 59]  73554.422273 vs 73462.137654 >>  92.284620  :  719.531250  (101)
[1]    67  [0, 39]
[2]    23  [0, 39, 59]
[3]    10  [0, 39, 59]
[4]    42  [0, 39, 59]
[7]    24  [0, 39, 59]
[51]    2  [59]
[54]    3  [39]
[55]    7  [59]
[70]    3  [0, 59]
[75]    1  [59]
[76]    1  [59]
[78]    3  [59]
[79]    1  [0]
[86]    1  [59]
[87]    11  [59]
[90]    2  [59]
[92]    3  [0, 59]
[102]    6  [59]
[110]    6  [59]
[117]    4  [59]
[118]    0  [59]
[119]    3  [59]
[126]    4  [59]
[152]    3  [59]
[166]    2  [59]
[167]    2  [59]
[168]    11  [59]
[170]    1  [39]
[171]    7  [59]
[173]    2  [59]
[176]    3  [59]
[183]    2  [59]
[187]    3  [59]
[202]    3  [59]
[206]    2  [0, 59]
[207]    5  [59]
[209]    0  [39, 59]
[210]    0  [59]
[215]    3  [59]
[221]    7  [59]
[225]    7  [59]
[235]    4  [0]
[240]    0  [59]
[241]    8  [59]
[242]    1  [59]
[243]    6  [59]
[244]    10  [59]
[245]    2  [59]
[247]    2  [59]
[250]    2  [59]
[252]    0  [0]
[264]    3  [59]
[265]    6  [59]
[266]    3  [59]
[272]    1  [39]
[276]    6  [0]
[278]    9  [59]
[279]    0  [59]
[281]    5  [39]
[295]    6  [59]
[302]    5  [59]
[309]    0  [0]
[311]    2  [59]
[328]    9  [59]
[329]    0  [59]
[335]    1  [0, 59]
[337]    1  [59]
[338]    5  [59]
[344]    1  [59]
[345]    1  [59]
[346]    3  [59]
[347]    3  [59]
[363]    6  [59]
[381]    1  [59]
[386]    4  [0]
[394]    4  [0]
[401]    1  [0]
[447]    12  [59]
[703]    3  [59]
[746]    3  [59]
[807]    1  [39]
[874]    8  [59]
[875]    3  [59]
[876]    3  [59]
[938]    3  [59]
[951]    3  [39, 59]
[993]    33  [0, 39, 59]
[994]    29  [0, 39, 59]
[995]    38  [0, 39, 59]
[996]    23  [0, 39, 59]
[997]    30  [0, 39, 59]
[998]    22  [0, 39, 59]
[999]    20  [0, 39, 59]
[1000]    16  [0, 39, 59]
[1001]    25  [0, 39, 59]
[1002]    20  [0, 39, 59]
[1003]    22  [0, 39, 59]
[1004]    22  [0, 39, 59]
[1005]    21  [0, 39, 59]
[1006]    13  [0, 39, 59]
[1007]    17  [0, 39, 59]
[1008]    15  [0, 39, 59]
[1009]    23  [0, 39, 59]
[1010]    25  [0, 39, 59]
[1011]    16  [0, 39, 59]
[1012]    22  [0, 39, 59]
[1013]    25  [39, 59]
[1014]    0  [0, 39, 59]
[1]    71  [0, 48]
[2]    41  [0, 48, 59]
[3]    25  [0, 48, 59]
[4]    53  [0, 48, 59]
[5]    43  [0, 48, 59]
[6]    32  [0, 48, 59]
[7]    34  [0, 48, 59]
[8]    6  [0, 48, 59]
[9]    35  [0, 48, 59]
[10]    28  [0, 48, 59]
[11]    7  [0, 48, 59]
[12]    11  [0, 48, 59]
[13]    28  [0, 48, 59]
[14]    8  [0, 48, 59]
[15]    14  [0, 48, 59]
[33]    2  [0, 48]
[51]    2  [59]
[54]    3  [48]
[55]    7  [59]
[70]    4  [48, 59]
[75]    1  [59]
[76]    1  [59]
[78]    3  [59]
[79]    1  [0]
[86]    1  [59]
[87]    11  [59]
[90]    2  [59]
[92]    3  [0, 59]
[102]    6  [59]
[110]    6  [59]
[117]    4  [59]
[118]    0  [59]
[119]    3  [59]
[126]    4  [59]
[152]    3  [59]
[166]    2  [59]
[167]    2  [48]
[168]    11  [59]
[170]    2  [48]
[171]    7  [59]
[173]    2  [59]
[176]    3  [59]
[183]    2  [59]
[187]    3  [59]
[202]    3  [59]
[206]    5  [48, 59]
[207]    5  [59]
[210]    0  [59]
[211]    3  [48]
[215]    3  [59]
[221]    7  [59]
[225]    7  [59]
[235]    4  [0]
[240]    0  [59]
[241]    8  [59]
[242]    1  [59]
[243]    6  [59]
[244]    10  [59]
[245]    2  [59]
[247]    2  [59]
[248]    5  [48, 59]
[250]    2  [59]
[252]    0  [0]
[264]    3  [59]
[265]    6  [59]
[266]    3  [59]
[276]    9  [48]
[278]    9  [59]
[279]    0  [59]
[281]    4  [48]
[295]    6  [48]
[302]    5  [59]
[309]    1  [48]
[311]    2  [59]
[328]    9  [59]
[329]    0  [59]
[335]    1  [48, 59]
[336]    4  [0, 48]
[337]    1  [59]
[338]    5  [59]
[344]    1  [59]
[345]    1  [59]
[346]    3  [59]
[347]    3  [59]
[363]    6  [59]
[381]    1  [59]
[386]    4  [0]
[394]    5  [48]
[401]    1  [0]
[403]    6  [0, 48]
[447]    12  [59]
[632]    1  [48]
[703]    3  [59]
[746]    3  [59]
[808]    2  [48]
[861]    8  [48]
[874]    8  [59]
[875]    3  [59]
[876]    3  [59]
[877]    0  [48]
[938]    3  [59]
[940]    6  [48]
[945]    5  [0, 48, 59]
[951]    3  [48, 59]
[969]    11  [0, 48]
[971]    1  [48]
[51]    2  [59]
[54]    3  [39]
[55]    7  [59]
[70]    2  [59]
[75]    1  [59]
[76]    1  [59]
[78]    3  [59]
[86]    1  [59]
[87]    11  [59]
[90]    2  [59]
[102]    6  [59]
[110]    6  [59]
[117]    4  [59]
[118]    0  [59]
[119]    3  [59]
[126]    4  [59]
[152]    3  [59]
[166]    2  [59]
[167]    2  [59]
[168]    11  [59]
[170]    1  [39]
[171]    7  [59]
[173]    2  [59]
[176]    3  [59]
[183]    2  [59]
[187]    3  [59]
[202]    3  [59]
[206]    1  [24, 59]
[207]    5  [59]
[209]    0  [39, 59]
[210]    0  [59]
[215]    3  [59]
[221]    7  [59]
[225]    7  [59]
[235]    5  [24]
[240]    0  [59]
[241]    8  [59]
[242]    1  [59]
[243]    6  [59]
[244]    10  [59]
[245]    2  [59]
[247]    2  [59]
[250]    2  [59]
[264]    3  [59]
[265]    6  [59]
[266]    3  [59]
[272]    1  [39]
[276]    4  [24]
[278]    9  [59]
[279]    0  [59]
[281]    5  [39]
[295]    6  [59]
[302]    5  [59]
[309]    1  [24]
[311]    2  [59]
[328]    9  [59]
[329]    0  [59]
[337]    1  [59]
[338]    5  [59]
[344]    1  [59]
[345]    1  [59]
[346]    3  [59]
[347]    3  [59]
[363]    6  [59]
[381]    1  [59]
[386]    4  [39]
[394]    3  [24]
[447]    12  [59]
[703]    3  [59]
[746]    3  [59]
[807]    1  [39]
[861]    0  [24]
[874]    8  [59]
[875]    3  [59]
[876]    3  [59]
[938]    3  [59]
[951]    3  [39, 59]
[993]    33  [24, 39, 59]
[994]    32  [24, 39, 59]
[995]    40  [24, 39, 59]
[996]    19  [24, 39, 59]
[997]    38  [24, 39, 59]
[998]    32  [24, 39, 59]
[999]    22  [24, 39, 59]
[1000]    13  [24, 39, 59]
[1001]    28  [24, 39, 59]
[1002]    20  [24, 39, 59]
[1003]    14  [39, 59]
[1004]    20  [24, 39, 59]
[1005]    23  [24, 39, 59]
[1006]    14  [24, 39, 59]
[1007]    20  [24, 39, 59]
[1008]    15  [24, 39, 59]
[1009]    22  [24, 39, 59]
[1010]    28  [24, 39, 59]
[1011]    9  [24, 39, 59]
[1012]    19  [39, 59]
[1013]    27  [24, 39, 59]
[51]    2  [59]
[54]    3  [39]
[55]    7  [59]
[70]    10  [42, 59]
[75]    1  [59]
[76]    1  [59]
[78]    3  [59]
[86]    1  [59]
[87]    11  [59]
[90]    2  [59]
[102]    6  [59]
[110]    6  [59]
[117]    4  [59]
[118]    0  [59]
[119]    3  [59]
[126]    4  [59]
[152]    3  [59]
[166]    2  [59]
[167]    2  [59]
[168]    11  [59]
[170]    1  [39]
[171]    7  [59]
[173]    2  [59]
[176]    3  [59]
[183]    2  [59]
[187]    3  [59]
[202]    3  [59]
[206]    0  [59]
[207]    5  [59]
[209]    0  [39, 59]
[210]    0  [59]
[215]    3  [59]
[221]    7  [59]
[225]    7  [59]
[235]    4  [39]
[240]    0  [59]
[241]    8  [59]
[242]    1  [59]
[243]    6  [59]
[244]    10  [59]
[245]    2  [59]
[247]    2  [59]
[250]    2  [59]
[252]    1  [42]
[261]    23  [39, 42]
[264]    3  [59]
[265]    6  [59]
[266]    3  [59]
[272]    1  [39]
[276]    4  [39]
[278]    9  [59]
[279]    0  [59]
[281]    5  [39]
[294]    15  [39, 42]
[295]    6  [59]
[302]    5  [59]
[311]    2  [59]
[327]    22  [39, 42]
[328]    9  [59]
[329]    0  [59]
[337]    1  [59]
[338]    5  [59]
[344]    1  [59]
[345]    1  [59]
[346]    3  [59]
[347]    3  [59]
[363]    6  [59]
[381]    1  [59]
[386]    4  [39]
[394]    3  [59]
[403]    0  [39, 42]
[447]    12  [59]
[703]    3  [59]
[746]    3  [59]
[807]    1  [39]
[874]    8  [59]
[875]    3  [59]
[876]    3  [59]
[938]    3  [59]
[951]    3  [39, 59]
[993]    28  [39, 42, 59]
[994]    23  [39, 59]
[995]    32  [39, 42, 59]
[996]    13  [39, 59]
[997]    24  [39, 59]
[998]    21  [39, 42, 59]
[999]    15  [39, 42, 59]
[1000]    10  [39, 59]
[1001]    21  [39, 42, 59]
[1002]    20  [39, 42, 59]
[1003]    15  [39, 42, 59]
[1004]    17  [39, 59]
[1005]    19  [39, 42, 59]
[1006]    11  [39, 59]
[1007]    15  [39, 59]
[1008]    11  [39, 42, 59]
[1009]    19  [39, 42, 59]
[1010]    21  [39, 42, 59]
[1011]    5  [39, 59]
[1012]    19  [39, 59]
[1013]    25  [39, 59]
[33]    1  [48]
[51]    2  [59]
[54]    3  [48]
[55]    7  [59]
[70]    4  [48, 59]
[75]    1  [59]
[76]    1  [59]
[78]    3  [59]
[79]    0  [48]
[86]    1  [59]
[87]    11  [59]
[90]    2  [59]
[102]    6  [59]
[110]    6  [59]
[117]    4  [59]
[118]    0  [59]
[119]    3  [59]
[126]    4  [59]
[152]    3  [59]
[166]    2  [59]
[167]    2  [48]
[168]    11  [59]
[170]    2  [48]
[171]    7  [59]
[173]    2  [59]
[176]    3  [59]
[183]    2  [59]
[187]    3  [59]
[202]    3  [59]
[206]    5  [48, 59]
[207]    5  [59]
[209]    0  [39, 59]
[210]    0  [59]
[211]    3  [48]
[215]    3  [59]
[221]    7  [59]
[225]    7  [59]
[235]    4  [39]
[240]    0  [59]
[241]    8  [59]
[242]    1  [59]
[243]    6  [59]
[244]    10  [59]
[245]    2  [59]
[247]    2  [59]
[248]    5  [48, 59]
[250]    2  [59]
[264]    3  [59]
[265]    6  [59]
[266]    3  [59]
[272]    1  [39]
[276]    9  [48]
[278]    9  [59]
[279]    0  [59]
[281]    5  [39]
[295]    6  [48]
[302]    5  [59]
[309]    1  [48]
[311]    2  [59]
[323]    0  [39, 48]
[328]    9  [59]
[329]    0  [59]
[335]    1  [48, 59]
[336]    4  [48, 59]
[337]    1  [59]
[338]    5  [59]
[344]    1  [59]
[345]    1  [59]
[346]    3  [59]
[347]    3  [59]
[363]    6  [59]
[381]    1  [59]
[386]    4  [39]
[394]    5  [48]
[403]    7  [39, 48]
[447]    12  [59]
[632]    1  [48]
[703]    3  [59]
[746]    3  [59]
[807]    1  [39]
[808]    2  [48]
[861]    8  [48]
[874]    8  [59]
[875]    3  [59]
[876]    3  [59]
[877]    0  [48]
[938]    3  [59]
[940]    6  [48]
[945]    2  [39, 48, 59]
[951]    3  [39, 59]
[969]    9  [48]
[971]    1  [48]
[985]    3  [39, 48]
[993]    27  [39, 48, 59]
[994]    23  [39, 59]
[995]    31  [39, 59]
[996]    13  [39, 59]
[997]    24  [39, 59]
[998]    21  [39, 59]
[999]    14  [39, 59]
[1000]    10  [39, 59]
[1001]    20  [39, 59]
[1002]    19  [39, 59]
[1003]    14  [39, 59]
[1004]    18  [39, 48, 59]
[1005]    19  [39, 59]
[1006]    11  [39, 59]
[1007]    15  [39, 59]
[1008]    10  [39, 59]
[1009]    19  [39, 59]
[1010]    19  [39, 59]
[1011]    6  [39, 48, 59]
[1012]    19  [39, 59]
[1013]    25  [39, 59]

 [30] ******************************************************

 [31 , 39, 99]  62483.579989 vs 62201.013630 >>  282.566359  :  490.578125  (46)
[1]    56  [0, 39]
[2]    32  [0, 39, 59]
[3]    22  [0, 39, 59]
[4]    32  [0, 39, 59]
[6]    10  [0, 59]
[7]    30  [0, 39, 59]
[18]    7  [0, 59]
[19]    16  [0, 59]
[51]    2  [59]
[53]    6  [59]
[54]    8  [39]
[55]    11  [59]
[70]    6  [59]
[78]    2  [59]
[84]    8  [0]
[85]    3  [59]
[86]    11  [59]
[87]    6  [59]
[90]    8  [59]
[92]    6  [0, 59]
[103]    3  [59]
[117]    4  [59]
[119]    12  [59]
[126]    4  [59]
[132]    2  [0, 59]
[142]    1  [0]
[166]    3  [59]
[168]    2  [59]
[173]    6  [59]
[175]    10  [59]
[176]    13  [59]
[179]    1  [0]
[186]    1  [59]
[187]    2  [59]
[188]    0  [59]
[202]    0  [59]
[203]    1  [0, 59]
[209]    7  [59]
[210]    3  [59]
[211]    7  [39]
[225]    11  [59]
[240]    3  [59]
[241]    9  [59]
[242]    9  [59]
[244]    4  [59]
[245]    1  [59]
[247]    2  [59]
[264]    1  [59]
[265]    16  [59]
[266]    5  [59]
[267]    1  [39]
[278]    12  [59]
[280]    8  [59]
[291]    2  [59]
[301]    0  [59]
[308]    8  [59]
[321]    13  [59]
[323]    0  [39]
[328]    12  [59]
[345]    0  [59]
[346]    1  [59]
[363]    5  [59]
[364]    6  [59]
[369]    11  [59]
[376]    25  [39]
[443]    2  [0, 59]
[447]    14  [59]
[566]    1  [59]
[602]    3  [0]
[697]    8  [59]
[703]    2  [59]
[705]    1  [59]
[746]    9  [59]
[773]    2  [39, 59]
[775]    5  [39]
[782]    20  [59]
[806]    9  [0, 59]
[855]    3  [0]
[874]    10  [59]
[876]    10  [59]
[940]    5  [0]
[945]    1  [0, 59]
[993]    33  [0, 39, 59]
[994]    26  [0, 39, 59]
[995]    26  [0, 39, 59]
[996]    26  [0, 39, 59]
[997]    32  [0, 39, 59]
[998]    25  [0, 39, 59]
[999]    22  [0, 39, 59]
[1000]    57  [0, 39, 59]
[1001]    31  [0, 39, 59]
[1002]    30  [0, 39, 59]
[1003]    63  [0, 39, 59]
[1004]    36  [0, 39, 59]
[1005]    42  [0, 39, 59]
[1006]    40  [0, 39, 59]
[1007]    45  [0, 39, 59]
[1008]    41  [0, 39, 59]
[1009]    50  [0, 39, 59]
[1010]    22  [0, 39, 59]
[1011]    35  [0, 39, 59]
[1012]    57  [0, 39, 59]
[1013]    48  [39, 59]
[1014]    36  [0, 39, 59]
[38]    0  [24]
[51]    2  [59]
[53]    6  [59]
[54]    8  [39]
[55]    11  [59]
[62]    1  [24]
[70]    6  [59]
[78]    2  [59]
[84]    8  [39]
[85]    3  [59]
[86]    11  [59]
[87]    6  [59]
[90]    8  [59]
[103]    3  [59]
[117]    4  [59]
[119]    12  [59]
[126]    4  [59]
[166]    3  [59]
[168]    2  [59]
[173]    6  [59]
[175]    10  [59]
[176]    13  [59]
[186]    1  [59]
[187]    2  [59]
[188]    0  [59]
[202]    0  [59]
[203]    1  [59]
[209]    7  [59]
[210]    3  [59]
[211]    7  [39]
[225]    11  [59]
[240]    3  [59]
[241]    9  [59]
[242]    9  [59]
[244]    4  [59]
[245]    1  [59]
[247]    2  [59]
[264]    1  [59]
[265]    16  [59]
[266]    5  [59]
[267]    1  [39]
[278]    12  [59]
[280]    8  [59]
[291]    2  [59]
[301]    0  [59]
[308]    8  [59]
[321]    13  [59]
[323]    1  [24]
[328]    12  [59]
[336]    0  [24]
[345]    0  [59]
[346]    1  [59]
[363]    5  [59]
[364]    6  [59]
[369]    11  [59]
[376]    25  [39]
[443]    2  [24, 59]
[447]    14  [59]
[566]    1  [59]
[602]    3  [24]
[697]    8  [59]
[703]    2  [59]
[705]    1  [59]
[746]    9  [59]
[773]    3  [24, 59]
[775]    5  [39]
[782]    20  [59]
[806]    8  [39, 59]
[874]    10  [59]
[876]    10  [59]
[940]    3  [24]
[993]    32  [24, 39, 59]
[994]    29  [24, 39, 59]
[995]    28  [24, 39, 59]
[996]    22  [24, 39, 59]
[997]    40  [24, 39, 59]
[998]    34  [24, 39, 59]
[999]    24  [24, 39, 59]
[1000]    55  [24, 39, 59]
[1001]    34  [24, 39, 59]
[1002]    30  [24, 39, 59]
[1003]    55  [39, 59]
[1004]    34  [24, 39, 59]
[1005]    43  [24, 39, 59]
[1006]    40  [24, 39, 59]
[1007]    48  [24, 39, 59]
[1008]    41  [24, 39, 59]
[1009]    50  [24, 39, 59]
[1010]    26  [24, 39, 59]
[1011]    29  [24, 39, 59]
[1012]    54  [39, 59]
[1013]    50  [24, 39, 59]
[1014]    35  [39, 59]
[51]    2  [59]
[53]    6  [59]
[54]    8  [39]
[55]    11  [59]
[70]    6  [59]
[71]    2  [42]
[78]    2  [59]
[84]    9  [42]
[85]    3  [59]
[86]    11  [59]
[87]    6  [59]
[90]    8  [59]
[103]    3  [59]
[117]    4  [59]
[119]    12  [59]
[126]    4  [59]
[166]    3  [59]
[168]    2  [59]
[173]    6  [59]
[175]    10  [59]
[176]    13  [59]
[186]    1  [59]
[187]    2  [59]
[188]    0  [59]
[202]    0  [59]
[203]    1  [59]
[209]    7  [59]
[210]    3  [59]
[211]    7  [39]
[225]    11  [59]
[240]    3  [59]
[241]    9  [59]
[242]    9  [59]
[244]    4  [59]
[245]    1  [59]
[247]    2  [59]
[261]    39  [39, 42]
[264]    1  [59]
[265]    16  [59]
[266]    5  [59]
[267]    1  [39]
[278]    12  [59]
[280]    8  [59]
[291]    2  [59]
[294]    29  [42]
[301]    0  [59]
[308]    8  [59]
[321]    13  [59]
[323]    0  [39]
[327]    19  [39, 42]
[328]    12  [59]
[345]    0  [59]
[346]    1  [59]
[363]    5  [59]
[364]    6  [59]
[369]    11  [59]
[376]    25  [39]
[443]    0  [42, 59]
[447]    14  [59]
[566]    1  [59]
[602]    3  [42]
[697]    8  [59]
[703]    2  [59]
[705]    1  [59]
[729]    10  [39, 42, 59]
[746]    9  [59]
[773]    2  [39, 59]
[775]    5  [39]
[778]    1  [42, 59]
[782]    20  [59]
[806]    8  [39, 59]
[874]    10  [59]
[876]    10  [59]
[940]    5  [42]
[993]    28  [39, 42, 59]
[994]    20  [39, 59]
[995]    20  [39, 42, 59]
[996]    16  [39, 59]
[997]    27  [39, 59]
[998]    24  [39, 42, 59]
[999]    17  [39, 42, 59]
[1000]    51  [39, 59]
[1001]    27  [39, 42, 59]
[1002]    29  [39, 42, 59]
[1003]    56  [39, 42, 59]
[1004]    32  [39, 59]
[1005]    40  [39, 42, 59]
[1006]    37  [39, 59]
[1007]    43  [39, 59]
[1008]    37  [39, 42, 59]
[1009]    47  [39, 42, 59]
[1010]    18  [39, 42, 59]
[1011]    25  [39, 59]
[1012]    54  [39, 59]
[1013]    48  [39, 59]
[1014]    35  [39, 59]
[38]    1  [2]
[51]    2  [59]
[53]    6  [59]
[54]    8  [39]
[55]    11  [59]
[62]    0  [2]
[70]    6  [59]
[78]    2  [59]
[84]    9  [2]
[85]    3  [59]
[86]    11  [59]
[87]    6  [59]
[90]    8  [59]
[103]    3  [59]
[117]    4  [59]
[119]    12  [59]
[126]    4  [59]
[166]    3  [59]
[168]    2  [59]
[173]    6  [59]
[175]    10  [59]
[176]    13  [59]
[179]    2  [2]
[180]    0  [2]
[186]    1  [59]
[187]    2  [59]
[188]    0  [59]
[202]    0  [59]
[203]    6  [2, 59]
[209]    7  [59]
[210]    3  [59]
[211]    7  [39]
[225]    11  [59]
[240]    3  [59]
[241]    9  [59]
[242]    9  [59]
[244]    4  [59]
[245]    1  [59]
[246]    1  [2]
[247]    2  [59]
[264]    1  [59]
[265]    16  [59]
[266]    5  [59]
[267]    1  [39]
[278]    12  [59]
[280]    8  [59]
[291]    2  [59]
[301]    0  [59]
[308]    8  [59]
[321]    13  [59]
[323]    0  [39]
[328]    12  [59]
[345]    0  [59]
[346]    1  [59]
[363]    5  [59]
[364]    6  [59]
[369]    11  [59]
[376]    25  [39]
[443]    1  [2, 59]
[447]    14  [59]
[529]    51  [2, 39, 59]
[566]    1  [59]
[602]    3  [2]
[697]    8  [59]
[703]    2  [59]
[705]    1  [59]
[746]    9  [59]
[773]    7  [2, 59]
[775]    6  [2]
[782]    20  [59]
[806]    8  [39, 59]
[860]    15  [2, 39]
[874]    10  [59]
[876]    10  [59]
[940]    5  [2]
[993]    28  [2, 39, 59]
[994]    22  [2, 39, 59]
[995]    19  [39, 59]
[996]    18  [2, 39, 59]
[997]    27  [39, 59]
[998]    25  [2, 39, 59]
[999]    17  [2, 39, 59]
[1000]    52  [2, 39, 59]
[1001]    26  [39, 59]
[1002]    30  [2, 39, 59]
[1003]    57  [2, 39, 59]
[1004]    34  [2, 39, 59]
[1005]    40  [2, 39, 59]
[1006]    37  [39, 59]
[1007]    44  [2, 39, 59]
[1008]    36  [2, 39, 59]
[1009]    46  [39, 59]
[1010]    17  [2, 39, 59]
[1011]    25  [2, 39, 59]
[1012]    54  [39, 59]
[1013]    48  [39, 59]
[1014]    35  [39, 59]
[33]    7  [48]
[51]    2  [59]
[53]    7  [48]
[54]    8  [48]
[55]    11  [59]
[70]    6  [59]
[71]    1  [48]
[72]    2  [48]
[78]    2  [59]
[84]    8  [39]
[85]    3  [59]
[86]    11  [59]
[87]    6  [59]
[90]    8  [59]
[103]    3  [59]
[117]    4  [59]
[119]    12  [59]
[126]    4  [59]
[166]    3  [59]
[168]    2  [59]
[173]    6  [59]
[175]    10  [59]
[176]    13  [59]
[186]    1  [59]
[187]    2  [59]
[188]    0  [59]
[202]    0  [59]
[203]    1  [59]
[209]    7  [59]
[210]    3  [59]
[211]    11  [48]
[212]    6  [48]
[225]    11  [59]
[240]    3  [59]
[241]    9  [59]
[242]    9  [59]
[244]    4  [59]
[245]    1  [59]
[247]    2  [59]
[248]    3  [48, 59]
[261]    1  [39, 48]
[264]    1  [59]
[265]    16  [59]
[266]    5  [59]
[267]    1  [39]
[278]    12  [59]
[280]    8  [59]
[291]    4  [48]
[301]    0  [59]
[308]    8  [59]
[310]    4  [48, 59]
[312]    2  [48]
[321]    13  [59]
[323]    6  [48]
[328]    12  [59]
[336]    5  [48]
[345]    0  [59]
[346]    1  [59]
[363]    5  [59]
[364]    6  [59]
[365]    8  [48]
[366]    0  [48]
[369]    11  [59]
[376]    25  [39]
[443]    3  [48, 59]
[447]    14  [59]
[460]    5  [48]
[566]    1  [59]
[602]    6  [48]
[697]    8  [59]
[703]    2  [59]
[705]    1  [59]
[746]    9  [59]
[773]    2  [39, 59]
[775]    6  [48]
[782]    20  [59]
[806]    8  [39, 59]
[861]    6  [48]
[874]    10  [59]
[876]    10  [59]
[940]    11  [48]
[945]    6  [48, 59]
[969]    10  [48]
[993]    27  [39, 48, 59]
[994]    20  [39, 59]
[995]    19  [39, 59]
[996]    16  [39, 59]
[997]    27  [39, 59]
[998]    24  [39, 59]
[999]    16  [39, 59]
[1000]    51  [39, 59]
[1001]    26  [39, 59]
[1002]    28  [39, 59]
[1003]    55  [39, 59]
[1004]    32  [39, 48, 59]
[1005]    40  [39, 59]
[1006]    37  [39, 59]
[1007]    43  [39, 59]
[1008]    36  [39, 59]
[1009]    46  [39, 59]
[1010]    16  [39, 59]
[1011]    25  [39, 48, 59]
[1012]    54  [39, 59]
[1013]    48  [39, 59]
[1014]    35  [39, 59]