[0] : 294.015625,  282.546875  (-11.468750)
[1] : 193.078125,  188.875000  (-4.203125)
[2] : 166.875000,  168.984375  (2.109375)
[3] : 130.625000,  130.625000  (0.000000)
[4] : 158.390625,  159.250000  (0.859375)
[5] : 149.343750,  150.109375  (0.765625)
[6] : 156.046875,  149.750000  (-6.296875)
[7] : 126.937500,  126.937500  (0.000000)
[8] : 115.906250,  115.906250  (0.000000)
[9] : 169.000000,  154.687500  (-14.312500)
[10] : 157.171875,  152.375000  (-4.796875)
[11] : 135.453125,  136.156250  (0.703125)
[12] : 117.437500,  114.421875  (-3.015625)
[13] : 145.593750,  145.593750  (0.000000)
[14] : 106.156250,  106.156250  (0.000000)
[15] : 102.031250,  102.812500  (0.781250)
[16] : 87.656250,  87.656250  (0.000000)
[17] : 59.218750,  52.437500  (-6.781250)
[18] : 116.109375,  113.859375  (-2.250000)
[19] : 100.890625,  101.062500  (0.171875)
[20] : 93.796875,  86.125000  (-7.671875)
[21] : 111.468750,  96.109375  (-15.359375)
[22] : 73.093750,  81.484375  (8.390625)
[23] : 85.656250,  78.171875  (-7.484375)
[24] : 73.609375,  73.343750  (-0.265625)
[25] : 104.390625,  87.796875  (-16.593750)
[26] : 87.125000,  87.109375  (-0.015625)
[27] : 86.781250,  86.234375  (-0.546875)
[28] : 157.515625,  156.843750  (-0.671875)
[29] : 204.296875,  204.296875  (0.000000)
[30] : 122.187500,  126.187500  (4.000000)
[31] : 197.734375,  196.593750  (-1.140625)
[32] : 190.640625,  171.687500  (-18.953125)
[33] : 88.968750,  88.968750  (0.000000)
[34] : 73.843750,  73.843750  (0.000000)
[35] : 52.671875,  52.812500  (0.140625)
[36] : 73.109375,  71.218750  (-1.890625)
[37] : 78.765625,  78.156250  (-0.609375)
[38] : 36.687500,  36.687500  (0.000000)
[39] : 24.546875,  16.765625  (-7.781250)
[40] : 13.968750,  14.078125  (0.109375)
[41] : 14.828125,  14.828125  (0.000000)
[42] : 42.765625,  34.750000  (-8.015625)
[43] : 10.093750,  10.093750  (0.000000)
[44] : 44.359375,  44.062500  (-0.296875)
[45] : 31.218750,  31.218750  (0.000000)
[46] : 38.265625,  38.375000  (0.109375)
[47] : 11.140625,  11.140625  (0.000000)
[48] : 16.468750,  16.359375  (-0.109375)
[49] : 39.562500,  33.937500  (-5.625000)
[50] : 32.765625,  32.765625  (0.000000)
[51] : 41.609375,  41.609375  (0.000000)
[52] : 30.218750,  24.437500  (-5.781250)
[53] : 20.671875,  19.453125  (-1.218750)
[54] : 32.156250,  32.156250  (0.000000)
[55] : 29.640625,  29.640625  (0.000000)
[56] : 52.984375,  52.750000  (-0.234375)
[57] : 67.046875,  64.687500  (-2.359375)
[58] : 70.796875,  70.796875  (0.000000)
[59] : 76.234375,  61.312500  (-14.921875)
[60] : 71.437500,  70.828125  (-0.609375)
[61] : 56.546875,  51.328125  (-5.218750)
[62] : 53.390625,  53.984375  (0.593750)
[63] : 33.734375,  33.734375  (0.000000)
[64] : 183.140625,  183.140625  (0.000000)
[65] : 26.375000,  26.500000  (0.125000)
[66] : 54.328125,  53.968750  (-0.359375)
[67] : 71.921875,  61.562500  (-10.359375)
[68] : 36.687500,  34.109375  (-2.578125)
[69] : 95.250000,  88.718750  (-6.531250)
[70] : 65.218750,  55.609375  (-9.609375)
[71] : 77.312500,  77.046875  (-0.265625)
[72] : 41.281250,  41.281250  (0.000000)
[73] : 38.765625,  38.765625  (0.000000)
[74] : 16.453125,  16.203125  (-0.250000)
[75] : 29.484375,  29.484375  (0.000000)
[76] : 32.406250,  26.843750  (-5.562500)
[77] : 29.687500,  29.687500  (0.000000)
[78] : 39.656250,  39.125000  (-0.531250)
[79] : 40.984375,  40.984375  (0.000000)
[80] : 15.218750,  15.218750  (0.000000)
[81] : 21.156250,  21.156250  (0.000000)
[82] : 16.796875,  16.796875  (0.000000)
[83] : 24.859375,  23.421875  (-1.437500)
[84] : 42.843750,  42.843750  (0.000000)
[85] : 34.843750,  29.109375  (-5.734375)
[86] : 23.656250,  23.656250  (0.000000)
[87] : 29.750000,  29.750000  (0.000000)
[88] : 33.328125,  33.328125  (0.000000)
[89] : 15.468750,  15.468750  (0.000000)
[90] : 18.031250,  18.109375  (0.078125)
[91] : 22.000000,  22.265625  (0.265625)
[92] : 35.359375,  35.359375  (0.000000)
[93] : 97.546875,  97.531250  (-0.015625)
[94] : 90.531250,  90.531250  (0.000000)
[95] : 48.453125,  47.390625  (-1.062500)
[96] : 157.000000,  145.734375  (-11.265625)
[97] : 74.078125,  73.781250  (-0.296875)
[98] : 54.203125,  54.156250  (-0.046875)
[99] : 126.750000,  124.640625  (-2.109375)
[100] : 129.906250,  124.703125  (-5.203125)
[101] : 70.640625,  77.578125  (6.937500)
[102] : 46.890625,  47.203125  (0.312500)
[103] : 42.234375,  31.734375  (-10.500000)
[104] : 71.062500,  71.062500  (0.000000)
[105] : 107.234375,  101.562500  (-5.671875)
[106] : 92.437500,  91.812500  (-0.625000)
[107] : 85.609375,  86.015625  (0.406250)
[108] : 16.781250,  16.593750  (-0.187500)
[109] : 10.406250,  10.265625  (-0.140625)
[110] : 44.500000,  40.750000  (-3.750000)
[111] : 31.640625,  31.375000  (-0.265625)
[112] : 14.671875,  13.921875  (-0.750000)
[113] : 17.031250,  17.031250  (0.000000)
[114] : 21.937500,  21.937500  (0.000000)
[115] : 28.125000,  26.843750  (-1.281250)
[116] : 34.437500,  34.437500  (0.000000)
[117] : 41.437500,  41.437500  (0.000000)
[118] : 25.531250,  25.531250  (0.000000)
[119] : 34.843750,  32.062500  (-2.781250)
[120] : 6.984375,  7.546875  (0.562500)
[121] : 22.375000,  22.234375  (-0.140625)
[122] : 25.562500,  25.562500  (0.000000)
[123] : 35.625000,  35.625000  (0.000000)
[124] : 27.437500,  27.437500  (0.000000)
[125] : 23.625000,  20.875000  (-2.750000)
[126] : 35.765625,  35.765625  (0.000000)
[127] : 18.968750,  18.968750  (0.000000)
[128] : 133.953125,  121.390625  (-12.562500)
[129] : 35.703125,  34.656250  (-1.046875)
[130] : 28.765625,  25.093750  (-3.671875)
[131] : 65.296875,  65.562500  (0.265625)
[132] : 68.515625,  40.734375  (-27.781250)
[133] : 10.281250,  7.656250  (-2.625000)
[134] : 14.031250,  14.031250  (0.000000)
[135] : 34.953125,  34.953125  (0.000000)
[136] : 34.937500,  28.843750  (-6.093750)
[137] : 59.953125,  59.187500  (-0.765625)
[138] : 56.781250,  54.421875  (-2.359375)
[139] : 47.078125,  42.656250  (-4.421875)
[140] : 8.546875,  8.515625  (-0.031250)
[141] : 18.156250,  16.218750  (-1.937500)
[142] : 42.703125,  42.343750  (-0.359375)
[143] : 74.718750,  74.375000  (-0.343750)
[144] : 88.046875,  87.562500  (-0.484375)
[145] : 76.562500,  76.109375  (-0.453125)
[146] : 32.718750,  32.718750  (0.000000)
[147] : 55.203125,  55.156250  (-0.046875)
[148] : 31.015625,  30.984375  (-0.031250)
[149] : 26.671875,  26.671875  (0.000000)
[150] : 14.312500,  14.312500  (0.000000)
[151] : 34.968750,  34.968750  (0.000000)
[152] : 16.578125,  16.578125  (0.000000)
[153] : 37.953125,  37.640625  (-0.312500)
[154] : 14.734375,  14.734375  (0.000000)
[155] : 25.953125,  25.953125  (0.000000)
[156] : 33.000000,  33.000000  (0.000000)
[157] : 30.265625,  30.156250  (-0.109375)
[158] : 35.921875,  35.921875  (0.000000)
[159] : 30.843750,  30.843750  (0.000000)
[160] : 125.968750,  125.812500  (-0.156250)
[161] : 12.484375,  12.484375  (0.000000)
[162] : 22.890625,  22.890625  (0.000000)
[163] : 12.640625,  12.640625  (0.000000)
[164] : 26.703125,  26.703125  (0.000000)
[165] : 11.671875,  11.671875  (0.000000)
[166] : 21.640625,  16.390625  (-5.250000)
[167] : 46.875000,  46.171875  (-0.703125)
[168] : 55.390625,  54.484375  (-0.906250)
[169] : 10.531250,  6.734375  (-3.796875)
[170] : 21.093750,  20.859375  (-0.234375)
[171] : 47.031250,  46.656250  (-0.375000)
[172] : 22.093750,  17.843750  (-4.250000)
[173] : 14.015625,  13.968750  (-0.046875)
[174] : 13.640625,  13.640625  (0.000000)
[175] : 38.328125,  38.328125  (0.000000)
[176] : 23.953125,  23.546875  (-0.406250)
[177] : 11.750000,  11.578125  (-0.171875)
[178] : 49.984375,  34.234375  (-15.750000)
[179] : 51.812500,  34.890625  (-16.921875)
[180] : 51.859375,  51.859375  (0.000000)
[181] : 34.515625,  22.750000  (-11.765625)
[182] : 17.562500,  10.609375  (-6.953125)
[183] : 30.531250,  30.531250  (0.000000)
[184] : 18.500000,  18.500000  (0.000000)
[185] : 14.031250,  13.953125  (-0.078125)
[186] : 21.093750,  20.843750  (-0.250000)
[187] : 11.046875,  11.031250  (-0.015625)
[188] : 12.546875,  12.546875  (0.000000)
[189] : 11.406250,  11.406250  (0.000000)
[190] : 16.359375,  14.171875  (-2.187500)
[191] : 10.250000,  10.250000  (0.000000)
[192] : 160.062500,  146.890625  (-13.171875)
[193] : 23.046875,  22.937500  (-0.109375)
[194] : 10.984375,  10.984375  (0.000000)
[195] : 38.171875,  38.031250  (-0.140625)
[196] : 29.328125,  29.328125  (0.000000)
[197] : 19.343750,  18.859375  (-0.484375)
[198] : 33.359375,  25.531250  (-7.828125)
[199] : 12.421875,  12.421875  (0.000000)
[200] : 24.109375,  23.250000  (-0.859375)
[201] : 21.750000,  16.375000  (-5.375000)
[202] : 20.437500,  20.437500  (0.000000)
[203] : 21.937500,  22.062500  (0.125000)
[204] : 48.312500,  44.812500  (-3.500000)
[205] : 65.875000,  65.765625  (-0.109375)
[206] : 24.859375,  20.671875  (-4.187500)
[207] : 52.031250,  44.312500  (-7.718750)
[208] : 39.468750,  39.265625  (-0.203125)
[209] : 57.187500,  55.093750  (-2.093750)
[210] : 23.625000,  23.906250  (0.281250)
[211] : 48.843750,  48.546875  (-0.296875)
[212] : 16.406250,  15.921875  (-0.484375)
[213] : 28.843750,  28.843750  (0.000000)
[214] : 23.343750,  19.968750  (-3.375000)
[215] : 16.546875,  16.546875  (0.000000)
[216] : 7.281250,  7.218750  (-0.062500)
[217] : 28.453125,  27.875000  (-0.578125)
[218] : 12.453125,  12.468750  (0.015625)
[219] : 17.203125,  15.015625  (-2.187500)
[220] : 23.359375,  23.359375  (0.000000)
[221] : 45.562500,  40.593750  (-4.968750)
[222] : 13.875000,  13.859375  (-0.015625)
[223] : 20.906250,  20.984375  (0.078125)
[224] : 132.531250,  126.312500  (-6.218750)
[225] : 30.000000,  29.734375  (-0.265625)
[226] : 34.984375,  32.718750  (-2.265625)
[227] : 39.671875,  39.671875  (0.000000)
[228] : 22.421875,  22.421875  (0.000000)
[229] : 38.453125,  38.453125  (0.000000)
[230] : 28.640625,  22.968750  (-5.671875)
[231] : 28.031250,  25.812500  (-2.218750)
[232] : 33.625000,  33.625000  (0.000000)
[233] : 28.968750,  20.187500  (-8.781250)
[234] : 8.734375,  8.734375  (0.000000)
[235] : 40.562500,  40.484375  (-0.078125)
[236] : 32.468750,  32.468750  (0.000000)
[237] : 37.953125,  36.531250  (-1.421875)
[238] : 36.578125,  31.531250  (-5.046875)
[239] : 25.625000,  25.625000  (0.000000)
[240] : 21.359375,  21.359375  (0.000000)
[241] : 28.562500,  23.765625  (-4.796875)
[242] : 16.125000,  16.125000  (0.000000)
[243] : 44.046875,  43.843750  (-0.203125)
[244] : 34.968750,  34.968750  (0.000000)
[245] : 10.421875,  10.421875  (0.000000)
[246] : 31.078125,  31.078125  (0.000000)
[247] : 10.265625,  10.265625  (0.000000)
[248] : 57.437500,  46.546875  (-10.890625)
[249] : 17.843750,  13.390625  (-4.453125)
[250] : 18.375000,  18.328125  (-0.046875)
[251] : 11.843750,  9.343750  (-2.500000)
[252] : 17.718750,  17.718750  (0.000000)
[253] : 8.093750,  8.093750  (0.000000)
[254] : 17.312500,  17.312500  (0.000000)
[255] : 16.875000,  16.875000  (0.000000)
[256] : 130.468750,  125.093750  (-5.375000)
[257] : 403.359375,  416.093750  (12.734375)
[258] : 192.734375,  190.734375  (-2.000000)
[259] : 186.843750,  182.859375  (-3.984375)
[260] : 338.343750,  326.406250  (-11.937500)
[261] : 154.953125,  128.875000  (-26.078125)
[262] : 13.234375,  13.234375  (0.000000)
[263] : 35.953125,  35.953125  (0.000000)
[264] : 46.234375,  38.906250  (-7.328125)
[265] : 12.000000,  9.031250  (-2.968750)
[266] : 26.312500,  26.265625  (-0.046875)
[267] : 19.562500,  19.562500  (0.000000)
[268] : 16.734375,  16.734375  (0.000000)
[269] : 22.390625,  22.390625  (0.000000)
[270] : 22.953125,  23.031250  (0.078125)
[271] : 10.953125,  10.953125  (0.000000)
[272] : 32.890625,  30.906250  (-1.984375)
[273] : 12.515625,  12.515625  (0.000000)
[274] : 31.937500,  25.421875  (-6.515625)
[275] : 12.359375,  12.359375  (0.000000)
[276] : 42.046875,  41.062500  (-0.984375)
[277] : 39.296875,  39.296875  (0.000000)
[278] : 24.812500,  24.812500  (0.000000)
[279] : 9.156250,  7.984375  (-1.171875)
[280] : 28.968750,  23.187500  (-5.781250)
[281] : 39.921875,  39.921875  (0.000000)
[282] : 19.750000,  19.750000  (0.000000)
[283] : 33.593750,  33.593750  (0.000000)
[284] : 28.640625,  28.640625  (0.000000)
[285] : 4.343750,  4.343750  (0.000000)
[286] : 25.109375,  25.093750  (-0.015625)
[287] : 4.078125,  4.078125  (0.000000)
[288] : 119.671875,  119.390625  (-0.281250)
[289] : 12.562500,  12.187500  (-0.375000)
[290] : 252.671875,  253.500000  (0.828125)
[291] : 27.500000,  27.015625  (-0.484375)
[292] : 18.984375,  18.984375  (0.000000)
[293] : 219.421875,  213.796875  (-5.625000)
[294] : 132.656250,  116.093750  (-16.562500)
[295] : 28.312500,  28.078125  (-0.234375)
[296] : 35.437500,  35.453125  (0.015625)
[297] : 36.609375,  36.609375  (0.000000)
[298] : 28.390625,  28.281250  (-0.109375)
[299] : 15.671875,  15.671875  (0.000000)
[300] : 17.859375,  17.859375  (0.000000)
[301] : 11.125000,  7.656250  (-3.468750)
[302] : 23.031250,  23.031250  (0.000000)
[303] : 8.515625,  8.515625  (0.000000)
[304] : 29.468750,  25.093750  (-4.375000)
[305] : 42.656250,  41.250000  (-1.406250)
[306] : 18.093750,  17.750000  (-0.343750)
[307] : 31.765625,  31.765625  (0.000000)
[308] : 14.078125,  14.187500  (0.109375)
[309] : 18.984375,  11.812500  (-7.171875)
[310] : 21.500000,  21.515625  (0.015625)
[311] : 39.656250,  39.656250  (0.000000)
[312] : 19.843750,  19.843750  (0.000000)
[313] : 9.031250,  8.953125  (-0.078125)
[314] : 6.718750,  6.718750  (0.000000)
[315] : 14.531250,  12.843750  (-1.687500)
[316] : 22.984375,  22.984375  (0.000000)
[317] : 34.140625,  34.140625  (0.000000)
[318] : 10.234375,  10.234375  (0.000000)
[319] : 24.250000,  24.250000  (0.000000)
[320] : 129.437500,  128.843750  (-0.593750)
[321] : 6.843750,  6.843750  (0.000000)
[322] : 235.484375,  218.312500  (-17.171875)
[323] : 33.812500,  33.812500  (0.000000)
[324] : 26.078125,  26.078125  (0.000000)
[325] : 16.937500,  16.937500  (0.000000)
[326] : 237.296875,  232.609375  (-4.687500)
[327] : 179.156250,  155.218750  (-23.937500)
[328] : 29.296875,  29.296875  (0.000000)
[329] : 12.734375,  11.984375  (-0.750000)
[330] : 10.281250,  10.281250  (0.000000)
[331] : 32.328125,  32.250000  (-0.078125)
[332] : 37.593750,  37.593750  (0.000000)
[333] : 7.515625,  6.390625  (-1.125000)
[334] : 17.421875,  16.640625  (-0.781250)
[335] : 39.968750,  36.328125  (-3.640625)
[336] : 53.406250,  52.875000  (-0.531250)
[337] : 13.593750,  13.375000  (-0.218750)
[338] : 38.203125,  38.000000  (-0.203125)
[339] : 42.031250,  32.687500  (-9.343750)
[340] : 10.031250,  9.437500  (-0.593750)
[341] : 19.421875,  19.421875  (0.000000)
[342] : 11.078125,  11.078125  (0.000000)
[343] : 16.687500,  16.687500  (0.000000)
[344] : 29.031250,  29.031250  (0.000000)
[345] : 32.375000,  32.296875  (-0.078125)
[346] : 46.531250,  46.531250  (0.000000)
[347] : 16.875000,  16.875000  (0.000000)
[348] : 40.140625,  40.140625  (0.000000)
[349] : 19.890625,  19.890625  (0.000000)
[350] : 33.343750,  33.343750  (0.000000)
[351] : 7.859375,  7.859375  (0.000000)
[352] : 101.812500,  80.781250  (-21.031250)
[353] : 16.093750,  11.312500  (-4.781250)
[354] : 35.140625,  35.140625  (0.000000)
[355] : 413.359375,  413.359375  (0.000000)
[356] : 305.906250,  337.437500  (31.531250)
[357] : 485.156250,  484.656250  (-0.500000)
[358] : 365.578125,  387.125000  (21.546875)
[359] : 388.062500,  391.093750  (3.031250)
[360] : 39.796875,  39.796875  (0.000000)
[361] : 14.156250,  14.078125  (-0.078125)
[362] : 12.828125,  12.828125  (0.000000)
[363] : 50.343750,  50.343750  (0.000000)
[364] : 9.953125,  9.812500  (-0.140625)
[365] : 28.578125,  28.500000  (-0.078125)
[366] : 20.890625,  20.890625  (0.000000)
[367] : 10.640625,  10.046875  (-0.593750)
[368] : 23.500000,  23.593750  (0.093750)
[369] : 20.734375,  20.609375  (-0.125000)
[370] : 19.500000,  19.343750  (-0.156250)
[371] : 21.500000,  21.500000  (0.000000)
[372] : 27.500000,  27.500000  (0.000000)
[373] : 6.609375,  6.609375  (0.000000)
[374] : 28.703125,  28.703125  (0.000000)
[375] : 7.562500,  7.562500  (0.000000)
[376] : 68.062500,  84.078125  (16.015625)
[377] : 14.218750,  14.078125  (-0.140625)
[378] : 33.171875,  33.171875  (0.000000)
[379] : 30.187500,  30.187500  (0.000000)
[380] : 21.515625,  21.515625  (0.000000)
[381] : 10.187500,  8.562500  (-1.625000)
[382] : 8.937500,  8.953125  (0.015625)
[383] : 6.734375,  3.984375  (-2.750000)
[384] : 331.796875,  398.562500  (66.765625)
[385] : 34.531250,  30.203125  (-4.328125)
[386] : 38.281250,  38.281250  (0.000000)
[387] : 336.296875,  336.875000  (0.578125)
[388] : 512.843750,  520.421875  (7.578125)
[389] : 594.375000,  597.140625  (2.765625)
[390] : 834.296875,  838.437500  (4.140625)
[391] : 679.265625,  660.125000  (-19.140625)
[392] : 95.453125,  98.593750  (3.140625)
[393] : 203.250000,  202.453125  (-0.796875)
[394] : 40.984375,  34.375000  (-6.609375)
[395] : 40.484375,  30.875000  (-9.609375)
[396] : 25.250000,  25.250000  (0.000000)
[397] : 17.171875,  17.031250  (-0.140625)
[398] : 42.687500,  42.546875  (-0.140625)
[399] : 29.156250,  29.156250  (0.000000)
[400] : 29.593750,  29.593750  (0.000000)
[401] : 19.640625,  19.750000  (0.109375)
[402] : 25.390625,  16.390625  (-9.000000)
[403] : 26.250000,  26.156250  (-0.093750)
[404] : 124.531250,  125.109375  (0.578125)
[405] : 362.703125,  375.546875  (12.843750)
[406] : 98.203125,  94.796875  (-3.406250)
[407] : 297.765625,  287.562500  (-10.203125)
[408] : 221.828125,  218.187500  (-3.640625)
[409] : 110.390625,  110.859375  (0.468750)
[410] : 46.937500,  41.953125  (-4.984375)
[411] : 32.109375,  33.718750  (1.609375)
[412] : 6.484375,  6.484375  (0.000000)
[413] : 31.750000,  31.750000  (0.000000)
[414] : 11.156250,  11.156250  (0.000000)
[415] : 46.734375,  46.562500  (-0.171875)
[416] : 279.546875,  274.078125  (-5.468750)
[417] : 6.828125,  6.828125  (0.000000)
[418] : 36.531250,  29.625000  (-6.906250)
[419] : 454.671875,  450.687500  (-3.984375)
[420] : 257.937500,  265.546875  (7.609375)
[421] : 537.343750,  535.015625  (-2.328125)
[422] : 352.296875,  352.046875  (-0.250000)
[423] : 324.296875,  322.718750  (-1.578125)
[424] : 81.812500,  87.062500  (5.250000)
[425] : 254.250000,  264.453125  (10.203125)
[426] : 209.531250,  207.781250  (-1.750000)
[427] : 347.078125,  346.093750  (-0.984375)
[428] : 390.234375,  367.234375  (-23.000000)
[429] : 424.218750,  425.609375  (1.390625)
[430] : 313.234375,  307.250000  (-5.984375)
[431] : 261.453125,  257.171875  (-4.281250)
[432] : 303.968750,  303.968750  (0.000000)
[433] : 129.937500,  109.843750  (-20.093750)
[434] : 220.156250,  220.656250  (0.500000)
[435] : 171.343750,  203.421875  (32.078125)
[436] : 222.609375,  213.312500  (-9.296875)
[437] : 381.968750,  363.718750  (-18.250000)
[438] : 400.140625,  403.562500  (3.421875)
[439] : 475.859375,  474.859375  (-1.000000)
[440] : 583.656250,  583.687500  (0.031250)
[441] : 205.921875,  223.531250  (17.609375)
[442] : 58.328125,  58.328125  (0.000000)
[443] : 33.140625,  31.890625  (-1.250000)
[444] : 51.515625,  51.687500  (0.171875)
[445] : 45.328125,  35.140625  (-10.187500)
[446] : 27.187500,  27.187500  (0.000000)
[447] : 43.312500,  37.718750  (-5.593750)
[448] : 327.640625,  337.484375  (9.843750)
[449] : 182.218750,  180.437500  (-1.781250)
[450] : 311.093750,  298.593750  (-12.500000)
[451] : 266.703125,  264.156250  (-2.546875)
[452] : 203.875000,  203.875000  (0.000000)
[453] : 334.593750,  381.093750  (46.500000)
[454] : 31.328125,  31.328125  (0.000000)
[455] : 216.937500,  219.218750  (2.281250)
[456] : 774.843750,  789.734375  (14.890625)
[457] : 809.187500,  822.312500  (13.125000)
[458] : 190.156250,  187.843750  (-2.312500)
[459] : 45.734375,  45.734375  (0.000000)
[460] : 49.234375,  44.328125  (-4.906250)
[461] : 25.437500,  25.500000  (0.062500)
[462] : 281.828125,  427.015625  (145.187500)
[463] : 528.640625,  517.625000  (-11.015625)
[464] : 554.000000,  568.375000  (14.375000)
[465] : 543.562500,  535.437500  (-8.125000)
[466] : 770.875000,  766.515625  (-4.359375)
[467] : 858.921875,  862.234375  (3.312500)
[468] : 466.421875,  459.312500  (-7.109375)
[469] : 245.687500,  233.906250  (-11.781250)
[470] : 371.406250,  372.390625  (0.984375)
[471] : 197.562500,  282.718750  (85.156250)
[472] : 145.281250,  145.281250  (0.000000)
[473] : 319.000000,  322.593750  (3.593750)
[474] : 244.968750,  245.890625  (0.921875)
[475] : 321.843750,  328.437500  (6.593750)
[476] : 363.484375,  363.718750  (0.234375)
[477] : 82.609375,  82.781250  (0.171875)
[478] : 57.671875,  57.093750  (-0.578125)
[479] : 59.375000,  59.375000  (0.000000)
[480] : 330.484375,  325.531250  (-4.953125)
[481] : 275.046875,  276.500000  (1.453125)
[482] : 131.562500,  131.062500  (-0.500000)
[483] : 332.812500,  328.765625  (-4.046875)
[484] : 135.531250,  135.140625  (-0.390625)
[485] : 385.765625,  387.484375  (1.718750)
[486] : 74.375000,  71.078125  (-3.296875)
[487] : 125.890625,  125.281250  (-0.609375)
[488] : 174.718750,  175.812500  (1.093750)
[489] : 148.156250,  301.187500  (153.031250)
[490] : 127.890625,  127.890625  (0.000000)
[491] : 130.921875,  130.765625  (-0.156250)
[492] : 84.750000,  84.156250  (-0.593750)
[493] : 109.750000,  107.734375  (-2.015625)
[494] : 137.328125,  135.968750  (-1.359375)
[495] : 121.093750,  120.937500  (-0.156250)
[496] : 130.625000,  130.390625  (-0.234375)
[497] : 119.156250,  120.390625  (1.234375)
[498] : 114.328125,  134.859375  (20.531250)
[499] : 168.734375,  168.734375  (0.000000)
[500] : 120.984375,  120.875000  (-0.109375)
[501] : 98.906250,  98.906250  (0.000000)
[502] : 158.515625,  149.421875  (-9.093750)
[503] : 148.828125,  139.578125  (-9.250000)
[504] : 95.484375,  86.750000  (-8.734375)
[505] : 46.859375,  46.859375  (0.000000)
[506] : 391.421875,  391.562500  (0.140625)
[507] : 292.859375,  292.203125  (-0.656250)
[508] : 96.062500,  96.390625  (0.328125)
[509] : 125.484375,  117.609375  (-7.875000)
[510] : 83.453125,  83.687500  (0.234375)
[511] : 138.765625,  128.531250  (-10.234375)
[512] : 373.265625,  374.750000  (1.484375)
[513] : 373.671875,  372.406250  (-1.265625)
[514] : 295.765625,  297.156250  (1.390625)
[515] : 533.656250,  527.968750  (-5.687500)
[516] : 9.984375,  7.843750  (-2.140625)
[517] : 23.750000,  23.734375  (-0.015625)
[518] : 134.531250,  128.812500  (-5.718750)
[519] : 206.609375,  192.562500  (-14.046875)
[520] : 226.125000,  226.125000  (0.000000)
[521] : 118.000000,  118.812500  (0.812500)
[522] : 103.796875,  101.781250  (-2.015625)
[523] : 90.687500,  85.656250  (-5.031250)
[524] : 355.343750,  355.546875  (0.203125)
[525] : 141.453125,  137.968750  (-3.484375)
[526] : 129.921875,  129.265625  (-0.656250)
[527] : 134.109375,  126.203125  (-7.906250)
[528] : 127.468750,  126.234375  (-1.234375)
[529] : 109.656250,  109.765625  (0.109375)
[530] : 67.734375,  64.312500  (-3.421875)
[531] : 60.828125,  59.656250  (-1.171875)
[532] : 52.218750,  52.218750  (0.000000)
[533] : 199.125000,  198.968750  (-0.156250)
[534] : 230.546875,  251.890625  (21.343750)
[535] : 123.453125,  123.453125  (0.000000)
[536] : 45.328125,  39.718750  (-5.609375)
[537] : 9.609375,  9.609375  (0.000000)
[538] : 40.562500,  40.562500  (0.000000)
[539] : 10.078125,  10.078125  (0.000000)
[540] : 14.734375,  14.734375  (0.000000)
[541] : 11.437500,  11.437500  (0.000000)
[542] : 15.156250,  15.156250  (0.000000)
[543] : 27.750000,  27.671875  (-0.078125)
[544] : 525.000000,  533.140625  (8.140625)
[545] : 486.468750,  493.203125  (6.734375)
[546] : 105.343750,  105.328125  (-0.015625)
[547] : 370.984375,  366.843750  (-4.140625)
[548] : 359.046875,  360.859375  (1.812500)
[549] : 443.734375,  423.140625  (-20.593750)
[550] : 431.656250,  415.015625  (-16.640625)
[551] : 515.140625,  467.515625  (-47.625000)
[552] : 352.656250,  334.937500  (-17.718750)
[553] : 20.187500,  20.187500  (0.000000)
[554] : 378.078125,  533.375000  (155.296875)
[555] : 145.343750,  145.406250  (0.062500)
[556] : 245.359375,  240.593750  (-4.765625)
[557] : 313.000000,  309.421875  (-3.578125)
[558] : 249.015625,  248.875000  (-0.140625)
[559] : 223.828125,  409.093750  (185.265625)
[560] : 373.500000,  373.546875  (0.046875)
[561] : 288.234375,  288.109375  (-0.125000)
[562] : 270.250000,  270.359375  (0.109375)
[563] : 36.234375,  36.234375  (0.000000)
[564] : 20.328125,  24.312500  (3.984375)
[565] : 383.390625,  388.187500  (4.796875)
[566] : 56.500000,  44.281250  (-12.218750)
[567] : 81.437500,  81.234375  (-0.203125)
[568] : 34.343750,  34.343750  (0.000000)
[569] : 10.000000,  9.859375  (-0.140625)
[570] : 3.796875,  3.796875  (0.000000)
[571] : 6.515625,  6.515625  (0.000000)
[572] : 13.015625,  13.015625  (0.000000)
[573] : 9.937500,  9.937500  (0.000000)
[574] : 11.765625,  11.765625  (0.000000)
[575] : 16.765625,  12.093750  (-4.671875)
[576] : 420.375000,  436.984375  (16.609375)
[577] : 345.671875,  430.718750  (85.046875)
[578] : 96.250000,  95.609375  (-0.640625)
[579] : 456.875000,  457.562500  (0.687500)
[580] : 291.906250,  277.718750  (-14.187500)
[581] : 259.718750,  262.640625  (2.921875)
[582] : 574.515625,  565.281250  (-9.234375)
[583] : 284.328125,  282.828125  (-1.500000)
[584] : 286.906250,  313.468750  (26.562500)
[585] : 272.531250,  272.406250  (-0.125000)
[586] : 242.718750,  220.093750  (-22.625000)
[587] : 176.859375,  169.671875  (-7.187500)
[588] : 282.390625,  281.937500  (-0.453125)
[589] : 110.859375,  152.343750  (41.484375)
[590] : 208.531250,  209.281250  (0.750000)
[591] : 203.156250,  206.343750  (3.187500)
[592] : 595.593750,  642.031250  (46.437500)
[593] : 344.953125,  379.671875  (34.718750)
[594] : 314.031250,  318.375000  (4.343750)
[595] : 222.984375,  222.984375  (0.000000)
[596] : 70.171875,  94.937500  (24.765625)
[597] : 126.750000,  126.218750  (-0.531250)
[598] : 7.812500,  7.671875  (-0.140625)
[599] : 4.875000,  4.906250  (0.031250)
[600] : 20.109375,  20.109375  (0.000000)
[601] : 245.859375,  244.875000  (-0.984375)
[602] : 32.359375,  32.156250  (-0.203125)
[603] : 3.390625,  3.234375  (-0.156250)
[604] : 5.359375,  5.156250  (-0.203125)
[605] : 8.125000,  7.703125  (-0.421875)
[606] : 10.265625,  10.265625  (0.000000)
[607] : 13.343750,  10.296875  (-3.046875)
[608] : 506.984375,  491.562500  (-15.421875)
[609] : 688.468750,  689.515625  (1.046875)
[610] : 139.765625,  139.734375  (-0.031250)
[611] : 359.062500,  357.578125  (-1.484375)
[612] : 114.781250,  114.781250  (0.000000)
[613] : 338.515625,  319.218750  (-19.296875)
[614] : 338.484375,  338.687500  (0.203125)
[615] : 487.531250,  3168.718750  (2681.187500)
[616] : 461.890625,  452.500000  (-9.390625)
[617] : 445.593750,  442.203125  (-3.390625)
[618] : 565.437500,  571.828125  (6.390625)
[619] : 467.640625,  464.406250  (-3.234375)
[620] : 60.343750,  60.343750  (0.000000)
[621] : 225.734375,  224.781250  (-0.953125)
[622] : 219.687500,  217.515625  (-2.171875)
[623] : 349.640625,  322.312500  (-27.328125)
[624] : 242.500000,  237.703125  (-4.796875)
[625] : 204.062500,  201.484375  (-2.578125)
[626] : 449.875000,  466.000000  (16.125000)
[627] : 419.125000,  417.859375  (-1.265625)
[628] : 223.421875,  227.359375  (3.937500)
[629] : 425.359375,  440.359375  (15.000000)
[630] : 249.484375,  256.500000  (7.015625)
[631] : 141.765625,  141.953125  (0.187500)
[632] : 15.312500,  15.593750  (0.281250)
[633] : 135.531250,  134.875000  (-0.656250)
[634] : 23.390625,  23.390625  (0.000000)
[635] : 36.062500,  29.796875  (-6.265625)
[636] : 3.359375,  3.359375  (0.000000)
[637] : 3.390625,  3.390625  (0.000000)
[638] : 6.921875,  6.921875  (0.000000)
[639] : 14.781250,  10.968750  (-3.812500)
[640] : 571.531250,  562.890625  (-8.640625)
[641] : 348.984375,  370.156250  (21.171875)
[642] : 92.578125,  86.062500  (-6.515625)
[643] : 149.515625,  147.890625  (-1.625000)
[644] : 104.046875,  136.296875  (32.250000)
[645] : 431.468750,  435.453125  (3.984375)
[646] : 347.609375,  347.609375  (0.000000)
[647] : 562.953125,  567.281250  (4.328125)
[648] : 448.468750,  441.718750  (-6.750000)
[649] : 354.187500,  361.640625  (7.453125)
[650] : 475.734375,  472.468750  (-3.265625)
[651] : 311.859375,  311.859375  (0.000000)
[652] : 259.109375,  258.750000  (-0.359375)
[653] : 281.734375,  281.343750  (-0.390625)
[654] : 204.187500,  203.546875  (-0.640625)
[655] : 281.062500,  319.125000  (38.062500)
[656] : 204.453125,  208.062500  (3.609375)
[657] : 332.187500,  445.109375  (112.921875)
[658] : 380.140625,  347.140625  (-33.000000)
[659] : 445.218750,  480.265625  (35.046875)
[660] : 319.250000,  342.281250  (23.031250)
[661] : 324.906250,  322.250000  (-2.656250)
[662] : 487.203125,  482.875000  (-4.328125)
[663] : 295.203125,  351.203125  (56.000000)
[664] : 222.718750,  222.718750  (0.000000)
[665] : 153.343750,  153.343750  (0.000000)
[666] : 26.343750,  26.343750  (0.000000)
[667] : 32.875000,  32.875000  (0.000000)
[668] : 3.734375,  3.734375  (0.000000)
[669] : 4.265625,  4.250000  (-0.015625)
[670] : 161.937500,  147.984375  (-13.953125)
[671] : 155.656250,  155.656250  (0.000000)
[672] : 167.828125,  168.437500  (0.609375)
[673] : 208.250000,  212.187500  (3.937500)
[674] : 314.593750,  316.531250  (1.937500)
[675] : 117.156250,  117.156250  (0.000000)
[676] : 99.234375,  98.890625  (-0.343750)
[677] : 298.656250,  268.312500  (-30.343750)
[678] : 380.562500,  380.562500  (0.000000)
[679] : 290.687500,  286.906250  (-3.781250)
[680] : 381.437500,  383.765625  (2.328125)
[681] : 528.718750,  976.484375  (447.765625)
[682] : 565.031250,  558.000000  (-7.031250)
[683] : 472.859375,  474.078125  (1.218750)
[684] : 345.968750,  330.953125  (-15.015625)
[685] : 172.187500,  171.187500  (-1.000000)
[686] : 287.843750,  280.125000  (-7.718750)
[687] : 221.859375,  240.953125  (19.093750)
[688] : 469.796875,  587.140625  (117.343750)
[689] : 253.046875,  253.046875  (0.000000)
[690] : 366.875000,  406.531250  (39.656250)
[691] : 388.796875,  377.968750  (-10.828125)
[692] : 267.125000,  267.125000  (0.000000)
[693] : 428.109375,  423.796875  (-4.312500)
[694] : 398.265625,  379.812500  (-18.453125)
[695] : 440.968750,  432.281250  (-8.687500)
[696] : 330.203125,  330.765625  (0.562500)
[697] : 26.843750,  26.468750  (-0.375000)
[698] : 17.343750,  14.531250  (-2.812500)
[699] : 20.531250,  20.531250  (0.000000)
[700] : 1.921875,  1.921875  (0.000000)
[701] : 2.281250,  1.218750  (-1.062500)
[702] : 42.781250,  42.781250  (0.000000)
[703] : 35.078125,  30.390625  (-4.687500)
[704] : 128.125000,  130.765625  (2.640625)
[705] : 23.890625,  23.812500  (-0.078125)
[706] : 159.796875,  159.281250  (-0.515625)
[707] : 167.281250,  155.031250  (-12.250000)
[708] : 140.000000,  138.781250  (-1.218750)
[709] : 251.718750,  241.406250  (-10.312500)
[710] : 112.859375,  111.593750  (-1.265625)
[711] : 253.593750,  253.593750  (0.000000)
[712] : 264.484375,  264.937500  (0.453125)
[713] : 297.578125,  260.656250  (-36.921875)
[714] : 333.765625,  333.046875  (-0.718750)
[715] : 134.718750,  101.000000  (-33.718750)
[716] : 623.843750,  614.828125  (-9.015625)
[717] : 163.250000,  281.812500  (118.562500)
[718] : 184.796875,  184.796875  (0.000000)
[719] : 298.906250,  304.031250  (5.125000)
[720] : 188.359375,  178.484375  (-9.875000)
[721] : 259.750000,  259.375000  (-0.375000)
[722] : 304.078125,  278.750000  (-25.328125)
[723] : 173.437500,  180.640625  (7.203125)
[724] : 442.593750,  440.890625  (-1.703125)
[725] : 411.000000,  410.515625  (-0.484375)
[726] : 238.625000,  239.140625  (0.515625)
[727] : 322.593750,  321.031250  (-1.562500)
[728] : 271.578125,  271.843750  (0.265625)
[729] : 111.968750,  108.218750  (-3.750000)
[730] : 75.125000,  104.703125  (29.578125)
[731] : 16.250000,  13.375000  (-2.875000)
[732] : 32.250000,  32.078125  (-0.171875)
[733] : 1.859375,  1.859375  (0.000000)
[734] : 2.843750,  2.843750  (0.000000)
[735] : 37.906250,  37.906250  (0.000000)
[736] : 147.843750,  133.671875  (-14.171875)
[737] : 9.671875,  9.671875  (0.000000)
[738] : 13.015625,  12.562500  (-0.453125)
[739] : 9.859375,  10.000000  (0.140625)
[740] : 246.750000,  246.406250  (-0.343750)
[741] : 301.531250,  294.343750  (-7.187500)
[742] : 333.093750,  340.062500  (6.968750)
[743] : 139.921875,  130.781250  (-9.140625)
[744] : 48.718750,  48.578125  (-0.140625)
[745] : 273.671875,  274.546875  (0.875000)
[746] : 62.531250,  62.078125  (-0.453125)
[747] : 172.437500,  171.921875  (-0.515625)
[748] : 527.593750,  1067.328125  (539.734375)
[749] : 162.984375,  158.718750  (-4.265625)
[750] : 159.109375,  159.125000  (0.015625)
[751] : 201.359375,  140.406250  (-60.953125)
[752] : 156.375000,  159.875000  (3.500000)
[753] : 195.390625,  187.187500  (-8.203125)
[754] : 222.765625,  220.015625  (-2.750000)
[755] : 279.093750,  475.953125  (196.859375)
[756] : 390.562500,  400.171875  (9.609375)
[757] : 301.828125,  598.953125  (297.125000)
[758] : 414.093750,  413.703125  (-0.390625)
[759] : 361.234375,  350.484375  (-10.750000)
[760] : 372.453125,  369.218750  (-3.234375)
[761] : 262.734375,  259.187500  (-3.546875)
[762] : 223.312500,  223.312500  (0.000000)
[763] : 107.515625,  107.031250  (-0.484375)
[764] : 24.000000,  23.890625  (-0.109375)
[765] : 25.421875,  23.437500  (-1.984375)
[766] : 2.421875,  2.421875  (0.000000)
[767] : 27.890625,  27.890625  (0.000000)
[768] : 118.531250,  115.859375  (-2.671875)
[769] : 7.234375,  7.312500  (0.078125)
[770] : 18.218750,  18.218750  (0.000000)
[771] : 15.859375,  15.859375  (0.000000)
[772] : 37.281250,  37.281250  (0.000000)
[773] : 32.656250,  32.656250  (0.000000)
[774] : 41.718750,  41.906250  (0.187500)
[775] : 21.187500,  20.031250  (-1.156250)
[776] : 59.015625,  59.046875  (0.031250)
[777] : 117.703125,  114.937500  (-2.765625)
[778] : 94.390625,  94.390625  (0.000000)
[779] : 133.859375,  133.718750  (-0.140625)
[780] : 223.625000,  222.578125  (-1.046875)
[781] : 92.234375,  92.234375  (0.000000)
[782] : 72.640625,  72.968750  (0.328125)
[783] : 105.234375,  103.875000  (-1.359375)
[784] : 204.406250,  200.718750  (-3.687500)
[785] : 392.281250,  389.718750  (-2.562500)
[786] : 272.578125,  687.000000  (414.421875)
[787] : 408.312500,  408.312500  (0.000000)
[788] : 246.656250,  247.453125  (0.796875)
[789] : 195.875000,  197.812500  (1.937500)
[790] : 327.421875,  303.046875  (-24.375000)
[791] : 393.375000,  397.765625  (4.390625)
[792] : 528.812500,  528.812500  (0.000000)
[793] : 349.015625,  385.734375  (36.718750)
[794] : 234.359375,  234.359375  (0.000000)
[795] : 146.218750,  126.265625  (-19.953125)
[796] : 19.218750,  18.390625  (-0.828125)
[797] : 18.046875,  18.046875  (0.000000)
[798] : 36.281250,  36.281250  (0.000000)
[799] : 32.156250,  32.015625  (-0.140625)
[800] : 131.234375,  126.687500  (-4.546875)
[801] : 28.015625,  28.015625  (0.000000)
[802] : 6.343750,  6.328125  (-0.015625)
[803] : 28.734375,  28.562500  (-0.171875)
[804] : 18.546875,  18.437500  (-0.109375)
[805] : 29.062500,  28.203125  (-0.859375)
[806] : 39.515625,  39.312500  (-0.203125)
[807] : 26.125000,  26.171875  (0.046875)
[808] : 44.093750,  39.531250  (-4.562500)
[809] : 203.437500,  201.328125  (-2.109375)
[810] : 189.406250,  189.765625  (0.359375)
[811] : 220.562500,  220.562500  (0.000000)
[812] : 323.531250,  312.718750  (-10.812500)
[813] : 57.421875,  56.718750  (-0.703125)
[814] : 63.890625,  64.468750  (0.578125)
[815] : 138.359375,  139.718750  (1.359375)
[816] : 235.218750,  306.890625  (71.671875)
[817] : 322.125000,  321.281250  (-0.843750)
[818] : 400.234375,  405.359375  (5.125000)
[819] : 260.968750,  262.312500  (1.343750)
[820] : 373.109375,  375.859375  (2.750000)
[821] : 250.593750,  257.125000  (6.531250)
[822] : 364.875000,  356.734375  (-8.140625)
[823] : 318.453125,  320.906250  (2.453125)
[824] : 365.234375,  390.953125  (25.718750)
[825] : 277.406250,  277.437500  (0.031250)
[826] : 247.625000,  242.468750  (-5.156250)
[827] : 129.625000,  118.796875  (-10.828125)
[828] : 120.531250,  119.859375  (-0.671875)
[829] : 15.046875,  15.046875  (0.000000)
[830] : 36.062500,  35.921875  (-0.140625)
[831] : 34.953125,  34.750000  (-0.203125)
[832] : 127.812500,  126.796875  (-1.015625)
[833] : 20.296875,  15.765625  (-4.531250)
[834] : 4.046875,  4.046875  (0.000000)
[835] : 26.265625,  26.265625  (0.000000)
[836] : 25.484375,  23.421875  (-2.062500)
[837] : 25.093750,  25.093750  (0.000000)
[838] : 35.937500,  35.937500  (0.000000)
[839] : 46.734375,  46.734375  (0.000000)
[840] : 21.921875,  21.921875  (0.000000)
[841] : 75.437500,  74.125000  (-1.312500)
[842] : 113.609375,  112.046875  (-1.562500)
[843] : 180.031250,  178.234375  (-1.796875)
[844] : 77.718750,  68.546875  (-9.171875)
[845] : 120.609375,  98.609375  (-22.000000)
[846] : 117.109375,  108.843750  (-8.265625)
[847] : 176.062500,  172.812500  (-3.250000)
[848] : 314.281250,  314.281250  (0.000000)
[849] : 230.796875,  227.687500  (-3.109375)
[850] : 130.203125,  125.078125  (-5.125000)
[851] : 301.562500,  292.437500  (-9.125000)
[852] : 206.796875,  202.765625  (-4.031250)
[853] : 168.921875,  168.921875  (0.000000)
[854] : 325.515625,  321.859375  (-3.656250)
[855] : 95.890625,  93.687500  (-2.203125)
[856] : 223.906250,  221.359375  (-2.546875)
[857] : 253.328125,  257.062500  (3.734375)
[858] : 230.500000,  229.078125  (-1.421875)
[859] : 23.953125,  22.984375  (-0.968750)
[860] : 123.890625,  117.281250  (-6.609375)
[861] : 63.468750,  49.156250  (-14.312500)
[862] : 26.359375,  26.359375  (0.000000)
[863] : 33.578125,  33.578125  (0.000000)
[864] : 114.484375,  114.500000  (0.015625)
[865] : 19.906250,  19.796875  (-0.109375)
[866] : 31.484375,  31.484375  (0.000000)
[867] : 2.078125,  2.078125  (0.000000)
[868] : 2.750000,  2.750000  (0.000000)
[869] : 33.296875,  30.796875  (-2.500000)
[870] : 26.109375,  26.109375  (0.000000)
[871] : 25.734375,  23.171875  (-2.562500)
[872] : 22.984375,  22.984375  (0.000000)
[873] : 31.984375,  31.593750  (-0.390625)
[874] : 17.656250,  12.671875  (-4.984375)
[875] : 49.406250,  46.531250  (-2.875000)
[876] : 42.546875,  41.640625  (-0.906250)
[877] : 26.765625,  26.906250  (0.140625)
[878] : 122.562500,  120.734375  (-1.828125)
[879] : 380.796875,  378.031250  (-2.765625)
[880] : 339.671875,  330.828125  (-8.843750)
[881] : 237.921875,  223.921875  (-14.000000)
[882] : 117.156250,  131.750000  (14.593750)
[883] : 238.031250,  226.781250  (-11.250000)
[884] : 250.640625,  255.187500  (4.546875)
[885] : 283.093750,  283.093750  (0.000000)
[886] : 284.109375,  279.625000  (-4.484375)
[887] : 188.140625,  199.203125  (11.062500)
[888] : 187.765625,  135.250000  (-52.515625)
[889] : 187.109375,  180.828125  (-6.281250)
[890] : 214.937500,  212.718750  (-2.218750)
[891] : 157.578125,  157.281250  (-0.296875)
[892] : 45.281250,  43.453125  (-1.828125)
[893] : 93.281250,  77.703125  (-15.578125)
[894] : 19.937500,  19.687500  (-0.250000)
[895] : 22.828125,  22.656250  (-0.171875)
[896] : 133.968750,  129.078125  (-4.890625)
[897] : 7.703125,  7.703125  (0.000000)
[898] : 7.109375,  7.109375  (0.000000)
[899] : 8.375000,  8.375000  (0.000000)
[900] : 3.828125,  3.828125  (0.000000)
[901] : 3.296875,  3.296875  (0.000000)
[902] : 2.984375,  2.937500  (-0.046875)
[903] : 5.046875,  5.046875  (0.000000)
[904] : 34.906250,  26.109375  (-8.796875)
[905] : 37.765625,  37.671875  (-0.093750)
[906] : 26.734375,  26.734375  (0.000000)
[907] : 13.296875,  13.296875  (0.000000)
[908] : 11.781250,  11.781250  (0.000000)
[909] : 95.609375,  95.828125  (0.218750)
[910] : 503.968750,  461.703125  (-42.265625)
[911] : 282.125000,  282.125000  (0.000000)
[912] : 270.640625,  314.546875  (43.906250)
[913] : 189.484375,  175.421875  (-14.062500)
[914] : 171.734375,  167.671875  (-4.062500)
[915] : 187.171875,  212.078125  (24.906250)
[916] : 154.453125,  155.953125  (1.500000)
[917] : 207.906250,  196.890625  (-11.015625)
[918] : 122.437500,  188.421875  (65.984375)
[919] : 246.203125,  249.406250  (3.203125)
[920] : 128.828125,  105.484375  (-23.343750)
[921] : 90.437500,  88.515625  (-1.921875)
[922] : 303.500000,  305.578125  (2.078125)
[923] : 316.734375,  510.953125  (194.218750)
[924] : 188.125000,  185.453125  (-2.671875)
[925] : 323.546875,  596.781250  (273.234375)
[926] : 74.843750,  74.140625  (-0.703125)
[927] : 12.359375,  12.359375  (0.000000)
[928] : 93.640625,  94.546875  (0.906250)
[929] : 19.265625,  19.265625  (0.000000)
[930] : 7.453125,  7.453125  (0.000000)
[931] : 12.656250,  12.656250  (0.000000)
[932] : 3.859375,  3.859375  (0.000000)
[933] : 27.921875,  27.921875  (0.000000)
[934] : 37.812500,  37.812500  (0.000000)
[935] : 5.421875,  5.421875  (0.000000)
[936] : 41.296875,  41.296875  (0.000000)
[937] : 22.390625,  17.671875  (-4.718750)
[938] : 50.359375,  36.000000  (-14.359375)
[939] : 9.484375,  9.046875  (-0.437500)
[940] : 31.046875,  31.046875  (0.000000)
[941] : 217.265625,  217.406250  (0.140625)
[942] : 60.828125,  55.500000  (-5.328125)
[943] : 43.328125,  43.328125  (0.000000)
[944] : 78.359375,  78.359375  (0.000000)
[945] : 33.421875,  33.218750  (-0.203125)
[946] : 72.828125,  72.828125  (0.000000)
[947] : 89.609375,  90.328125  (0.718750)
[948] : 237.890625,  234.234375  (-3.656250)
[949] : 112.234375,  112.125000  (-0.109375)
[950] : 210.531250,  208.859375  (-1.671875)
[951] : 79.156250,  76.578125  (-2.578125)
[952] : 95.343750,  85.656250  (-9.687500)
[953] : 106.890625,  89.078125  (-17.812500)
[954] : 81.546875,  96.906250  (15.359375)
[955] : 345.515625,  342.578125  (-2.937500)
[956] : 73.859375,  74.078125  (0.218750)
[957] : 372.218750,  341.718750  (-30.500000)
[958] : 274.015625,  274.015625  (0.000000)
[959] : 147.171875,  147.171875  (0.000000)
[960] : 133.281250,  133.281250  (0.000000)
[961] : 16.062500,  13.531250  (-2.531250)
[962] : 19.375000,  17.062500  (-2.312500)
[963] : 30.171875,  30.031250  (-0.140625)
[964] : 6.343750,  6.343750  (0.000000)
[965] : 31.765625,  31.765625  (0.000000)
[966] : 32.750000,  32.750000  (0.000000)
[967] : 7.390625,  7.390625  (0.000000)
[968] : 7.671875,  7.671875  (0.000000)
[969] : 61.953125,  56.421875  (-5.531250)
[970] : 102.531250,  99.671875  (-2.859375)
[971] : 23.750000,  21.875000  (-1.875000)
[972] : 8.500000,  8.500000  (0.000000)
[973] : 79.468750,  74.421875  (-5.046875)
[974] : 27.187500,  27.187500  (0.000000)
[975] : 7.734375,  5.921875  (-1.812500)
[976] : 18.515625,  14.046875  (-4.468750)
[977] : 30.828125,  24.093750  (-6.734375)
[978] : 37.546875,  37.546875  (0.000000)
[979] : 36.390625,  36.390625  (0.000000)
[980] : 119.015625,  93.343750  (-25.671875)
[981] : 176.750000,  189.687500  (12.937500)
[982] : 122.453125,  119.812500  (-2.640625)
[983] : 156.718750,  155.406250  (-1.312500)
[984] : 80.000000,  74.312500  (-5.687500)
[985] : 112.671875,  111.375000  (-1.296875)
[986] : 101.125000,  94.203125  (-6.921875)
[987] : 210.171875,  209.984375  (-0.187500)
[988] : 76.234375,  81.140625  (4.906250)
[989] : 226.593750,  225.531250  (-1.062500)
[990] : 204.906250,  199.640625  (-5.265625)
[991] : 189.484375,  189.062500  (-0.421875)
[992] : 278.359375,  278.359375  (0.000000)
[993] : 145.625000,  144.875000  (-0.750000)
[994] : 139.343750,  139.000000  (-0.343750)
[995] : 149.500000,  148.468750  (-1.031250)
[996] : 127.500000,  127.390625  (-0.109375)
[997] : 162.125000,  162.125000  (0.000000)
[998] : 136.671875,  136.468750  (-0.203125)
[999] : 112.234375,  111.906250  (-0.328125)
[1000] : 91.781250,  92.078125  (0.296875)
[1001] : 139.390625,  138.250000  (-1.140625)
[1002] : 117.031250,  116.421875  (-0.609375)
[1003] : 106.718750,  106.218750  (-0.500000)
[1004] : 141.546875,  141.250000  (-0.296875)
[1005] : 127.609375,  127.468750  (-0.140625)
[1006] : 121.343750,  120.687500  (-0.656250)
[1007] : 116.500000,  116.265625  (-0.234375)
[1008] : 103.359375,  103.765625  (0.406250)
[1009] : 112.203125,  112.687500  (0.484375)
[1010] : 118.265625,  117.921875  (-0.343750)
[1011] : 115.140625,  113.093750  (-2.046875)
[1012] : 145.312500,  145.531250  (0.218750)
[1013] : 145.031250,  143.062500  (-1.968750)
[1014] : 150.062500,  158.031250  (7.968750)
[1015] : 170.375000,  171.203125  (0.828125)
[1016] : 154.750000,  152.109375  (-2.640625)
[1017] : 175.250000,  175.765625  (0.515625)
[1018] : 207.843750,  196.828125  (-11.015625)
[1019] : 268.281250,  265.765625  (-2.515625)
[1020] : 202.187500,  202.375000  (0.187500)
[1021] : 232.046875,  234.625000  (2.578125)
[1022] : 151.562500,  154.796875  (3.234375)
[1023] : 163.750000,  162.281250  (-1.468750)