

 [80] ******************************************************

 [4 , 6, 31]  131347.645610 vs 126909.741042 >>  4437.904567  :  140.171875  (10)
 [43]    2.609375 (2)  [6, 31]
 [44]    2.062500 (3)  [4, 6, 31]
 [467]    92.796875 (3)  [4, 6, 31]
 [993]    6.234375 (2)  [4, 6]
 [994]    9.468750 (3)  [4, 6, 31]
 [995]    12.515625 (2)  [4, 6]
 [997]    5.328125 (3)  [4, 6, 31]
 [999]    8.437500 (3)  [4, 6, 31]
 [1000]    1.062500 (3)  [4, 6, 31]
 [1007]    0.625000 (3)  [4, 6, 31]

 [70] ******************************************************

 [4 , 6, 31]  109138.657973 vs 106050.053502 >>  3088.604471  :  435.640625  (22)
 [43]    2.015625 (1)  [31]
 [44]    3.703125 (3)  [4, 6, 31]
 [91]    0.453125 (2)  [4, 31]
 [114]    0.125000 (1)  [31]
 [196]    0.953125 (1)  [31]
 [221]    0.125000 (1)  [31]
 [348]    1.937500 (1)  [6]
 [459]    1.281250 (2)  [4, 31]
 [467]    253.890625 (3)  [4, 6, 31]
 [993]    1.421875 (2)  [4, 6]
 [994]    0.687500 (3)  [4, 6, 31]
 [995]    2.328125 (2)  [4, 6]
 [997]    0.031250 (3)  [4, 6, 31]
 [999]    2.718750 (3)  [4, 6, 31]
 [1000]    22.750000 (3)  [4, 6, 31]
 [1003]    19.812500 (3)  [4, 6, 31]
 [1004]    17.812500 (3)  [4, 6, 31]
 [1005]    26.843750 (3)  [4, 6, 31]
 [1006]    19.546875 (2)  [4, 6]
 [1007]    26.000000 (3)  [4, 6, 31]
 [1008]    9.156250 (2)  [4, 6]
 [1009]    2.625000 (2)  [4, 6]
 [1011]    21.359375 (2)  [4, 6]

 [60] ******************************************************

 [4 , 6, 31]  95498.035203 vs 93192.294480 >>  2305.740724  :  1182.234375  (43)
 [43]    1.890625 (1)  [31]
 [44]    5.312500 (1)  [31]
 [81]    0.437500 (1)  [4]
 [91]    1.296875 (2)  [4, 31]
 [114]    1.718750 (1)  [31]
 [141]    1.156250 (1)  [6]
 [151]    0.406250 (1)  [31]
 [177]    0.390625 (1)  [31]
 [193]    2.421875 (1)  [4]
 [213]    1.937500 (1)  [4]
 [221]    0.203125 (1)  [31]
 [223]    3.062500 (1)  [31]
 [226]    1.765625 (2)  [4, 6]
 [269]    1.921875 (1)  [31]
 [298]    1.921875 (1)  [31]
 [299]    0.437500 (1)  [31]
 [329]    1.437500 (1)  [31]
 [341]    0.375000 (1)  [6]
 [381]    1.593750 (1)  [31]
 [399]    0.609375 (1)  [6]
 [459]    4.421875 (1)  [4]
 [467]    279.578125 (3)  [4, 6, 31]
 [904]    1.031250 (1)  [6]
 [993]    61.546875 (2)  [4, 6]
 [994]    60.218750 (3)  [4, 6, 31]
 [995]    67.421875 (2)  [4, 6]
 [996]    54.062500 (3)  [4, 6, 31]
 [997]    54.437500 (3)  [4, 6, 31]
 [998]    55.562500 (3)  [4, 6, 31]
 [999]    54.843750 (3)  [4, 6, 31]
 [1000]    41.890625 (3)  [4, 6, 31]
 [1001]    45.078125 (3)  [4, 6, 31]
 [1002]    45.031250 (3)  [4, 6, 31]
 [1003]    36.656250 (3)  [4, 6, 31]
 [1004]    30.968750 (3)  [4, 6, 31]
 [1005]    36.343750 (3)  [4, 6, 31]
 [1006]    39.234375 (2)  [4, 6]
 [1007]    34.718750 (3)  [4, 6, 31]
 [1008]    27.718750 (2)  [4, 6]
 [1009]    26.437500 (2)  [4, 6]
 [1010]    45.968750 (2)  [4, 6]
 [1011]    39.093750 (2)  [4, 6]
 [1012]    0.671875 (3)  [4, 6, 31]
 [1013]    10.015625 (3)  [4, 6, 31]

 [50] ******************************************************

 [4 , 6, 31]  84826.251863 vs 83453.996276 >>  1372.255587  :  1420.500000  (60)
 [43]    3.390625 (1)  [31]
 [44]    1.468750 (1)  [31]
 [54]    1.140625 (1)  [31]
 [81]    1.593750 (1)  [4]
 [91]    4.921875 (2)  [4, 31]
 [114]    0.218750 (1)  [31]
 [136]    0.109375 (1)  [31]
 [177]    2.109375 (1)  [31]
 [179]    1.750000 (1)  [31]
 [193]    4.671875 (1)  [4]
 [196]    2.703125 (1)  [31]
 [207]    0.250000 (1)  [31]
 [221]    0.953125 (1)  [31]
 [223]    4.812500 (1)  [31]
 [227]    3.796875 (1)  [6]
 [237]    1.593750 (1)  [4]
 [269]    0.015625 (1)  [31]
 [281]    2.515625 (1)  [4]
 [298]    1.171875 (1)  [31]
 [299]    0.562500 (1)  [31]
 [329]    0.125000 (1)  [31]
 [341]    1.625000 (1)  [6]
 [344]    1.000000 (1)  [4]
 [345]    0.281250 (1)  [31]
 [347]    0.406250 (1)  [6]
 [348]    3.531250 (1)  [6]
 [381]    3.500000 (1)  [31]
 [382]    0.562500 (1)  [6]
 [394]    1.078125 (1)  [4]
 [399]    1.312500 (1)  [6]
 [417]    1.156250 (1)  [4]
 [418]    1.453125 (1)  [4]
 [454]    1.375000 (1)  [31]
 [459]    0.859375 (1)  [4]
 [467]    388.703125 (3)  [4, 6, 31]
 [738]    1.562500 (1)  [6]
 [772]    1.578125 (1)  [31]
 [904]    0.687500 (1)  [6]
 [936]    1.968750 (1)  [6]
 [940]    1.375000 (1)  [31]
 [971]    0.718750 (1)  [31]
 [993]    63.734375 (2)  [4, 6]
 [994]    65.468750 (3)  [4, 6, 31]
 [995]    73.765625 (2)  [4, 6]
 [996]    57.890625 (3)  [4, 6, 31]
 [997]    66.421875 (3)  [4, 6, 31]
 [998]    60.187500 (3)  [4, 6, 31]
 [999]    63.093750 (3)  [4, 6, 31]
 [1000]    42.984375 (3)  [4, 6, 31]
 [1001]    55.328125 (3)  [4, 6, 31]
 [1002]    53.125000 (3)  [4, 6, 31]
 [1003]    46.937500 (3)  [4, 6, 31]
 [1004]    44.562500 (3)  [4, 6, 31]
 [1005]    37.156250 (3)  [4, 6, 31]
 [1006]    39.921875 (2)  [4, 6]
 [1007]    32.187500 (3)  [4, 6, 31]
 [1008]    28.625000 (2)  [4, 6]
 [1009]    27.968750 (2)  [4, 6]
 [1010]    49.843750 (2)  [4, 6]
 [1011]    47.078125 (2)  [4, 6]
 [1012]    9.796875 (3)  [4, 6, 31]
 [1013]    7.000000 (3)  [4, 6, 31]

 [40] ******************************************************

 [4 , 6, 31]  73554.422273 vs 72189.137731 >>  1365.284542  :  1533.015625  (36)
 [54]    9.078125 (1)  [31]
 [84]    0.921875 (1)  [31]
 [110]    2.250000 (1)  [6]
 [167]    1.703125 (1)  [31]
 [168]    3.734375 (1)  [31]
 [207]    2.312500 (1)  [31]
 [221]    7.234375 (1)  [31]
 [244]    4.812500 (1)  [6]
 [276]    4.218750 (1)  [6]
 [281]    4.765625 (1)  [4]
 [347]    0.218750 (1)  [6]
 [394]    2.890625 (1)  [4]
 [401]    1.218750 (1)  [31]
 [467]    450.359375 (3)  [4, 6, 31]
 [861]    0.750000 (1)  [31]
 [993]    75.921875 (2)  [4, 6]
 [994]    74.593750 (3)  [4, 6, 31]
 [995]    82.734375 (2)  [4, 6]
 [996]    62.203125 (3)  [4, 6, 31]
 [997]    75.421875 (3)  [4, 6, 31]
 [998]    61.140625 (3)  [4, 6, 31]
 [999]    63.562500 (3)  [4, 6, 31]
 [1000]    44.734375 (3)  [4, 6, 31]
 [1001]    53.046875 (3)  [4, 6, 31]
 [1002]    53.156250 (3)  [4, 6, 31]
 [1003]    43.718750 (3)  [4, 6, 31]
 [1004]    45.593750 (3)  [4, 6, 31]
 [1005]    44.906250 (3)  [4, 6, 31]
 [1006]    41.109375 (2)  [4, 6]
 [1007]    37.437500 (3)  [4, 6, 31]
 [1008]    28.281250 (2)  [4, 6]
 [1009]    27.625000 (2)  [4, 6]
 [1010]    50.906250 (2)  [4, 6]
 [1011]    44.125000 (2)  [4, 6]
 [1012]    8.265625 (3)  [4, 6, 31]
 [1013]    19.000000 (3)  [4, 6, 31]

 [30] ******************************************************

 [4 , 6, 31]  62483.579989 vs 62021.949759 >>  461.630230  :  1894.468750  (43)
 [54]    13.703125 (1)  [31]
 [55]    2.500000 (1)  [31]
 [84]    11.234375 (1)  [31]
 [85]    0.218750 (1)  [31]
 [90]    3.484375 (1)  [31]
 [119]    8.750000 (1)  [31]
 [175]    4.750000 (1)  [31]
 [179]    5.218750 (1)  [31]
 [241]    1.156250 (1)  [31]
 [291]    0.625000 (1)  [6]
 [308]    1.656250 (1)  [31]
 [321]    9.687500 (1)  [31]
 [323]    2.328125 (1)  [6]
 [364]    1.390625 (1)  [31]
 [369]    6.859375 (1)  [6]
 [376]    16.328125 (1)  [6]
 [467]    443.578125 (3)  [4, 6, 31]
 [602]    2.484375 (1)  [31]
 [697]    7.093750 (1)  [4]
 [705]    0.796875 (1)  [4]
 [775]    4.000000 (1)  [6]
 [940]    4.343750 (1)  [31]
 [993]    75.234375 (2)  [4, 6]
 [994]    71.406250 (3)  [4, 6, 31]
 [995]    71.140625 (2)  [4, 6]
 [996]    65.484375 (3)  [4, 6, 31]
 [997]    78.234375 (3)  [4, 6, 31]
 [998]    63.640625 (3)  [4, 6, 31]
 [999]    65.281250 (3)  [4, 6, 31]
 [1000]    86.046875 (3)  [4, 6, 31]
 [1001]    59.609375 (3)  [4, 6, 31]
 [1002]    62.625000 (3)  [4, 6, 31]
 [1003]    84.656250 (3)  [4, 6, 31]
 [1004]    59.781250 (3)  [4, 6, 31]
 [1005]    65.625000 (3)  [4, 6, 31]
 [1006]    67.578125 (2)  [4, 6]
 [1007]    65.500000 (3)  [4, 6, 31]
 [1008]    53.937500 (2)  [4, 6]
 [1009]    55.062500 (2)  [4, 6]
 [1010]    48.593750 (2)  [4, 6]
 [1011]    63.734375 (2)  [4, 6]
 [1012]    43.390625 (3)  [4, 6, 31]
 [1013]    42.187500 (3)  [4, 6, 31]