

 [80] ******************************************************

 [20 , 28, 42]  131347.645610 vs 127480.964845 >>  3866.680765  :  20.984375  (17)
[2]    2  [20, 42]
[39]    1  [20, 42]
[43]    0  [28, 42]
[44]    1  [42]
[45]    0  [28]
[83]    1  [20, 42]
[219]    1  [20]
[232]    1  [42]
[251]    0  [20, 28]
[272]    1  [28, 42]
[303]    1  [28, 42]
[333]    0  [42]
[368]    0  [28, 42]
[454]    3  [20, 28, 42]
[461]    5  [20, 28, 42]
[517]    1  [20]
[598]    1  [28, 42]
[639]    0  [20]
[666]    1  [28]
[767]    1  [28]

 [70] ******************************************************

 [3 , 42, 55]  109138.657973 vs 107221.057485 >>  1917.600489  :  65.031250  (44)
[8]    13  [3, 42, 55]
[39]    0  [42]
[41]    1  [55]
[43]    0  [55]
[44]    3  [42]
[45]    3  [55]
[63]    1  [42, 55]
[73]    1  [3, 42]
[74]    0  [3]
[83]    2  [42, 55]
[87]    1  [55]
[91]    1  [3, 42, 55]
[110]    0  [55]
[113]    1  [55]
[114]    2  [3]
[115]    2  [55]
[140]    0  [42]
[150]    1  [3]
[164]    1  [55]
[173]    0  [42, 55]
[177]    0  [42, 55]
[182]    1  [3, 55]
[197]    1  [3, 55]
[198]    1  [55]
[199]    0  [42, 55]
[219]    2  [3]
[229]    3  [55]
[231]    1  [42]
[245]    2  [3, 55]
[251]    1  [42]
[262]    0  [3, 42]
[265]    2  [3, 55]
[289]    1  [42]
[297]    0  [3]
[298]    1  [3, 42]
[301]    0  [3, 55]
[306]    0  [3, 42, 55]
[307]    1  [3, 42]
[308]    1  [55]
[339]    1  [3, 55]
[360]    1  [42, 55]
[368]    1  [42]
[395]    1  [55]
[399]    0  [3, 55]
[402]    1  [3, 55]
[461]    6  [42]
[598]    0  [42]
[801]    2  [3, 55]
[840]    2  [3, 55]
[872]    0  [42, 55]

 [60] ******************************************************

 [33 , 42, 55]  95498.035203 vs 93790.273196 >>  1707.762007  :  603.031250  (71)
[1]    13  [33, 42, 55]
[2]    31  [33, 42, 55]
[3]    16  [33, 42, 55]
[5]    23  [33, 42]
[6]    20  [33, 42, 55]
[7]    51  [33, 42, 55]
[8]    41  [33, 42, 55]
[9]    13  [33, 42]
[10]    35  [33, 42, 55]
[11]    47  [33, 42, 55]
[41]    4  [55]
[42]    4  [33, 42]
[43]    0  [55]
[44]    8  [42]
[63]    3  [55]
[73]    3  [55]
[83]    4  [42, 55]
[87]    1  [55]
[91]    1  [33, 42]
[110]    3  [55]
[114]    1  [55]
[115]    1  [55]
[141]    2  [33]
[151]    1  [42]
[159]    1  [55]
[165]    0  [55]
[171]    3  [33, 55]
[195]    2  [55]
[198]    2  [55]
[200]    0  [33]
[202]    0  [55]
[210]    4  [33, 55]
[213]    2  [55]
[215]    1  [55]
[220]    3  [55]
[225]    1  [55]
[226]    2  [33, 55]
[227]    4  [33, 55]
[235]    1  [42]
[251]    2  [33]
[264]    2  [55]
[269]    1  [42]
[298]    1  [33]
[299]    1  [55]
[306]    1  [55]
[307]    3  [55]
[308]    2  [55]
[334]    3  [42]
[338]    1  [55]
[354]    0  [33, 42]
[367]    0  [55]
[395]    4  [55]
[399]    2  [55]
[400]    2  [33]
[402]    3  [55]
[459]    1  [42]
[600]    3  [55]
[796]    1  [55]
[872]    4  [55]
[976]    1  [55]
[978]    1  [33]
[993]    21  [33, 42, 55]
[994]    32  [33, 42, 55]
[995]    25  [33, 42, 55]
[996]    24  [33, 42, 55]
[997]    21  [33, 42, 55]
[998]    23  [33, 42, 55]
[1002]    17  [33, 42, 55]
[1011]    15  [33, 42, 55]
[1012]    24  [33, 42, 55]
[1013]    10  [33, 55]

 [50] ******************************************************

 [33 , 42, 55]  84826.251863 vs 83705.154019 >>  1121.097844  :  868.890625  (67)
[1]    15  [33, 42, 55]
[2]    69  [33, 42, 55]
[3]    51  [33, 42, 55]
[4]    29  [33, 42]
[5]    53  [33, 42]
[6]    50  [33, 42, 55]
[7]    53  [33, 42, 55]
[8]    44  [33, 42, 55]
[9]    39  [33, 42]
[10]    46  [33, 42, 55]
[11]    52  [33, 42, 55]
[43]    2  [55]
[44]    4  [42]
[53]    0  [55]
[63]    5  [55]
[78]    2  [55]
[87]    2  [55]
[91]    4  [33, 42]
[92]    3  [42, 55]
[110]    0  [55]
[115]    3  [55]
[165]    2  [55]
[171]    1  [55]
[177]    2  [55]
[179]    2  [42, 55]
[198]    2  [55]
[204]    2  [33, 55]
[207]    4  [55]
[210]    3  [55]
[227]    8  [33]
[228]    1  [33, 42, 55]
[237]    1  [33]
[243]    2  [55]
[245]    4  [55]
[247]    2  [55]
[250]    0  [55]
[251]    2  [33]
[265]    0  [55]
[272]    3  [55]
[292]    0  [33]
[298]    0  [33]
[299]    1  [55]
[307]    4  [55]
[308]    5  [55]
[309]    1  [55]
[321]    3  [55]
[367]    1  [55]
[369]    2  [55]
[394]    1  [55]
[399]    3  [55]
[418]    2  [33]
[454]    0  [42]
[738]    2  [55]
[796]    3  [55]
[859]    1  [42]
[938]    5  [55]
[971]    3  [42]
[993]    23  [33, 42, 55]
[994]    37  [33, 42, 55]
[995]    32  [33, 42, 55]
[996]    28  [33, 42, 55]
[997]    33  [33, 42, 55]
[998]    27  [33, 42, 55]
[1002]    25  [33, 42, 55]
[1011]    23  [33, 42, 55]
[1012]    34  [33, 42, 55]
[1013]    7  [33, 55]

 [40] ******************************************************

 [33 , 42, 55]  73554.422273 vs 72771.701286 >>  782.720987  :  1063.046875  (65)
[1]    29  [33, 42, 55]
[2]    72  [33, 42, 55]
[3]    64  [33, 42, 55]
[4]    47  [33, 42]
[5]    67  [33, 42]
[6]    53  [33, 42, 55]
[7]    65  [33, 42, 55]
[8]    46  [33, 42, 55]
[9]    53  [33, 42]
[10]    56  [33, 42, 55]
[11]    51  [33, 42, 55]
[53]    5  [55]
[54]    2  [33]
[55]    2  [42]
[63]    1  [55]
[79]    1  [55]
[87]    9  [55]
[92]    4  [42, 55]
[110]    6  [55]
[115]    1  [55]
[171]    7  [55]
[173]    6  [55]
[202]    0  [55]
[204]    1  [33, 55]
[207]    6  [55]
[210]    1  [55]
[215]    1  [55]
[221]    2  [42]
[225]    9  [55]
[235]    4  [42]
[243]    4  [55]
[244]    7  [55]
[245]    0  [55]
[263]    0  [33]
[264]    6  [55]
[272]    1  [55]
[295]    6  [55]
[300]    2  [55]
[302]    2  [33]
[307]    2  [55]
[308]    2  [55]
[309]    4  [55]
[328]    5  [55]
[338]    3  [55]
[369]    1  [55]
[394]    3  [55]
[401]    0  [42]
[447]    6  [55]
[746]    3  [55]
[796]    0  [55]
[861]    1  [33]
[874]    3  [55]
[876]    3  [55]
[938]    4  [55]
[993]    35  [33, 42, 55]
[994]    46  [33, 42, 55]
[995]    41  [33, 42, 55]
[996]    32  [33, 42, 55]
[997]    42  [33, 42, 55]
[998]    28  [33, 42, 55]
[1002]    25  [33, 42, 55]
[1011]    20  [33, 42, 55]
[1012]    32  [33, 42, 55]
[1013]    19  [33, 55]
[1014]    5  [33, 42, 55]

 [30] ******************************************************

 [33 , 42, 50]  62483.579989 vs 61839.184604 >>  644.395385  :  1166.953125  (59)
[0]    37  [33, 42, 50]
[1]    3  [33, 42]
[2]    72  [33, 42]
[3]    68  [33, 42]
[4]    38  [33, 42]
[5]    58  [33, 42]
[6]    68  [33, 42]
[7]    57  [33, 42, 50]
[8]    36  [33, 42]
[9]    49  [33, 42]
[10]    45  [33, 42, 50]
[11]    43  [33, 42, 50]
[32]    15  [33, 50]
[38]    0  [50]
[54]    7  [33]
[55]    6  [42]
[62]    0  [42]
[92]    2  [33, 42]
[175]    6  [42]
[179]    4  [42]
[192]    11  [33, 42, 50]
[203]    0  [33, 50]
[211]    5  [42]
[225]    2  [50]
[241]    1  [42]
[256]    11  [33, 50]
[261]    6  [33, 50]
[288]    16  [33, 50]
[291]    1  [42]
[294]    5  [33]
[308]    2  [50]
[320]    12  [42, 50]
[321]    2  [42]
[323]    1  [50]
[328]    2  [50]
[369]    6  [33]
[376]    20  [33]
[602]    3  [33]
[672]    55  [33, 42, 50]
[697]    8  [50]
[704]    11  [33, 42, 50]
[736]    28  [33, 42, 50]
[746]    1  [50]
[775]    5  [50]
[782]    5  [50]
[876]    0  [50]
[926]    7  [50]
[940]    3  [42]
[992]    11  [33, 50]
[993]    28  [33, 42]
[994]    32  [33, 42]
[995]    21  [33, 42]
[996]    12  [33, 42]
[997]    30  [33, 42]
[998]    14  [33, 42]
[1002]    11  [33, 42]
[1011]    37  [33, 42]
[1012]    59  [33, 42, 50]
[1013]    25  [33]
[1014]    54  [33, 50]