

 [80] ******************************************************

 [20 , 39, 61]  131347.645610 vs 126970.499103 >>  4377.146506  :  92.515625  (1)
[466]    93  [20, 39, 61]

 [70] ******************************************************

 [18 , 20, 61]  109138.657973 vs 105878.482420 >>  3260.175553  :  260.953125  (2)
[466]    198  [20, 61]
[467]    63  [18, 20]

 [60] ******************************************************

 [18 , 20, 44]  95498.035203 vs 92557.037729 >>  2940.997474  :  389.046875  (3)
[463]    86  [44]
[466]    215  [20, 44]
[467]    89  [18, 20]

 [50] ******************************************************

 [17 , 18, 20]  84826.251863 vs 82458.091936 >>  2368.159928  :  581.359375  (3)
[466]    284  [17, 20]
[467]    198  [18, 20]
[618]    99  [17, 20]

 [40] ******************************************************

 [18 , 20, 44]  73554.422273 vs 71648.656694 >>  1905.765579  :  931.921875  (3)
[463]    171  [44]
[466]    502  [20, 44]
[467]    259  [18, 20]

 [30] ******************************************************

 [17 , 18, 20]  62483.579989 vs 61265.155747 >>  1218.424242  :  1088.640625  (3)
[466]    621  [17, 20]
[467]    253  [18, 20]
[618]    215  [17, 20]