

 [80] ******************************************************

 [10 , 22, 25]  192129.397680 vs 188296.086634 >>  3833.311046  :  298.187500  (2)
[25]    136  [10, 22, 25]
[192]    163  [10, 22, 25]
[128]    123  [38, 47]
[192]    112  [25, 47]
[822]    62  [25, 38, 47]
[128]    81  [47]
[184]    86  [25, 35]
[192]    124  [25, 35, 47]
[6]    77  [25, 29, 35]
[184]    86  [25, 35]
[192]    124  [25, 29, 35]
[128]    116  [22, 47]
[192]    168  [22, 25, 47]

 [70] ******************************************************

 [35 , 38, 47]  159044.609240 vs 155899.973892 >>  3144.635348  :  732.234375  (3)
[128]    268  [38, 47]
[184]    252  [35]
[822]    221  [35, 38, 47]
[128]    227  [47]
[184]    253  [25, 35]
[192]    226  [25, 35, 47]
[184]    253  [25, 35]
[192]    210  [25, 35]
[822]    233  [25, 35, 38]
[8]    160  [33, 38, 47]
[128]    300  [33, 38, 47]
[822]    237  [33, 38, 47]
[128]    268  [38, 47]
[192]    214  [25, 47]
[822]    214  [25, 38, 47]

 [60] ******************************************************

 [29 , 35, 47]  136158.699355 vs 133580.479666 >>  2578.219690  :  1188.937500  (3)
[6]    361  [29, 35, 47]
[128]    461  [47]
[184]    371  [35]
[6]    349  [29]
[28]    308  [29, 47, 57]
[128]    495  [47, 57]
[14]    314  [30, 35, 47]
[128]    467  [30, 47]
[184]    371  [35]
[128]    503  [38, 47]
[184]    371  [35]
[822]    271  [35, 38, 47]
[6]    349  [29]
[14]    316  [29, 30, 47]
[128]    467  [30, 47]

 [50] ******************************************************

 [27 , 33, 47]  118403.661005 vs 115738.404456 >>  2665.256549  :  1560.984375  (3)
[8]    415  [27, 33, 47]
[22]    498  [27, 33, 47]
[128]    647  [27, 33, 47]
[128]    631  [38, 47]
[184]    473  [35]
[822]    463  [35, 38, 47]
[22]    473  [27, 35, 47]
[128]    596  [27, 47]
[184]    481  [27, 35]
[22]    522  [5, 27, 47]
[128]    608  [5, 27, 47]
[160]    420  [5, 27, 47]
[22]    458  [27, 47]
[128]    634  [27, 38, 47]
[822]    430  [38, 47]

 [40] ******************************************************

 [10 , 27, 47]  100180.338028 vs 97646.264156 >>  2534.073872  :  1783.859375  (3)
[22]    530  [27, 47]
[25]    593  [10]
[128]    661  [10, 27, 47]
[25]    605  [10, 25]
[128]    655  [10, 47]
[192]    522  [10, 25, 47]
[25]    593  [10]
[128]    693  [10, 38, 47]
[822]    468  [10, 38, 47]
[8]    463  [27, 33, 47]
[22]    570  [27, 33, 47]
[128]    706  [27, 33, 47]
[821]    9  [27, 33]
[25]    637  [5, 10]
[128]    668  [5, 10, 47]
[160]    429  [5, 10, 47]

 [30] ******************************************************

 [10 , 38, 47]  80083.370882 vs 77855.290792 >>  2228.080089  :  2293.453125  (3)
[25]    690  [10]
[128]    928  [10, 38, 47]
[822]    676  [10, 38, 47]
[22]    588  [27, 47]
[128]    928  [27, 38, 47]
[822]    673  [38, 47]
[128]    925  [38, 47]
[192]    555  [25, 47]
[822]    701  [25, 38, 47]
[2]    529  [36, 38]
[128]    932  [36, 38, 47]
[822]    714  [36, 38, 47]
[22]    588  [27, 47]
[25]    690  [10]
[128]    896  [10, 27, 47]