

 [80] ******************************************************

 [99 , 99, 99]  152718.430809 vs 149461.962712 >>  3256.468097  :  0.000000  (0)

 [70] ******************************************************

 [4 , 17, 55]  131002.014504 vs 128870.782648 >>  2131.231857  :  7.875000  (1)
[191]    8  [4, 17, 55]

 [60] ******************************************************

 [4 , 7, 37]  116495.898057 vs 114607.362944 >>  1888.535113  :  62.281250  (4)
[970]    5  [4, 7, 37]
[972]    26  [4, 7, 37]
[1000]    31  [4]
[1001]    0  [4, 7]

 [50] ******************************************************

 [2 , 9, 27]  102911.142500 vs 100458.951612 >>  2452.190888  :  176.375000  (6)
[343]    24  [2, 9, 27]
[707]    60  [2, 9, 27]
[740]    15  [2, 9, 27]
[768]    4  [2]
[837]    60  [2, 9, 27]
[945]    12  [2, 9, 27]

 [40] ******************************************************

 [2 , 9, 27]  88822.025518 vs 86625.478084 >>  2196.547434  :  962.156250  (7)
[311]    237  [2, 27]
[678]    4  [2, 27]
[707]    236  [2, 9, 27]
[736]    0  [27]
[740]    299  [2, 9, 27]
[768]    4  [2]
[837]    182  [2, 9, 27]

 [30] ******************************************************

 [2 , 12, 27]  72878.288091 vs 70993.699749 >>  1884.588341  :  2633.515625  (25)
[93]    7  [2, 12, 27]
[295]    39  [2, 12, 27]
[311]    244  [2, 12, 27]
[343]    314  [2, 12, 27]
[359]    1  [2, 12, 27]
[391]    72  [2, 12, 27]
[421]    3  [27]
[455]    78  [2, 12, 27]
[487]    114  [2, 12]
[519]    26  [2, 12]
[678]    202  [2, 12, 27]
[707]    274  [2, 27]
[740]    525  [2, 12, 27]
[770]    162  [12]
[771]    13  [2, 27]
[800]    29  [12]
[801]    59  [2, 12]
[805]    212  [2, 12, 27]
[832]    60  [2, 12]
[834]    64  [2, 12]
[835]    36  [12]
[837]    68  [2, 12, 27]
[864]    37  [12, 27]
[897]    6  [12]
[899]    11  [2, 12, 27]
[932]    6  [2, 12, 27]