

 Use image  :  cameraman.bmp




  Relationship between basis and replaceable basis


  Number of basis used : 0, 1 


  [basis number] : Number of substitutable basis for basis number 


 *Total on the right : Number of replacements (Be done)

  Total below : Number of replacements (To do)


  Of the amount of improvement  : 0 ~ 100.000000

----------------------------------------------------------------------------------

 +----+----+----+----+----+----+----+----+----+----+----+----+----+----+----+----+----+----+----+----+----+----+----+----+----+----+----+----+----+----+----+----+----+----+----+----+----+----+----+----+----+----+----+----+----+----+----+----+----+----+----+----+----+----+----+----+----+----+----+----+----+----+----+----+----+----+
 | ## |[ 0]|[ 1]|[ 2]|[ 3]|[ 4]|[ 5]|[ 6]|[ 7]|[ 8]|[ 9]|[10]|[11]|[12]|[13]|[14]|[15]|[16]|[17]|[18]|[19]|[20]|[21]|[22]|[23]|[24]|[25]|[26]|[27]|[28]|[29]|[30]|[31]|[32]|[33]|[34]|[35]|[36]|[37]|[38]|[39]|[40]|[41]|[42]|[43]|[44]|[45]|[46]|[47]|[48]|[49]|[50]|[51]|[52]|[53]|[54]|[55]|[56]|[57]|[58]|[59]|[60]|[61]|[62]|[63]| ## |                                                                                    
 +----+----+----+----+----+----+----+----+----+----+----+----+----+----+----+----+----+----+----+----+----+----+----+----+----+----+----+----+----+----+----+----+----+----+----+----+----+----+----+----+----+----+----+----+----+----+----+----+----+----+----+----+----+----+----+----+----+----+----+----+----+----+----+----+----+----+
 |[ 0]| ## |  51|    |  54|  58|    |  52|  52|  51|  53|    |  59|    |    |  52|  59|  54|    |    |  56|  52|    |    |  54|  53|    |  50|    |  63|    |  53|  50|    |  51|    |  58|  56|  52|  52|    |    |  54|  54|    |    |    |  57|    |  54|    |  52|  53|  56|  50|    |  50|  56|  52|    |  52|  60|    |    |  56|[ 0]|
 +----+----+----+----+----+----+----+----+----+----+----+----+----+----+----+----+----+----+----+----+----+----+----+----+----+----+----+----+----+----+----+----+----+----+----+----+----+----+----+----+----+----+----+----+----+----+----+----+----+----+----+----+----+----+----+----+----+----+----+----+----+----+----+----+----+----+
 |[ 1]|  50| ## |    |  50|  58|    |    |    |  50|  55|    |  54|    |    |  50|  56|  56|    |    |  57|  51|    |    |  56|  51|    |    |    |  57|    |  53|  52|    |  53|    |  58|  56|  53|  54|  54|  50|  53|  58|    |  51|  52|  57|  51|    |    |  51|  50|  57|  50|    |    |  57|  53|    |  54|  57|    |    |  55|[ 1]|
 +----+----+----+----+----+----+----+----+----+----+----+----+----+----+----+----+----+----+----+----+----+----+----+----+----+----+----+----+----+----+----+----+----+----+----+----+----+----+----+----+----+----+----+----+----+----+----+----+----+----+----+----+----+----+----+----+----+----+----+----+----+----+----+----+----+----+
 |[ 2]|    |    | ## |  50|  61|    |  50|    |  51|  54|    |  60|    |  50|  50|  57|  51|    |    |  56|  55|    |  52|  55|    |    |  52|    |  62|    |  55|  56|    |  56|    |  53|  56|  51|  55|  52|  52|  56|  55|    |    |  51|  59|    |  53|    |  51|  53|  59|  50|    |    |  54|  52|    |  54|  59|    |    |  55|[ 2]|
 +----+----+----+----+----+----+----+----+----+----+----+----+----+----+----+----+----+----+----+----+----+----+----+----+----+----+----+----+----+----+----+----+----+----+----+----+----+----+----+----+----+----+----+----+----+----+----+----+----+----+----+----+----+----+----+----+----+----+----+----+----+----+----+----+----+----+
 |[ 3]|  51|    |    | ## |  56|    |  50|    |    |  52|    |  61|    |    |  50|  59|  52|    |    |  57|  55|    |  51|  52|  51|    |  54|    |  57|    |  53|  54|    |  56|    |  55|  55|  55|  51|  53|    |  50|  57|    |    |  51|  59|    |    |    |  51|  55|  55|    |    |    |  54|  55|    |  53|  58|    |    |  54|[ 3]|
 +----+----+----+----+----+----+----+----+----+----+----+----+----+----+----+----+----+----+----+----+----+----+----+----+----+----+----+----+----+----+----+----+----+----+----+----+----+----+----+----+----+----+----+----+----+----+----+----+----+----+----+----+----+----+----+----+----+----+----+----+----+----+----+----+----+----+
 |[ 4]|    |    |    |    | ## |    |    |    |    |    |    |  58|    |  50|    |  54|  50|    |    |  57|  50|    |    |  52|    |    |  51|    |  56|    |  56|  50|    |  50|    |  56|  50|  51|    |  52|    |  54|  53|    |    |    |  58|    |    |    |  52|  54|  58|    |    |    |  54|  50|    |  52|  53|    |    |  55|[ 4]|
 +----+----+----+----+----+----+----+----+----+----+----+----+----+----+----+----+----+----+----+----+----+----+----+----+----+----+----+----+----+----+----+----+----+----+----+----+----+----+----+----+----+----+----+----+----+----+----+----+----+----+----+----+----+----+----+----+----+----+----+----+----+----+----+----+----+----+
 |[ 5]|    |    |    |    |  61| ## |    |  51|    |  52|    |  59|    |  50|    |  58|  53|    |    |  56|  51|    |    |  54|    |    |    |    |  58|    |  50|    |    |  55|    |  57|    |  50|    |  54|  50|  52|  55|    |    |    |  56|    |    |    |  52|  52|  56|    |    |    |  55|  51|    |  54|  54|    |    |  54|[ 5]|
 +----+----+----+----+----+----+----+----+----+----+----+----+----+----+----+----+----+----+----+----+----+----+----+----+----+----+----+----+----+----+----+----+----+----+----+----+----+----+----+----+----+----+----+----+----+----+----+----+----+----+----+----+----+----+----+----+----+----+----+----+----+----+----+----+----+----+
 |[ 6]|    |    |    |  50|  60|    | ## |    |    |  50|    |  58|    |  50|    |  58|  53|    |    |  55|  50|  50|    |  53|    |    |    |    |  53|    |  54|  52|    |  54|    |  56|  53|  50|  52|  50|    |  54|  53|    |  51|    |  56|    |  52|  53|  52|  54|  54|  50|    |    |  54|  51|    |  53|  54|    |    |  54|[ 6]|
 +----+----+----+----+----+----+----+----+----+----+----+----+----+----+----+----+----+----+----+----+----+----+----+----+----+----+----+----+----+----+----+----+----+----+----+----+----+----+----+----+----+----+----+----+----+----+----+----+----+----+----+----+----+----+----+----+----+----+----+----+----+----+----+----+----+----+
 |[ 7]|  50|    |    |  51|  57|  51|    | ## |  54|  55|    |  58|    |  51|  50|  58|  54|    |    |  53|  53|  50|  51|  52|  50|    |  54|    |  59|    |  55|    |    |  56|    |  52|  52|  53|  55|  52|  51|  56|  53|  50|    |    |  59|    |  54|  51|  54|  55|  57|    |    |    |  57|  51|    |  55|  53|    |    |  53|[ 7]|
 +----+----+----+----+----+----+----+----+----+----+----+----+----+----+----+----+----+----+----+----+----+----+----+----+----+----+----+----+----+----+----+----+----+----+----+----+----+----+----+----+----+----+----+----+----+----+----+----+----+----+----+----+----+----+----+----+----+----+----+----+----+----+----+----+----+----+
 |[ 8]|  50|  51|    |  51|  61|    |  50|  54| ## |  53|    |  58|  52|    |    |  63|  56|    |    |  55|  57|    |  51|  57|  50|    |  53|    |  61|    |  55|  51|    |  57|    |  58|  56|  54|  53|  52|    |  54|  53|    |    |  50|  61|    |  51|    |  52|  55|  57|    |    |  52|  57|  55|    |  54|  53|    |    |  55|[ 8]|
 +----+----+----+----+----+----+----+----+----+----+----+----+----+----+----+----+----+----+----+----+----+----+----+----+----+----+----+----+----+----+----+----+----+----+----+----+----+----+----+----+----+----+----+----+----+----+----+----+----+----+----+----+----+----+----+----+----+----+----+----+----+----+----+----+----+----+
 |[ 9]|    |  51|    |  50|  59|    |    |  51|    | ## |    |  56|  50|    |    |  54|  50|    |    |  54|  54|  51|    |  50|    |    |  53|    |  60|    |  53|  51|    |  56|    |  53|  55|  53|  53|  52|    |  54|  57|    |    |  52|  57|    |  51|    |    |  54|  59|  50|    |    |  57|    |    |  55|  57|    |    |  54|[ 9]|
 +----+----+----+----+----+----+----+----+----+----+----+----+----+----+----+----+----+----+----+----+----+----+----+----+----+----+----+----+----+----+----+----+----+----+----+----+----+----+----+----+----+----+----+----+----+----+----+----+----+----+----+----+----+----+----+----+----+----+----+----+----+----+----+----+----+----+
 |[10]|  50|    |    |  53|  60|    |    |    |    |  52| ## |  57|  51|  50|    |  56|  52|    |    |  57|  52|    |    |  56|    |    |  51|    |  56|    |  55|    |    |  53|    |  57|  56|  52|    |    |  50|  53|  55|    |    |    |  55|    |    |    |  50|  51|  54|  50|    |    |  54|    |    |  58|  56|    |    |  54|[10]|
 +----+----+----+----+----+----+----+----+----+----+----+----+----+----+----+----+----+----+----+----+----+----+----+----+----+----+----+----+----+----+----+----+----+----+----+----+----+----+----+----+----+----+----+----+----+----+----+----+----+----+----+----+----+----+----+----+----+----+----+----+----+----+----+----+----+----+
 |[11]|    |    |    |  54|  64|  51|  51|    |    |  51|    | ## |    |    |    |  61|  53|    |    |  58|  52|    |    |  55|    |    |  53|    |  57|    |  53|  52|    |  53|    |  56|  53|  51|  50|  52|  50|  52|  58|  50|    |  51|  60|  50|  52|    |  51|  57|  58|    |    |  51|  57|  50|    |  55|  55|    |    |  57|[11]|
 +----+----+----+----+----+----+----+----+----+----+----+----+----+----+----+----+----+----+----+----+----+----+----+----+----+----+----+----+----+----+----+----+----+----+----+----+----+----+----+----+----+----+----+----+----+----+----+----+----+----+----+----+----+----+----+----+----+----+----+----+----+----+----+----+----+----+
 |[12]|    |    |    |  51|  64|    |  52|    |  52|  55|    |  56| ## |    |  51|  56|  54|    |  50|  60|  51|    |    |  56|  52|    |  50|    |  61|    |  58|  52|    |  56|    |  59|  56|  55|    |  54|    |  57|  53|    |  51|  53|  60|    |    |  51|  54|  57|  56|  52|    |    |  58|  50|    |  58|  53|    |    |  58|[12]|
 +----+----+----+----+----+----+----+----+----+----+----+----+----+----+----+----+----+----+----+----+----+----+----+----+----+----+----+----+----+----+----+----+----+----+----+----+----+----+----+----+----+----+----+----+----+----+----+----+----+----+----+----+----+----+----+----+----+----+----+----+----+----+----+----+----+----+
 |[13]|    |    |    |  51|  65|  51|  52|  51|    |  50|    |  59|    | ## |    |  57|  53|    |    |  57|  52|  52|    |  55|  51|    |  51|    |  60|    |  56|  52|    |  55|    |  56|  55|  55|  50|  55|  51|  55|  55|    |    |    |  63|  51|  51|  52|  55|  52|  57|    |    |    |  57|  51|    |  55|  54|    |    |  56|[13]|
 +----+----+----+----+----+----+----+----+----+----+----+----+----+----+----+----+----+----+----+----+----+----+----+----+----+----+----+----+----+----+----+----+----+----+----+----+----+----+----+----+----+----+----+----+----+----+----+----+----+----+----+----+----+----+----+----+----+----+----+----+----+----+----+----+----+----+
 |[14]|  51|  51|    |  53|  61|    |  52|  52|    |  53|    |  58|  51|  50| ## |  56|  53|    |    |  57|  53|    |    |  50|  51|    |  52|    |  57|    |  55|    |    |  50|    |  58|  54|  54|  51|  55|  51|  56|  56|    |  50|    |  57|    |  52|  50|  54|  55|  57|  50|    |    |  59|  52|    |  59|  54|  50|    |  54|[14]|
 +----+----+----+----+----+----+----+----+----+----+----+----+----+----+----+----+----+----+----+----+----+----+----+----+----+----+----+----+----+----+----+----+----+----+----+----+----+----+----+----+----+----+----+----+----+----+----+----+----+----+----+----+----+----+----+----+----+----+----+----+----+----+----+----+----+----+
 |[15]|  50|    |    |  53|  60|  51|  52|  50|  55|  51|    |  63|    |    |    | ## |  55|    |  50|  57|  53|    |    |  58|  50|    |  50|    |  59|    |  58|  52|    |  52|    |  57|  57|  50|  54|  51|  51|  56|  55|    |    |    |  57|    |    |    |  53|  57|  55|    |    |    |  57|  52|    |  55|  55|    |    |  53|[15]|
 +----+----+----+----+----+----+----+----+----+----+----+----+----+----+----+----+----+----+----+----+----+----+----+----+----+----+----+----+----+----+----+----+----+----+----+----+----+----+----+----+----+----+----+----+----+----+----+----+----+----+----+----+----+----+----+----+----+----+----+----+----+----+----+----+----+----+
 |[16]|    |  51|    |    |  59|    |    |    |  50|    |    |  57|    |    |    |  58| ## |    |    |  59|  51|    |    |  55|    |    |  50|    |  58|    |  53|  51|    |  56|    |  58|  58|  51|  54|  53|  50|  54|  54|    |    |    |  62|  50|  52|    |    |  52|  59|    |    |    |  56|  51|    |  58|  56|    |    |  54|[16]|
 +----+----+----+----+----+----+----+----+----+----+----+----+----+----+----+----+----+----+----+----+----+----+----+----+----+----+----+----+----+----+----+----+----+----+----+----+----+----+----+----+----+----+----+----+----+----+----+----+----+----+----+----+----+----+----+----+----+----+----+----+----+----+----+----+----+----+
 |[17]|    |    |  50|  50|  62|  50|  50|  52|    |  54|    |  61|  51|    |    |  58|  56| ## |    |  60|  52|    |  50|  53|  50|    |  51|    |  56|    |  54|  53|    |    |    |  61|  54|  55|  54|  52|    |  55|  56|    |    |  51|  58|    |  54|  50|  54|  57|  58|  50|    |    |  57|  51|    |  53|  55|    |    |  56|[17]|
 +----+----+----+----+----+----+----+----+----+----+----+----+----+----+----+----+----+----+----+----+----+----+----+----+----+----+----+----+----+----+----+----+----+----+----+----+----+----+----+----+----+----+----+----+----+----+----+----+----+----+----+----+----+----+----+----+----+----+----+----+----+----+----+----+----+----+
 |[18]|    |    |    |  53|  60|    |  50|  50|    |  54|    |  58|  52|    |  50|  60|  54|    | ## |  55|  55|    |  50|  53|  51|    |  53|    |  54|    |  52|  52|    |  53|    |  59|  55|  56|  52|  55|    |  55|  55|  50|    |    |  60|    |  53|    |  53|  55|  54|  50|    |    |  59|    |    |  56|  57|    |    |  55|[18]|
 +----+----+----+----+----+----+----+----+----+----+----+----+----+----+----+----+----+----+----+----+----+----+----+----+----+----+----+----+----+----+----+----+----+----+----+----+----+----+----+----+----+----+----+----+----+----+----+----+----+----+----+----+----+----+----+----+----+----+----+----+----+----+----+----+----+----+
 |[19]|    |    |    |  50|  63|    |    |    |    |  50|    |  58|  51|    |    |  56|  55|    |    | ## |  54|    |    |  55|  51|    |  51|    |  56|    |  52|  51|    |  53|    |  57|  54|  54|  52|  52|    |  55|  55|    |    |  52|  60|    |  50|    |  55|  53|  60|    |    |    |  57|    |    |  52|  57|    |    |  52|[19]|
 +----+----+----+----+----+----+----+----+----+----+----+----+----+----+----+----+----+----+----+----+----+----+----+----+----+----+----+----+----+----+----+----+----+----+----+----+----+----+----+----+----+----+----+----+----+----+----+----+----+----+----+----+----+----+----+----+----+----+----+----+----+----+----+----+----+----+
 |[20]|    |    |    |  53|  60|    |    |    |  53|  54|    |  56|    |    |    |  56|  53|    |    |  59| ## |    |  51|  55|  50|    |  51|    |  61|    |  55|  50|    |  52|    |  55|  55|  52|  53|  52|    |  54|  55|    |    |  51|  57|    |  51|    |  50|  52|  55|  50|    |    |  59|  50|    |  54|  59|    |    |  52|[20]|
 +----+----+----+----+----+----+----+----+----+----+----+----+----+----+----+----+----+----+----+----+----+----+----+----+----+----+----+----+----+----+----+----+----+----+----+----+----+----+----+----+----+----+----+----+----+----+----+----+----+----+----+----+----+----+----+----+----+----+----+----+----+----+----+----+----+----+
 |[21]|    |    |    |  50|  62|    |  52|  50|    |  55|    |  56|    |  51|    |  56|  54|    |    |  57|  50| ## |  54|  54|    |    |  51|    |  56|    |  53|    |    |  54|    |  59|  54|  55|  52|  50|    |  56|  55|  52|    |    |  61|    |    |    |  51|  56|  57|    |    |    |  59|  51|    |  56|  54|    |    |  54|[21]|
 +----+----+----+----+----+----+----+----+----+----+----+----+----+----+----+----+----+----+----+----+----+----+----+----+----+----+----+----+----+----+----+----+----+----+----+----+----+----+----+----+----+----+----+----+----+----+----+----+----+----+----+----+----+----+----+----+----+----+----+----+----+----+----+----+----+----+
 |[22]|    |    |    |  53|  56|    |  51|  51|  51|  51|    |  55|    |    |    |  54|  52|    |    |  56|  55|  54| ## |  54|    |    |  51|    |  55|    |  55|  52|    |  52|    |  59|  54|  53|  51|    |    |  54|  54|  54|  51|    |  55|    |  52|  50|  51|  57|  58|    |    |    |  57|  52|    |  51|  55|    |    |  55|[22]|
 +----+----+----+----+----+----+----+----+----+----+----+----+----+----+----+----+----+----+----+----+----+----+----+----+----+----+----+----+----+----+----+----+----+----+----+----+----+----+----+----+----+----+----+----+----+----+----+----+----+----+----+----+----+----+----+----+----+----+----+----+----+----+----+----+----+----+
 |[23]|    |  50|    |    |  60|    |    |    |  51|    |    |  58|  50|    |    |  60|  55|    |    |  58|  53|    |    | ## |    |    |  50|    |  55|    |  56|  52|    |  55|    |  58|  53|  52|  51|  53|  50|  52|  55|  51|    |  52|  56|  50|  52|    |  55|  55|  56|    |    |    |  56|  52|    |  56|  59|    |    |  54|[23]|
 +----+----+----+----+----+----+----+----+----+----+----+----+----+----+----+----+----+----+----+----+----+----+----+----+----+----+----+----+----+----+----+----+----+----+----+----+----+----+----+----+----+----+----+----+----+----+----+----+----+----+----+----+----+----+----+----+----+----+----+----+----+----+----+----+----+----+
 |[24]|  50|  50|    |  52|  60|    |  50|    |    |  52|    |  56|  51|    |    |  57|  53|    |    |  59|  54|    |    |  54| ## |    |    |    |  59|    |  55|  52|    |  54|    |  56|  55|  53|  51|  55|  53|  57|  54|  51|    |  52|  63|  52|  52|    |  57|  55|  53|  51|    |    |  56|    |    |  52|  56|    |    |  56|[24]|
 +----+----+----+----+----+----+----+----+----+----+----+----+----+----+----+----+----+----+----+----+----+----+----+----+----+----+----+----+----+----+----+----+----+----+----+----+----+----+----+----+----+----+----+----+----+----+----+----+----+----+----+----+----+----+----+----+----+----+----+----+----+----+----+----+----+----+
 |[25]|  52|    |    |  52|  60|    |  52|    |    |  55|    |  56|    |    |    |  59|  52|    |  50|  57|  57|    |    |  51|  54| ## |  50|    |  55|    |  51|    |    |  55|    |  52|  50|  53|  54|    |  51|  54|  54|    |    |    |  56|    |    |    |    |  54|  54|    |    |    |  50|    |    |  52|  53|    |    |  53|[25]|
 +----+----+----+----+----+----+----+----+----+----+----+----+----+----+----+----+----+----+----+----+----+----+----+----+----+----+----+----+----+----+----+----+----+----+----+----+----+----+----+----+----+----+----+----+----+----+----+----+----+----+----+----+----+----+----+----+----+----+----+----+----+----+----+----+----+----+
 |[26]|    |    |    |  53|  63|    |    |  51|  50|  55|    |  60|    |    |    |  55|  52|    |    |  57|  52|    |    |  54|    |    | ## |    |  55|    |  52|    |    |  50|    |  52|  55|  52|    |  51|  50|  52|  56|    |    |  51|  58|    |    |  51|    |  55|  60|    |    |  51|  61|  53|    |  56|  53|    |    |  55|[26]|
 +----+----+----+----+----+----+----+----+----+----+----+----+----+----+----+----+----+----+----+----+----+----+----+----+----+----+----+----+----+----+----+----+----+----+----+----+----+----+----+----+----+----+----+----+----+----+----+----+----+----+----+----+----+----+----+----+----+----+----+----+----+----+----+----+----+----+
 |[27]|    |    |    |    |  60|    |  51|    |  51|    |    |  60|    |  50|    |  56|  53|    |    |  58|  51|  51|  50|  55|    |    |  50| ## |  57|    |  52|  51|    |  53|    |  59|  54|  50|  51|    |    |  53|  53|    |    |    |  58|    |    |    |  57|  53|  57|    |    |    |  56|  51|    |  55|  54|    |    |  54|[27]|
 +----+----+----+----+----+----+----+----+----+----+----+----+----+----+----+----+----+----+----+----+----+----+----+----+----+----+----+----+----+----+----+----+----+----+----+----+----+----+----+----+----+----+----+----+----+----+----+----+----+----+----+----+----+----+----+----+----+----+----+----+----+----+----+----+----+----+
 |[28]|  51|    |    |    |  61|    |    |    |  51|  54|    |  55|  50|    |    |  56|  53|    |    |  55|  55|    |    |  51|  50|    |    |    | ## |    |  52|  50|    |  54|    |  56|  54|  52|    |  51|    |  52|  56|    |    |    |  57|    |  51|    |  53|  52|  56|    |    |    |  57|  50|    |  52|  57|    |    |  56|[28]|
 +----+----+----+----+----+----+----+----+----+----+----+----+----+----+----+----+----+----+----+----+----+----+----+----+----+----+----+----+----+----+----+----+----+----+----+----+----+----+----+----+----+----+----+----+----+----+----+----+----+----+----+----+----+----+----+----+----+----+----+----+----+----+----+----+----+----+
 |[29]|    |  51|    |  52|  62|    |  51|    |  53|  51|    |  58|    |  51|  50|  54|  58|    |    |  59|  51|    |  52|  52|  52|    |  51|    |  57| ## |  54|  55|    |  56|    |  58|  58|  53|  53|  53|    |  54|  54|  53|    |  52|  60|  52|  52|    |  52|  53|  59|  50|    |  51|  55|  54|    |  50|  55|    |    |  54|[29]|
 +----+----+----+----+----+----+----+----+----+----+----+----+----+----+----+----+----+----+----+----+----+----+----+----+----+----+----+----+----+----+----+----+----+----+----+----+----+----+----+----+----+----+----+----+----+----+----+----+----+----+----+----+----+----+----+----+----+----+----+----+----+----+----+----+----+----+
 |[30]|    |    |    |    |  65|    |  50|    |    |  51|    |  55|  51|    |    |  59|  53|    |    |  54|  53|    |    |  56|  50|    |    |    |  55|    | ## |  51|    |  52|    |  54|  52|  52|  50|  51|    |  57|  55|  53|    |  53|  58|    |    |    |  51|  53|  57|    |    |    |  58|  50|    |  54|  53|    |    |  51|[30]|
 +----+----+----+----+----+----+----+----+----+----+----+----+----+----+----+----+----+----+----+----+----+----+----+----+----+----+----+----+----+----+----+----+----+----+----+----+----+----+----+----+----+----+----+----+----+----+----+----+----+----+----+----+----+----+----+----+----+----+----+----+----+----+----+----+----+----+
 |[31]|    |  50|    |  54|  63|    |  52|    |    |  53|    |  59|  50|    |    |  58|  54|    |    |  58|  52|    |  50|  56|  50|    |    |    |  58|    |  55| ## |    |  56|    |  61|  55|  54|  53|  54|    |  52|  57|    |    |  54|  55|    |  50|    |  58|  56|  60|    |    |    |  57|  53|    |  57|  57|    |    |  55|[31]|
 +----+----+----+----+----+----+----+----+----+----+----+----+----+----+----+----+----+----+----+----+----+----+----+----+----+----+----+----+----+----+----+----+----+----+----+----+----+----+----+----+----+----+----+----+----+----+----+----+----+----+----+----+----+----+----+----+----+----+----+----+----+----+----+----+----+----+
 |[32]|  51|    |    |  52|  64|    |    |  51|  50|  51|    |  57|  51|    |  50|  57|  52|    |    |  58|  53|    |    |  55|    |    |  50|    |  58|    |  50|    | ## |  56|    |  55|  53|  53|  58|  51|  50|  52|  54|    |    |  51|  58|    |  52|    |  52|  57|  60|    |    |    |  55|    |    |  55|  57|    |    |  52|[32]|
 +----+----+----+----+----+----+----+----+----+----+----+----+----+----+----+----+----+----+----+----+----+----+----+----+----+----+----+----+----+----+----+----+----+----+----+----+----+----+----+----+----+----+----+----+----+----+----+----+----+----+----+----+----+----+----+----+----+----+----+----+----+----+----+----+----+----+
 |[33]|    |    |    |  52|  58|    |  50|  50|  51|  54|    |  56|    |    |    |  54|  55|    |    |  55|  50|    |    |  55|    |    |    |    |  58|    |  52|  52|    | ## |    |  57|  54|  51|    |  50|    |  51|  54|    |    |  50|  57|  50|  50|    |  51|  54|  58|    |    |    |  55|  51|    |  52|  56|    |    |  51|[33]|
 +----+----+----+----+----+----+----+----+----+----+----+----+----+----+----+----+----+----+----+----+----+----+----+----+----+----+----+----+----+----+----+----+----+----+----+----+----+----+----+----+----+----+----+----+----+----+----+----+----+----+----+----+----+----+----+----+----+----+----+----+----+----+----+----+----+----+
 |[34]|    |  51|    |  52|  63|    |  51|    |    |  55|    |  60|  50|  51|  52|  56|  56|    |  50|  58|  52|  51|    |  55|  50|    |  52|    |  59|    |  53|  50|    |  54| ## |  58|  55|  59|  52|  53|    |  57|  56|    |  50|  51|  60|    |  50|    |  52|  54|  59|  50|    |    |  62|  53|    |  55|  55|    |    |  56|[34]|
 +----+----+----+----+----+----+----+----+----+----+----+----+----+----+----+----+----+----+----+----+----+----+----+----+----+----+----+----+----+----+----+----+----+----+----+----+----+----+----+----+----+----+----+----+----+----+----+----+----+----+----+----+----+----+----+----+----+----+----+----+----+----+----+----+----+----+
 |[35]|    |    |    |    |  63|    |  50|    |    |    |    |  57|  50|    |    |  56|  54|    |    |  57|  51|  51|  50|  55|    |    |    |    |  58|    |  51|  54|    |  54|    | ## |  57|  55|  51|  51|    |  54|  58|    |  51|    |  57|    |  50|    |  52|  55|  58|  51|    |    |  58|    |    |  53|  57|    |    |  56|[35]|
 +----+----+----+----+----+----+----+----+----+----+----+----+----+----+----+----+----+----+----+----+----+----+----+----+----+----+----+----+----+----+----+----+----+----+----+----+----+----+----+----+----+----+----+----+----+----+----+----+----+----+----+----+----+----+----+----+----+----+----+----+----+----+----+----+----+----+
 |[36]|    |  50|    |  51|  58|    |    |    |  50|  53|    |  56|    |    |    |  58|  58|    |    |  56|  53|    |    |  53|  50|    |  52|    |  58|    |  52|  51|    |  54|    |  60| ## |  51|  51|  53|    |  54|  51|    |    |  51|  61|    |  50|    |  52|  53|  55|    |    |    |  59|  50|    |  55|  59|    |    |  55|[36]|
 +----+----+----+----+----+----+----+----+----+----+----+----+----+----+----+----+----+----+----+----+----+----+----+----+----+----+----+----+----+----+----+----+----+----+----+----+----+----+----+----+----+----+----+----+----+----+----+----+----+----+----+----+----+----+----+----+----+----+----+----+----+----+----+----+----+----+
 |[37]|    |    |    |  52|  61|    |    |    |    |  52|    |  55|  50|  50|    |  53|  51|    |    |  58|  52|  51|    |  54|  50|    |  50|    |  58|    |  54|  51|    |  53|  50|  59|  52| ## |    |  53|    |  55|  60|    |    |  51|  59|    |    |    |  51|  54|  60|    |    |    |  59|  54|    |  54|  56|    |    |  54|[37]|
 +----+----+----+----+----+----+----+----+----+----+----+----+----+----+----+----+----+----+----+----+----+----+----+----+----+----+----+----+----+----+----+----+----+----+----+----+----+----+----+----+----+----+----+----+----+----+----+----+----+----+----+----+----+----+----+----+----+----+----+----+----+----+----+----+----+----+
 |[38]|    |  52|    |  50|  59|    |  50|  52|  50|  55|    |  55|    |    |    |  59|  56|    |    |  58|  54|    |    |  53|    |    |    |    |  56|    |  53|  52|    |  52|    |  57|  54|  50| ## |  55|  51|  53|  57|  52|    |  51|  55|    |  52|    |  53|  51|  56|    |    |    |  57|  50|    |  54|  55|    |    |  57|[38]|
 +----+----+----+----+----+----+----+----+----+----+----+----+----+----+----+----+----+----+----+----+----+----+----+----+----+----+----+----+----+----+----+----+----+----+----+----+----+----+----+----+----+----+----+----+----+----+----+----+----+----+----+----+----+----+----+----+----+----+----+----+----+----+----+----+----+----+
 |[39]|    |  50|    |  50|  63|  50|    |    |    |  52|    |  56|    |  50|  50|  54|  54|    |    |  57|  52|    |    |  54|  51|    |    |    |  57|    |  53|  52|    |  52|    |  55|  55|  54|  53| ## |    |  55|  58|    |    |  50|  57|    |    |    |  53|  52|  59|    |    |    |  57|    |    |  56|  54|    |    |  56|[39]|
 +----+----+----+----+----+----+----+----+----+----+----+----+----+----+----+----+----+----+----+----+----+----+----+----+----+----+----+----+----+----+----+----+----+----+----+----+----+----+----+----+----+----+----+----+----+----+----+----+----+----+----+----+----+----+----+----+----+----+----+----+----+----+----+----+----+----+
 |[40]|    |  50|    |    |  63|  50|    |  50|    |  51|    |  58|    |  50|    |  58|  55|    |    |  56|    |    |    |  55|  54|    |  52|    |  55|    |  52|  51|    |  53|    |  54|  53|  51|  53|  52| ## |  56|  56|    |    |    |  57|    |  50|    |  50|  53|  55|    |    |    |  56|  54|    |  54|  53|    |    |  55|[40]|
 +----+----+----+----+----+----+----+----+----+----+----+----+----+----+----+----+----+----+----+----+----+----+----+----+----+----+----+----+----+----+----+----+----+----+----+----+----+----+----+----+----+----+----+----+----+----+----+----+----+----+----+----+----+----+----+----+----+----+----+----+----+----+----+----+----+----+
 |[41]|    |    |    |    |  63|    |  51|  50|    |  53|    |  56|  51|    |  50|  58|  54|    |    |  58|  53|  51|    |  52|  52|    |    |    |  57|    |  58|    |    |  52|    |  58|  55|  54|  51|  54|  51| ## |  56|    |    |    |  60|  51|  53|    |  50|  55|  56|    |    |    |  57|  51|    |  56|  57|    |    |  56|[41]|
 +----+----+----+----+----+----+----+----+----+----+----+----+----+----+----+----+----+----+----+----+----+----+----+----+----+----+----+----+----+----+----+----+----+----+----+----+----+----+----+----+----+----+----+----+----+----+----+----+----+----+----+----+----+----+----+----+----+----+----+----+----+----+----+----+----+----+
 |[42]|    |  50|    |  51|  60|    |    |    |    |  54|    |  60|    |    |    |  55|  51|    |    |  56|  52|    |    |  53|    |    |  51|    |  58|    |  53|  51|    |  52|    |  58|  50|  56|  53|  55|    |  53| ## |    |    |  50|  56|    |  50|    |    |  54|  58|    |    |    |  59|    |    |  53|  55|  50|    |  54|[42]|
 +----+----+----+----+----+----+----+----+----+----+----+----+----+----+----+----+----+----+----+----+----+----+----+----+----+----+----+----+----+----+----+----+----+----+----+----+----+----+----+----+----+----+----+----+----+----+----+----+----+----+----+----+----+----+----+----+----+----+----+----+----+----+----+----+----+----+
 |[43]|    |    |    |  50|  63|    |    |    |    |  51|    |  58|    |    |    |  54|  50|    |    |  55|  52|  51|  53|  56|  51|    |    |    |  54|    |  58|  50|    |  53|    |  56|  54|  53|  54|  52|    |  53|  54| ## |    |  50|  60|  50|  51|    |  52|  53|  55|    |    |    |  56|    |    |  54|  55|    |    |  51|[43]|
 +----+----+----+----+----+----+----+----+----+----+----+----+----+----+----+----+----+----+----+----+----+----+----+----+----+----+----+----+----+----+----+----+----+----+----+----+----+----+----+----+----+----+----+----+----+----+----+----+----+----+----+----+----+----+----+----+----+----+----+----+----+----+----+----+----+----+
 |[44]|    |  52|    |  52|  62|    |  54|    |    |  53|    |  55|  51|    |  50|  55|  54|    |    |  55|  50|    |  52|  53|    |    |    |    |  59|    |  53|  52|    |  55|    |  61|  53|  53|    |    |    |  52|  57|    | ## |    |  54|  50|  50|    |  55|  53|  54|  52|    |    |  56|  50|    |  54|  56|    |    |  55|[44]|
 +----+----+----+----+----+----+----+----+----+----+----+----+----+----+----+----+----+----+----+----+----+----+----+----+----+----+----+----+----+----+----+----+----+----+----+----+----+----+----+----+----+----+----+----+----+----+----+----+----+----+----+----+----+----+----+----+----+----+----+----+----+----+----+----+----+----+
 |[45]|    |  50|    |  51|  60|    |    |    |    |  54|    |  58|  51|    |    |  55|  52|    |    |  60|  53|    |    |  57|  52|    |  52|    |  57|    |  58|  54|    |  55|    |  56|  56|  55|  53|  53|    |  53|  57|    |    | ## |  58|    |  50|    |  55|  57|  61|    |    |    |  57|  52|    |  54|  54|    |    |  54|[45]|
 +----+----+----+----+----+----+----+----+----+----+----+----+----+----+----+----+----+----+----+----+----+----+----+----+----+----+----+----+----+----+----+----+----+----+----+----+----+----+----+----+----+----+----+----+----+----+----+----+----+----+----+----+----+----+----+----+----+----+----+----+----+----+----+----+----+----+
 |[46]|    |    |    |  51|  62|    |    |    |  50|  51|    |  58|    |  51|    |  54|  56|    |    |  58|  51|  50|    |  52|  53|    |  50|    |  57|    |  54|    |    |  53|    |  55|  56|  53|    |  51|    |  55|  53|  50|    |    | ## |  50|    |    |  51|  55|  58|    |    |    |  57|    |    |  52|  54|    |    |  52|[46]|
 +----+----+----+----+----+----+----+----+----+----+----+----+----+----+----+----+----+----+----+----+----+----+----+----+----+----+----+----+----+----+----+----+----+----+----+----+----+----+----+----+----+----+----+----+----+----+----+----+----+----+----+----+----+----+----+----+----+----+----+----+----+----+----+----+----+----+
 |[47]|    |  52|    |  50|  64|    |  52|    |  50|  51|    |  59|    |  51|    |  57|  56|    |    |  57|  52|  50|    |  56|  54|    |  51|    |  58|    |  55|  50|    |  57|    |  55|  54|  54|    |  52|    |  57|  54|  51|  50|    |  61| ## |    |  51|  58|  55|  59|    |    |    |  60|  53|    |  55|  58|    |    |  53|[47]|
 +----+----+----+----+----+----+----+----+----+----+----+----+----+----+----+----+----+----+----+----+----+----+----+----+----+----+----+----+----+----+----+----+----+----+----+----+----+----+----+----+----+----+----+----+----+----+----+----+----+----+----+----+----+----+----+----+----+----+----+----+----+----+----+----+----+----+
 |[48]|  50|    |    |    |  60|    |  51|  51|    |  52|    |  58|    |    |    |  54|  55|    |    |  56|  52|    |    |  55|  51|    |    |    |  58|    |  52|    |    |  53|    |  56|  53|  50|  52|    |    |  55|  55|    |    |    |  57|    | ## |    |  52|  53|  58|    |    |  51|  54|  50|    |  53|  55|    |    |  54|[48]|
 +----+----+----+----+----+----+----+----+----+----+----+----+----+----+----+----+----+----+----+----+----+----+----+----+----+----+----+----+----+----+----+----+----+----+----+----+----+----+----+----+----+----+----+----+----+----+----+----+----+----+----+----+----+----+----+----+----+----+----+----+----+----+----+----+----+----+
 |[49]|    |    |    |    |  60|    |  56|  52|    |  54|    |  57|  51|  52|  50|  56|  54|    |    |  56|  53|    |  51|  56|  50|    |  54|    |  58|    |  55|    |    |  53|    |  55|  53|  54|    |  53|  50|  54|  56|    |    |    |  59|  51|  52| ## |  51|  56|  57|    |    |    |  59|    |    |  54|  54|    |    |  52|[49]|
 +----+----+----+----+----+----+----+----+----+----+----+----+----+----+----+----+----+----+----+----+----+----+----+----+----+----+----+----+----+----+----+----+----+----+----+----+----+----+----+----+----+----+----+----+----+----+----+----+----+----+----+----+----+----+----+----+----+----+----+----+----+----+----+----+----+----+
 |[50]|    |    |    |    |  62|    |  50|  50|    |    |    |  55|    |  50|    |  56|  50|    |    |  60|  50|    |    |  57|  54|    |    |    |  60|    |  53|  55|    |  53|    |  57|  53|  52|  51|  53|    |  51|  51|    |  50|  52|  57|  53|  50|    | ## |  54|  57|    |    |    |  57|  53|    |  55|  56|    |    |  54|[50]|
 +----+----+----+----+----+----+----+----+----+----+----+----+----+----+----+----+----+----+----+----+----+----+----+----+----+----+----+----+----+----+----+----+----+----+----+----+----+----+----+----+----+----+----+----+----+----+----+----+----+----+----+----+----+----+----+----+----+----+----+----+----+----+----+----+----+----+
 |[51]|    |    |    |  51|  62|    |  50|    |    |  53|    |  60|  50|    |    |  58|  52|    |    |  56|  50|  50|  51|  55|  50|    |  51|    |  56|    |  53|  52|    |  54|    |  58|  52|  53|    |  50|    |  54|  56|    |    |  52|  59|    |  50|    |  52| ## |  58|  51|    |    |  60|  52|    |  56|  53|    |    |  55|[51]|
 +----+----+----+----+----+----+----+----+----+----+----+----+----+----+----+----+----+----+----+----+----+----+----+----+----+----+----+----+----+----+----+----+----+----+----+----+----+----+----+----+----+----+----+----+----+----+----+----+----+----+----+----+----+----+----+----+----+----+----+----+----+----+----+----+----+----+
 |[52]|    |    |    |    |  64|    |    |    |    |  55|    |  58|    |    |    |  54|  55|    |    |  60|  51|    |    |  54|    |    |  53|    |  58|    |  54|  53|    |  55|    |  57|  53|  56|  50|  54|    |  52|  57|    |    |  53|  59|  50|  52|    |  52|  55| ## |  50|    |    |  58|  52|    |  55|  54|    |    |  54|[52]|
 +----+----+----+----+----+----+----+----+----+----+----+----+----+----+----+----+----+----+----+----+----+----+----+----+----+----+----+----+----+----+----+----+----+----+----+----+----+----+----+----+----+----+----+----+----+----+----+----+----+----+----+----+----+----+----+----+----+----+----+----+----+----+----+----+----+----+
 |[53]|    |  50|    |  50|  58|    |  51|    |    |  53|    |  57|  51|    |    |  54|  53|    |    |  56|  53|    |    |  53|  52|    |  50|    |  56|    |  53|    |    |  54|    |  59|  50|  53|    |  52|    |  52|  55|    |  50|    |  57|    |  52|    |    |  56|  58| ## |  50|    |  59|    |    |  56|  55|  50|    |  51|[53]|
 +----+----+----+----+----+----+----+----+----+----+----+----+----+----+----+----+----+----+----+----+----+----+----+----+----+----+----+----+----+----+----+----+----+----+----+----+----+----+----+----+----+----+----+----+----+----+----+----+----+----+----+----+----+----+----+----+----+----+----+----+----+----+----+----+----+----+
 |[54]|  51|  51|    |    |  62|  50|    |    |    |  55|    |  55|    |    |    |  54|  57|    |    |  57|  51|    |    |  58|  50|    |  52|    |  53|    |  51|  50|    |  54|    |  57|  54|  50|  55|  54|  50|  51|  54|    |    |  50|  57|    |  50|  51|  54|  54|  59|  53| ## |    |  59|  51|    |  55|  53|    |    |  53|[54]|
 +----+----+----+----+----+----+----+----+----+----+----+----+----+----+----+----+----+----+----+----+----+----+----+----+----+----+----+----+----+----+----+----+----+----+----+----+----+----+----+----+----+----+----+----+----+----+----+----+----+----+----+----+----+----+----+----+----+----+----+----+----+----+----+----+----+----+
 |[55]|  50|    |    |  50|  63|    |  50|  50|  53|    |    |  62|    |    |    |  57|  52|    |    |  56|  54|    |    |  56|  50|    |  55|    |  58|    |  55|    |    |  52|    |  56|  55|  52|  53|  51|  50|  54|  55|    |    |  50|  60|    |  55|    |  50|  55|  54|    |    | ## |  56|  50|    |  55|  59|    |    |  54|[55]|
 +----+----+----+----+----+----+----+----+----+----+----+----+----+----+----+----+----+----+----+----+----+----+----+----+----+----+----+----+----+----+----+----+----+----+----+----+----+----+----+----+----+----+----+----+----+----+----+----+----+----+----+----+----+----+----+----+----+----+----+----+----+----+----+----+----+----+
 |[56]|    |    |    |    |  59|    |    |    |    |  52|    |  57|    |    |    |  55|  52|    |    |  56|  54|    |    |  52|    |    |  54|    |  58|    |  55|  50|    |  52|    |  57|  56|  54|  51|  52|    |  53|  57|    |    |    |  58|  50|    |    |  52|  57|  57|  50|    |    | ## |  50|    |  56|  53|    |    |  57|[56]|
 +----+----+----+----+----+----+----+----+----+----+----+----+----+----+----+----+----+----+----+----+----+----+----+----+----+----+----+----+----+----+----+----+----+----+----+----+----+----+----+----+----+----+----+----+----+----+----+----+----+----+----+----+----+----+----+----+----+----+----+----+----+----+----+----+----+----+
 |[57]|    |  50|    |  54|  62|    |    |    |  51|  51|    |  56|    |    |    |  56|  53|    |    |  54|  51|    |    |  55|    |    |  52|    |  57|    |  53|  52|    |  54|    |  54|  53|  55|  50|  50|  51|  54|  52|    |    |  50|  54|    |  50|    |  54|  55|  58|    |    |    |  56| ## |    |  51|  52|    |    |  55|[57]|
 +----+----+----+----+----+----+----+----+----+----+----+----+----+----+----+----+----+----+----+----+----+----+----+----+----+----+----+----+----+----+----+----+----+----+----+----+----+----+----+----+----+----+----+----+----+----+----+----+----+----+----+----+----+----+----+----+----+----+----+----+----+----+----+----+----+----+
 |[58]|    |    |    |    |  61|    |    |  51|    |  52|    |  61|    |    |    |  56|    |    |    |  60|  54|    |    |  54|    |    |  51|    |  58|    |  54|    |    |  53|    |  60|  54|    |  51|  54|    |  52|  59|    |    |    |  56|  50|  54|    |  55|  52|  55|    |    |    |  53|  51| ## |  54|  54|    |    |  51|[58]|
 +----+----+----+----+----+----+----+----+----+----+----+----+----+----+----+----+----+----+----+----+----+----+----+----+----+----+----+----+----+----+----+----+----+----+----+----+----+----+----+----+----+----+----+----+----+----+----+----+----+----+----+----+----+----+----+----+----+----+----+----+----+----+----+----+----+----+
 |[59]|    |    |    |    |  60|    |    |    |    |  53|    |  58|  50|    |  52|  56|  57|    |    |  55|  52|  50|    |  55|    |    |  52|    |  56|    |  53|  53|    |  52|    |  55|  54|  53|  50|  53|    |  55|  54|    |    |    |  56|    |  50|    |  52|  55|  57|  51|    |    |  59|    |    | ## |  52|    |    |  54|[59]|
 +----+----+----+----+----+----+----+----+----+----+----+----+----+----+----+----+----+----+----+----+----+----+----+----+----+----+----+----+----+----+----+----+----+----+----+----+----+----+----+----+----+----+----+----+----+----+----+----+----+----+----+----+----+----+----+----+----+----+----+----+----+----+----+----+----+----+
 |[60]|  51|    |    |  52|  60|    |    |    |    |  53|    |  57|    |    |    |  55|  54|    |    |  58|  55|    |    |  57|    |    |    |    |  60|    |  51|  51|    |  54|    |  57|  57|  53|  51|  51|    |  54|  55|    |    |    |  57|    |  51|    |  52|  51|  55|    |    |    |  55|    |    |  50| ## |    |    |  54|[60]|
 +----+----+----+----+----+----+----+----+----+----+----+----+----+----+----+----+----+----+----+----+----+----+----+----+----+----+----+----+----+----+----+----+----+----+----+----+----+----+----+----+----+----+----+----+----+----+----+----+----+----+----+----+----+----+----+----+----+----+----+----+----+----+----+----+----+----+
 |[61]|    |    |    |    |  62|    |  52|    |    |  52|    |  56|    |    |  51|  53|  53|    |    |  57|    |    |    |  52|    |    |    |    |  56|    |  52|    |    |  56|    |  58|  54|  55|  51|  52|    |  56|  60|    |    |    |  58|  50|  51|    |    |  56|  56|  53|    |    |  57|  50|    |  54|  50| ## |    |  50|[61]|
 +----+----+----+----+----+----+----+----+----+----+----+----+----+----+----+----+----+----+----+----+----+----+----+----+----+----+----+----+----+----+----+----+----+----+----+----+----+----+----+----+----+----+----+----+----+----+----+----+----+----+----+----+----+----+----+----+----+----+----+----+----+----+----+----+----+----+
 |[62]|    |    |    |  54|  60|    |    |  56|  51|  53|    |  63|    |    |  50|  56|  55|    |    |  55|  53|  50|  51|  56|    |    |  56|    |  60|    |  57|  50|    |  51|    |  56|  54|  56|  52|    |  52|  52|  56|    |    |    |  61|    |  56|  51|  54|  50|  63|  51|    |  53|  57|  51|    |  56|  56|    | ## |  51|[62]|
 +----+----+----+----+----+----+----+----+----+----+----+----+----+----+----+----+----+----+----+----+----+----+----+----+----+----+----+----+----+----+----+----+----+----+----+----+----+----+----+----+----+----+----+----+----+----+----+----+----+----+----+----+----+----+----+----+----+----+----+----+----+----+----+----+----+----+
 |[63]|    |    |    |  50|  64|    |  50|    |    |  52|    |  60|  51|  50|    |  55|  53|    |    |  54|  50|    |    |  53|  51|    |  51|    |  61|    |  51|  51|    |  51|    |  58|  55|  53|  54|  54|    |  55|  56|    |    |    |  56|    |  51|    |  52|  55|  57|    |    |    |  60|  52|    |  54|  55|    |    | ## |[63]|
 +----+----+----+----+----+----+----+----+----+----+----+----+----+----+----+----+----+----+----+----+----+----+----+----+----+----+----+----+----+----+----+----+----+----+----+----+----+----+----+----+----+----+----+----+----+----+----+----+----+----+----+----+----+----+----+----+----+----+----+----+----+----+----+----+----+----+
 | ## |[ 0]|[ 1]|[ 2]|[ 3]|[ 4]|[ 5]|[ 6]|[ 7]|[ 8]|[ 9]|[10]|[11]|[12]|[13]|[14]|[15]|[16]|[17]|[18]|[19]|[20]|[21]|[22]|[23]|[24]|[25]|[26]|[27]|[28]|[29]|[30]|[31]|[32]|[33]|[34]|[35]|[36]|[37]|[38]|[39]|[40]|[41]|[42]|[43]|[44]|[45]|[46]|[47]|[48]|[49]|[50]|[51]|[52]|[53]|[54]|[55]|[56]|[57]|[58]|[59]|[60]|[61]|[62]|[63]| ## |
 +----+----+----+----+----+----+----+----+----+----+----+----+----+----+----+----+----+----+----+----+----+----+----+----+----+----+----+----+----+----+----+----+----+----+----+----+----+----+----+----+----+----+----+----+----+----+----+----+----+----+----+----+----+----+----+----+----+----+----+----+----+----+----+----+----+----+
 | ## |[15]|[21]|[ 1]|[44]|[63]|[ 8]|[34]|[23]|[23]|[56]|[ 0]|[63]|[24]|[19]|[17]|[63]|[62]|[ 0]|[ 4]|[63]|[61]|[16]|[17]|[63]|[36]|[ 0]|[45]|[ 0]|[63]|[ 0]|[63]|[47]|[ 0]|[62]|[ 1]|[63]|[62]|[62]|[49]|[55]|[22]|[63]|[63]|[12]|[10]|[31]|[63]|[18]|[46]|[11]|[56]|[63]|[63]|[23]|[ 1]|[ 7]|[63]|[47]|[ 0]|[63]|[63]|[ 3]|[ 0]|[63]| ## |
 +----+----+----+----+----+----+----+----+----+----+----+----+----+----+----+----+----+----+----+----+----+----+----+----+----+----+----+----+----+----+----+----+----+----+----+----+----+----+----+----+----+----+----+----+----+----+----+----+----+----+----+----+----+----+----+----+----+----+----+----+----+----+----+----+----+----+






