

 Use image  :  cameraman.bmp




  Relationship between basis and replaceable basis


  Number of basis used : 0, 1 


  [basis number] : Number of substitutable basis for basis number 


 *Total on the right : Number of replacements (Be done)

  Total below : Number of replacements (To do)


  Of the amount of improvement  : 0 ~ 50.000000

----------------------------------------------------------------------------------

 +----+----+----+----+----+----+----+----+----+----+----+----+----+----+----+----+----+----+----+----+----+----+----+----+----+----+----+----+----+----+----+----+----+----+----+----+----+----+----+----+----+----+----+----+----+----+----+----+----+----+----+----+----+----+----+----+----+----+----+----+----+----+----+----+----+----+
 | ## |[ 0]|[ 1]|[ 2]|[ 3]|[ 4]|[ 5]|[ 6]|[ 7]|[ 8]|[ 9]|[10]|[11]|[12]|[13]|[14]|[15]|[16]|[17]|[18]|[19]|[20]|[21]|[22]|[23]|[24]|[25]|[26]|[27]|[28]|[29]|[30]|[31]|[32]|[33]|[34]|[35]|[36]|[37]|[38]|[39]|[40]|[41]|[42]|[43]|[44]|[45]|[46]|[47]|[48]|[49]|[50]|[51]|[52]|[53]|[54]|[55]|[56]|[57]|[58]|[59]|[60]|[61]|[62]|[63]| ## |                                                                                    
 +----+----+----+----+----+----+----+----+----+----+----+----+----+----+----+----+----+----+----+----+----+----+----+----+----+----+----+----+----+----+----+----+----+----+----+----+----+----+----+----+----+----+----+----+----+----+----+----+----+----+----+----+----+----+----+----+----+----+----+----+----+----+----+----+----+----+
 |[ 0]| ## |    |    |  52|  59|    |  52|    |    |  52|    |  58|  50|    |  50|  56|  52|    |    |  55|  52|    |    |  53|  52|    |    |    |  61|    |  53|    |    |    |    |  57|  53|  51|  51|    |    |  54|  54|    |    |    |  56|    |  54|    |  50|  51|  55|  50|    |  50|  55|  51|    |  52|  60|    |    |  58|[ 0]|
 +----+----+----+----+----+----+----+----+----+----+----+----+----+----+----+----+----+----+----+----+----+----+----+----+----+----+----+----+----+----+----+----+----+----+----+----+----+----+----+----+----+----+----+----+----+----+----+----+----+----+----+----+----+----+----+----+----+----+----+----+----+----+----+----+----+----+
 |[ 1]|    | ## |    |  50|  59|    |  50|    |  51|  53|    |  55|    |    |    |  56|  56|    |    |  57|  51|    |    |  55|  51|    |    |    |  57|    |  54|  53|    |  52|    |  58|  55|  52|  53|  54|  51|  53|  56|    |  51|  50|  57|  51|    |    |  51|  50|  57|  50|    |    |  56|  52|    |  54|  57|    |    |  55|[ 1]|
 +----+----+----+----+----+----+----+----+----+----+----+----+----+----+----+----+----+----+----+----+----+----+----+----+----+----+----+----+----+----+----+----+----+----+----+----+----+----+----+----+----+----+----+----+----+----+----+----+----+----+----+----+----+----+----+----+----+----+----+----+----+----+----+----+----+----+
 |[ 2]|    |    | ## |    |  61|    |  50|    |  50|  53|    |  59|    |    |    |  56|  50|    |    |  55|  54|    |  51|  53|    |    |  51|    |  61|    |  55|  55|    |  56|    |  52|  53|  50|  54|  50|  51|  55|  54|    |    |  50|  57|    |  52|    |  50|  50|  59|  50|    |    |  53|  51|    |  54|  59|    |    |  55|[ 2]|
 +----+----+----+----+----+----+----+----+----+----+----+----+----+----+----+----+----+----+----+----+----+----+----+----+----+----+----+----+----+----+----+----+----+----+----+----+----+----+----+----+----+----+----+----+----+----+----+----+----+----+----+----+----+----+----+----+----+----+----+----+----+----+----+----+----+----+
 |[ 3]|    |    |    | ## |  57|    |  51|    |    |  52|    |  61|    |    |    |  59|  52|    |    |  57|  56|    |  50|  51|  51|    |  52|    |  58|    |  53|  53|    |  56|    |  56|  54|  55|  50|  52|    |  51|  57|    |  50|  50|  58|    |    |    |  51|  53|  56|    |    |    |  53|  54|    |  53|  59|    |    |  55|[ 3]|
 +----+----+----+----+----+----+----+----+----+----+----+----+----+----+----+----+----+----+----+----+----+----+----+----+----+----+----+----+----+----+----+----+----+----+----+----+----+----+----+----+----+----+----+----+----+----+----+----+----+----+----+----+----+----+----+----+----+----+----+----+----+----+----+----+----+----+
 |[ 4]|    |    |    |    | ## |    |    |    |    |    |    |  57|    |    |    |  54|  50|    |    |  56|  50|    |    |  51|    |    |  51|    |  56|    |  55|    |    |    |    |  55|    |  50|    |  51|    |  52|  52|    |    |    |  56|    |    |    |  51|  52|  56|    |    |    |  54|    |    |  52|  53|    |    |  55|[ 4]|
 +----+----+----+----+----+----+----+----+----+----+----+----+----+----+----+----+----+----+----+----+----+----+----+----+----+----+----+----+----+----+----+----+----+----+----+----+----+----+----+----+----+----+----+----+----+----+----+----+----+----+----+----+----+----+----+----+----+----+----+----+----+----+----+----+----+----+
 |[ 5]|    |    |    |    |  62| ## |  50|  50|    |  50|    |  59|    |    |    |  58|  52|    |    |  55|  51|    |    |  53|    |    |    |    |  57|    |  51|  50|    |  53|    |  57|    |    |    |  54|  50|  52|  53|    |    |    |  54|    |    |    |  52|  51|  55|    |    |    |  54|    |    |  55|  55|    |    |  55|[ 5]|
 +----+----+----+----+----+----+----+----+----+----+----+----+----+----+----+----+----+----+----+----+----+----+----+----+----+----+----+----+----+----+----+----+----+----+----+----+----+----+----+----+----+----+----+----+----+----+----+----+----+----+----+----+----+----+----+----+----+----+----+----+----+----+----+----+----+----+
 |[ 6]|    |    |    |  51|  60|    | ## |    |    |    |    |  59|    |    |    |  58|  52|    |    |  56|  50|  50|    |  52|  51|    |    |    |  54|    |  54|  53|    |  54|    |  57|  52|  51|  51|  51|    |  55|  53|    |  52|    |  55|  51|  52|  52|  52|  54|  55|  50|    |    |  55|  51|    |  53|  56|    |    |  54|[ 6]|
 +----+----+----+----+----+----+----+----+----+----+----+----+----+----+----+----+----+----+----+----+----+----+----+----+----+----+----+----+----+----+----+----+----+----+----+----+----+----+----+----+----+----+----+----+----+----+----+----+----+----+----+----+----+----+----+----+----+----+----+----+----+----+----+----+----+----+
 |[ 7]|    |    |    |    |  57|  50|    | ## |  52|  54|    |  56|    |  50|    |  57|  52|    |    |  51|  53|  50|    |  51|    |    |  53|    |  58|    |  54|    |    |  55|    |  51|    |  51|  54|  52|  51|  55|  52|    |    |    |  57|    |  53|    |  51|  52|  56|    |    |    |  55|    |    |  54|  53|    |    |  52|[ 7]|
 +----+----+----+----+----+----+----+----+----+----+----+----+----+----+----+----+----+----+----+----+----+----+----+----+----+----+----+----+----+----+----+----+----+----+----+----+----+----+----+----+----+----+----+----+----+----+----+----+----+----+----+----+----+----+----+----+----+----+----+----+----+----+----+----+----+----+
 |[ 8]|    |  52|    |  51|  61|    |  50|  53| ## |  52|    |  58|  52|    |    |  63|  55|    |    |  55|  58|    |  51|  57|  51|    |  52|    |  61|    |  54|  50|    |  57|    |  58|  54|  53|  52|  51|    |  56|  52|    |    |  50|  59|  50|  51|    |  51|  55|  56|    |    |  52|  57|  53|    |  54|  55|    |    |  56|[ 8]|
 +----+----+----+----+----+----+----+----+----+----+----+----+----+----+----+----+----+----+----+----+----+----+----+----+----+----+----+----+----+----+----+----+----+----+----+----+----+----+----+----+----+----+----+----+----+----+----+----+----+----+----+----+----+----+----+----+----+----+----+----+----+----+----+----+----+----+
 |[ 9]|    |    |    |  50|  60|    |    |  50|    | ## |    |  56|    |    |    |  54|    |    |    |  54|  54|  50|    |    |    |    |  54|    |  60|    |  54|  52|    |  54|    |  53|  53|  51|  53|  51|    |  54|  56|    |    |  51|  56|    |  50|    |    |  53|  59|    |    |    |  56|    |    |  54|  57|    |    |  54|[ 9]|
 +----+----+----+----+----+----+----+----+----+----+----+----+----+----+----+----+----+----+----+----+----+----+----+----+----+----+----+----+----+----+----+----+----+----+----+----+----+----+----+----+----+----+----+----+----+----+----+----+----+----+----+----+----+----+----+----+----+----+----+----+----+----+----+----+----+----+
 |[10]|  50|    |    |  53|  60|    |  50|    |    |  50| ## |  56|    |    |    |  57|  52|    |    |  58|  52|    |    |  56|    |    |  50|    |  56|    |  55|    |    |  51|    |  57|  55|  51|    |    |    |  54|  54|    |    |    |  53|    |    |    |    |    |  53|    |    |    |  53|    |    |  58|  57|    |    |  55|[10]|
 +----+----+----+----+----+----+----+----+----+----+----+----+----+----+----+----+----+----+----+----+----+----+----+----+----+----+----+----+----+----+----+----+----+----+----+----+----+----+----+----+----+----+----+----+----+----+----+----+----+----+----+----+----+----+----+----+----+----+----+----+----+----+----+----+----+----+
 |[11]|    |    |    |  53|  65|  50|  51|    |    |  51|    | ## |    |    |    |  62|  53|    |    |  57|  51|    |    |  54|    |    |  52|    |  57|    |  52|  52|    |  53|    |  56|  52|  51|    |  52|  50|  52|  58|    |    |  50|  59|    |  51|    |  50|  55|  58|    |    |  52|  57|  50|    |  55|  56|    |    |  57|[11]|
 +----+----+----+----+----+----+----+----+----+----+----+----+----+----+----+----+----+----+----+----+----+----+----+----+----+----+----+----+----+----+----+----+----+----+----+----+----+----+----+----+----+----+----+----+----+----+----+----+----+----+----+----+----+----+----+----+----+----+----+----+----+----+----+----+----+----+
 |[12]|    |    |    |  51|  65|    |  52|    |  52|  54|    |  55| ## |    |    |  57|  54|    |    |  60|  51|    |    |  56|  52|    |  50|    |  61|    |  57|  53|    |  56|    |  60|  54|  54|    |  53|    |  58|  52|    |  52|  52|  57|    |    |  50|  53|  56|  56|  51|    |    |  57|  50|    |  57|  53|    |    |  59|[12]|
 +----+----+----+----+----+----+----+----+----+----+----+----+----+----+----+----+----+----+----+----+----+----+----+----+----+----+----+----+----+----+----+----+----+----+----+----+----+----+----+----+----+----+----+----+----+----+----+----+----+----+----+----+----+----+----+----+----+----+----+----+----+----+----+----+----+----+
 |[13]|    |    |    |  51|  65|  50|  52|  51|    |    |    |  59|    | ## |    |  58|  53|    |    |  56|  52|  51|    |  54|  50|    |    |    |  60|    |  56|  52|    |  54|    |  55|  52|  54|    |  54|  51|  54|  54|    |    |    |  61|    |  50|  51|  54|  50|  56|    |    |    |  55|  50|    |  54|  55|    |    |  56|[13]|
 +----+----+----+----+----+----+----+----+----+----+----+----+----+----+----+----+----+----+----+----+----+----+----+----+----+----+----+----+----+----+----+----+----+----+----+----+----+----+----+----+----+----+----+----+----+----+----+----+----+----+----+----+----+----+----+----+----+----+----+----+----+----+----+----+----+----+
 |[14]|    |    |    |  52|  61|    |  51|    |    |  52|    |  57|    |    | ## |  56|  53|    |    |  56|  52|    |    |    |  50|    |  50|    |  55|    |  53|    |    |    |    |  58|  50|  54|  50|  54|  50|  55|  55|    |  51|    |  55|    |  50|    |  51|  53|  56|  50|    |    |  57|  50|    |  59|  54|    |    |  53|[14]|
 +----+----+----+----+----+----+----+----+----+----+----+----+----+----+----+----+----+----+----+----+----+----+----+----+----+----+----+----+----+----+----+----+----+----+----+----+----+----+----+----+----+----+----+----+----+----+----+----+----+----+----+----+----+----+----+----+----+----+----+----+----+----+----+----+----+----+
 |[15]|    |    |    |  53|  62|  50|  52|  50|  54|  51|    |  63|    |  50|    | ## |  55|    |    |  58|  53|    |    |  57|  50|    |  50|    |  59|    |  57|  52|    |  53|    |  57|  55|    |  54|  51|  51|  56|  55|    |    |    |  56|  50|    |    |  53|  56|  55|    |    |    |  56|  50|    |  55|  55|    |    |  53|[15]|
 +----+----+----+----+----+----+----+----+----+----+----+----+----+----+----+----+----+----+----+----+----+----+----+----+----+----+----+----+----+----+----+----+----+----+----+----+----+----+----+----+----+----+----+----+----+----+----+----+----+----+----+----+----+----+----+----+----+----+----+----+----+----+----+----+----+----+
 |[16]|    |  50|    |    |  60|    |    |    |    |    |    |  57|    |    |    |  58| ## |    |    |  58|  51|    |    |  55|    |    |    |    |  58|    |  54|    |    |  55|    |  57|  55|    |  52|  53|  50|  54|  53|    |    |    |  60|  50|  52|    |    |  51|  57|    |    |    |  56|  50|    |  58|  57|    |    |  54|[16]|
 +----+----+----+----+----+----+----+----+----+----+----+----+----+----+----+----+----+----+----+----+----+----+----+----+----+----+----+----+----+----+----+----+----+----+----+----+----+----+----+----+----+----+----+----+----+----+----+----+----+----+----+----+----+----+----+----+----+----+----+----+----+----+----+----+----+----+
 |[17]|    |    |  51|  52|  63|  50|  51|  52|  50|  54|    |  62|  51|    |    |  59|  55| ## |    |  60|  53|    |  50|  54|  51|    |  50|    |  56|    |  54|  54|    |    |    |  62|  53|  55|  54|  54|    |  55|  56|    |    |  50|  56|    |  54|  50|  54|  56|  59|  50|    |    |  58|  51|    |  54|  56|    |    |  58|[17]|
 +----+----+----+----+----+----+----+----+----+----+----+----+----+----+----+----+----+----+----+----+----+----+----+----+----+----+----+----+----+----+----+----+----+----+----+----+----+----+----+----+----+----+----+----+----+----+----+----+----+----+----+----+----+----+----+----+----+----+----+----+----+----+----+----+----+----+
 |[18]|    |    |    |  52|  60|    |  50|    |    |  53|    |  57|  51|    |    |  59|  51|    | ## |  53|  54|    |    |  52|  50|    |  51|    |  52|    |  53|  50|    |  51|    |  59|  52|  55|  50|  54|    |  54|  54|  50|    |    |  57|    |  50|    |  51|  53|  52|    |    |    |  58|    |    |  55|  56|    |    |  55|[18]|
 +----+----+----+----+----+----+----+----+----+----+----+----+----+----+----+----+----+----+----+----+----+----+----+----+----+----+----+----+----+----+----+----+----+----+----+----+----+----+----+----+----+----+----+----+----+----+----+----+----+----+----+----+----+----+----+----+----+----+----+----+----+----+----+----+----+----+
 |[19]|    |    |    |  50|  64|    |    |    |    |  50|    |  58|  51|    |    |  57|  54|    |    | ## |  54|    |    |  53|  51|    |  51|    |  56|    |  51|  52|    |  52|    |  57|  51|  53|  51|  52|    |  56|  54|    |    |  51|  58|    |  50|    |  54|  52|  59|    |    |    |  56|    |    |  52|  57|    |    |  52|[19]|
 +----+----+----+----+----+----+----+----+----+----+----+----+----+----+----+----+----+----+----+----+----+----+----+----+----+----+----+----+----+----+----+----+----+----+----+----+----+----+----+----+----+----+----+----+----+----+----+----+----+----+----+----+----+----+----+----+----+----+----+----+----+----+----+----+----+----+
 |[20]|    |    |    |  53|  61|    |    |    |  53|  54|    |  56|    |    |    |  56|  52|    |    |  58| ## |    |  50|  54|  50|    |  50|    |  61|    |  55|  50|    |  52|    |  56|  54|  52|  53|  52|    |  54|  55|    |    |  50|  56|    |  50|    |    |  51|  55|  50|    |  50|  59|  50|    |  53|  59|    |    |  52|[20]|
 +----+----+----+----+----+----+----+----+----+----+----+----+----+----+----+----+----+----+----+----+----+----+----+----+----+----+----+----+----+----+----+----+----+----+----+----+----+----+----+----+----+----+----+----+----+----+----+----+----+----+----+----+----+----+----+----+----+----+----+----+----+----+----+----+----+----+
 |[21]|    |    |    |    |  62|    |  51|    |    |  53|    |  55|    |    |    |  55|  51|    |    |  55|  50| ## |  52|  52|    |    |    |    |  55|    |  53|    |    |  52|    |  59|  51|  54|  51|  50|    |  56|  54|  51|    |    |  59|    |    |    |    |  54|  56|    |    |    |  58|  50|    |  56|  54|    |    |  54|[21]|
 +----+----+----+----+----+----+----+----+----+----+----+----+----+----+----+----+----+----+----+----+----+----+----+----+----+----+----+----+----+----+----+----+----+----+----+----+----+----+----+----+----+----+----+----+----+----+----+----+----+----+----+----+----+----+----+----+----+----+----+----+----+----+----+----+----+----+
 |[22]|    |    |    |  53|  57|    |  51|  50|  50|  50|    |  55|    |    |    |  53|  50|    |    |  56|  55|  54| ## |  53|    |    |    |    |  55|    |  55|  51|    |  50|    |  58|  52|  52|  50|    |    |  54|  54|  53|  52|    |  54|    |  51|    |  50|  56|  58|    |    |    |  55|  51|    |  50|  56|    |    |  54|[22]|
 +----+----+----+----+----+----+----+----+----+----+----+----+----+----+----+----+----+----+----+----+----+----+----+----+----+----+----+----+----+----+----+----+----+----+----+----+----+----+----+----+----+----+----+----+----+----+----+----+----+----+----+----+----+----+----+----+----+----+----+----+----+----+----+----+----+----+
 |[23]|    |  50|    |    |  61|    |    |    |  50|    |    |  58|    |    |    |  59|  55|    |    |  56|  53|    |    | ## |    |    |  50|    |  54|    |  57|  52|    |  54|    |  58|  51|  51|  51|  52|  50|  53|  55|  51|    |  51|  54|    |  51|    |  54|  54|  56|    |    |    |  54|  51|    |  55|  59|    |    |  54|[23]|
 +----+----+----+----+----+----+----+----+----+----+----+----+----+----+----+----+----+----+----+----+----+----+----+----+----+----+----+----+----+----+----+----+----+----+----+----+----+----+----+----+----+----+----+----+----+----+----+----+----+----+----+----+----+----+----+----+----+----+----+----+----+----+----+----+----+----+
 |[24]|    |    |    |  52|  61|    |  51|    |    |  51|    |  54|    |    |    |  56|  53|    |    |  59|  54|    |    |  53| ## |    |    |    |  58|    |  54|  52|    |  54|    |  57|  52|  53|  51|  54|  53|  56|  54|  50|    |  51|  61|  51|  51|    |  55|  54|  51|  51|    |    |  55|    |    |  52|  56|    |    |  55|[24]|
 +----+----+----+----+----+----+----+----+----+----+----+----+----+----+----+----+----+----+----+----+----+----+----+----+----+----+----+----+----+----+----+----+----+----+----+----+----+----+----+----+----+----+----+----+----+----+----+----+----+----+----+----+----+----+----+----+----+----+----+----+----+----+----+----+----+----+
 |[25]|  51|    |    |  52|  60|    |  51|    |    |  55|    |  55|    |    |    |  58|  51|    |    |  57|  58|    |    |  50|  53| ## |  50|    |  55|    |  51|    |    |  55|    |  50|    |  51|  52|    |  51|  53|  54|    |    |    |  54|    |  50|    |    |  53|  52|    |    |    |  50|    |    |  52|  54|    |    |  55|[25]|
 +----+----+----+----+----+----+----+----+----+----+----+----+----+----+----+----+----+----+----+----+----+----+----+----+----+----+----+----+----+----+----+----+----+----+----+----+----+----+----+----+----+----+----+----+----+----+----+----+----+----+----+----+----+----+----+----+----+----+----+----+----+----+----+----+----+----+
 |[26]|    |    |    |  52|  65|    |    |  51|    |  56|    |  59|    |    |    |  56|  51|    |    |  57|  52|    |    |  53|    |    | ## |    |  55|    |  52|    |    |  50|    |  52|  53|  51|    |  51|  50|  52|  56|    |    |  50|  56|    |    |  50|    |  54|  60|    |    |  52|  60|  52|    |  56|  53|    |    |  55|[26]|
 +----+----+----+----+----+----+----+----+----+----+----+----+----+----+----+----+----+----+----+----+----+----+----+----+----+----+----+----+----+----+----+----+----+----+----+----+----+----+----+----+----+----+----+----+----+----+----+----+----+----+----+----+----+----+----+----+----+----+----+----+----+----+----+----+----+----+
 |[27]|    |    |    |    |  61|    |  52|    |  51|    |    |  61|    |  51|    |  57|  55|    |    |  58|  51|  53|    |  55|    |    |  50| ## |  58|    |  53|  52|    |  53|    |  59|  54|  50|  53|    |    |  53|  54|    |  50|    |  58|    |  50|    |  58|  53|  57|    |    |    |  57|  51|    |  57|  55|    |    |  56|[27]|
 +----+----+----+----+----+----+----+----+----+----+----+----+----+----+----+----+----+----+----+----+----+----+----+----+----+----+----+----+----+----+----+----+----+----+----+----+----+----+----+----+----+----+----+----+----+----+----+----+----+----+----+----+----+----+----+----+----+----+----+----+----+----+----+----+----+----+
 |[28]|    |    |    |    |  61|    |    |    |    |  52|    |  54|    |    |    |  55|  52|    |    |  53|  54|    |    |    |    |    |    |    | ## |    |  52|    |    |  52|    |  54|  50|  51|    |  51|    |  51|  54|    |    |    |  55|    |    |    |  52|    |  55|    |    |    |  56|    |    |  52|  57|    |    |  55|[28]|
 +----+----+----+----+----+----+----+----+----+----+----+----+----+----+----+----+----+----+----+----+----+----+----+----+----+----+----+----+----+----+----+----+----+----+----+----+----+----+----+----+----+----+----+----+----+----+----+----+----+----+----+----+----+----+----+----+----+----+----+----+----+----+----+----+----+----+
 |[29]|    |  50|    |  51|  60|    |  50|    |  52|  50|    |  57|    |    |    |  54|  57|    |    |  58|  50|    |  50|  51|  51|    |    |    |  56| ## |  53|  53|    |  55|    |  57|  55|  51|  51|  52|    |  53|  53|  52|    |  50|  58|  51|  50|    |  51|  51|  58|  50|    |  51|  53|  53|    |    |  55|    |    |  53|[29]|
 +----+----+----+----+----+----+----+----+----+----+----+----+----+----+----+----+----+----+----+----+----+----+----+----+----+----+----+----+----+----+----+----+----+----+----+----+----+----+----+----+----+----+----+----+----+----+----+----+----+----+----+----+----+----+----+----+----+----+----+----+----+----+----+----+----+----+
 |[30]|    |    |    |    |  65|    |  50|    |    |  51|    |  54|  50|    |    |  59|  53|    |    |  53|  53|    |    |  56|    |    |    |    |  56|    | ## |  52|    |  51|    |  53|    |  52|    |  51|    |  57|  55|  53|    |  52|  57|    |    |    |  50|  52|  56|    |    |    |  58|  50|    |  54|  53|    |    |  51|[30]|
 +----+----+----+----+----+----+----+----+----+----+----+----+----+----+----+----+----+----+----+----+----+----+----+----+----+----+----+----+----+----+----+----+----+----+----+----+----+----+----+----+----+----+----+----+----+----+----+----+----+----+----+----+----+----+----+----+----+----+----+----+----+----+----+----+----+----+
 |[31]|    |  50|    |  52|  62|    |  52|    |    |  53|    |  58|    |    |    |  57|  52|    |    |  58|  52|    |    |  55|  51|    |    |    |  57|    |  55| ## |    |  55|    |  60|  53|  54|  52|  54|    |  53|  56|    |    |  53|  53|    |    |    |  57|  54|  59|    |    |    |  56|  52|    |  56|  57|    |    |  55|[31]|
 +----+----+----+----+----+----+----+----+----+----+----+----+----+----+----+----+----+----+----+----+----+----+----+----+----+----+----+----+----+----+----+----+----+----+----+----+----+----+----+----+----+----+----+----+----+----+----+----+----+----+----+----+----+----+----+----+----+----+----+----+----+----+----+----+----+----+
 |[32]|    |    |    |  50|  64|    |    |    |    |    |    |  57|    |    |    |  57|  51|    |    |  56|  53|    |    |  53|    |    |    |    |  57|    |  51|    | ## |  55|    |  55|  50|  50|  57|    |    |  52|  52|    |    |    |  55|    |  52|    |  50|  56|  58|    |    |    |  53|    |    |  56|  57|    |    |  53|[32]|
 +----+----+----+----+----+----+----+----+----+----+----+----+----+----+----+----+----+----+----+----+----+----+----+----+----+----+----+----+----+----+----+----+----+----+----+----+----+----+----+----+----+----+----+----+----+----+----+----+----+----+----+----+----+----+----+----+----+----+----+----+----+----+----+----+----+----+
 |[33]|    |    |    |  52|  57|    |  50|    |  50|  53|    |  56|    |    |    |  54|  54|    |    |  55|  50|    |    |  54|    |    |    |    |  57|    |  52|  52|    | ## |    |  57|  53|  50|    |  50|    |  50|  52|    |    |    |  55|    |    |    |  50|  53|  56|    |    |    |  54|    |    |  52|  56|    |    |  50|[33]|
 +----+----+----+----+----+----+----+----+----+----+----+----+----+----+----+----+----+----+----+----+----+----+----+----+----+----+----+----+----+----+----+----+----+----+----+----+----+----+----+----+----+----+----+----+----+----+----+----+----+----+----+----+----+----+----+----+----+----+----+----+----+----+----+----+----+----+
 |[34]|    |  50|    |  52|  63|    |  52|    |    |  55|    |  60|  50|  51|  51|  56|  56|    |    |  57|  53|  51|    |  55|  50|    |  52|    |  59|    |  52|  50|    |  53| ## |  58|  54|  57|  52|  52|    |  56|  54|    |  50|  50|  58|    |  50|    |  51|  52|  58|    |    |    |  62|  52|    |  55|  56|    |    |  57|[34]|
 +----+----+----+----+----+----+----+----+----+----+----+----+----+----+----+----+----+----+----+----+----+----+----+----+----+----+----+----+----+----+----+----+----+----+----+----+----+----+----+----+----+----+----+----+----+----+----+----+----+----+----+----+----+----+----+----+----+----+----+----+----+----+----+----+----+----+
 |[35]|    |    |    |    |  62|    |  50|    |    |    |    |  56|  50|    |    |  56|  54|    |    |  57|  51|  50|    |  55|  50|    |    |    |  57|    |  51|  54|    |  54|    | ## |  55|  54|  50|  51|    |  54|  56|    |  51|    |  56|    |    |    |  51|  54|  56|  52|    |    |  58|    |    |  52|  57|    |    |  55|[35]|
 +----+----+----+----+----+----+----+----+----+----+----+----+----+----+----+----+----+----+----+----+----+----+----+----+----+----+----+----+----+----+----+----+----+----+----+----+----+----+----+----+----+----+----+----+----+----+----+----+----+----+----+----+----+----+----+----+----+----+----+----+----+----+----+----+----+----+
 |[36]|    |  51|    |  52|  59|    |  50|    |    |  53|    |  57|    |    |    |  59|  57|    |    |  56|  54|    |    |  52|  50|    |  51|    |  57|    |  51|  52|    |  55|    |  61| ## |  50|  51|  53|    |  56|  50|    |    |  51|  59|    |  50|    |  50|  52|  55|    |    |    |  59|    |    |  55|  61|    |    |  56|[36]|
 +----+----+----+----+----+----+----+----+----+----+----+----+----+----+----+----+----+----+----+----+----+----+----+----+----+----+----+----+----+----+----+----+----+----+----+----+----+----+----+----+----+----+----+----+----+----+----+----+----+----+----+----+----+----+----+----+----+----+----+----+----+----+----+----+----+----+
 |[37]|    |    |    |  52|  61|    |    |    |    |  51|    |  55|    |    |    |  52|  50|    |    |  57|  52|  50|    |  52|  50|    |    |    |  58|    |  54|  52|    |  51|    |  59|  50| ## |    |  53|    |  55|  58|    |    |  50|  56|    |    |    |  50|  52|  60|    |    |    |  58|  52|    |  53|  56|    |    |  55|[37]|
 +----+----+----+----+----+----+----+----+----+----+----+----+----+----+----+----+----+----+----+----+----+----+----+----+----+----+----+----+----+----+----+----+----+----+----+----+----+----+----+----+----+----+----+----+----+----+----+----+----+----+----+----+----+----+----+----+----+----+----+----+----+----+----+----+----+----+
 |[38]|    |  51|    |    |  60|    |  50|  51|    |  54|    |  55|    |    |    |  59|  55|    |    |  56|  54|    |    |  53|    |    |    |    |  56|    |  53|  52|    |  51|    |  56|  52|    | ## |  54|  51|  53|  56|  50|    |  50|  54|    |  51|    |  52|  50|  55|    |    |    |  55|  50|    |  53|  55|    |    |  57|[38]|
 +----+----+----+----+----+----+----+----+----+----+----+----+----+----+----+----+----+----+----+----+----+----+----+----+----+----+----+----+----+----+----+----+----+----+----+----+----+----+----+----+----+----+----+----+----+----+----+----+----+----+----+----+----+----+----+----+----+----+----+----+----+----+----+----+----+----+
 |[39]|    |  50|    |    |  63|    |    |    |    |  50|    |  56|    |    |    |  54|  54|    |    |  56|  51|    |    |  53|  50|    |    |    |  57|    |  53|  53|    |  51|    |  55|  52|  53|  53| ## |    |  54|  58|    |    |    |  56|    |    |    |  53|  51|  58|    |    |    |  56|    |    |  55|  54|    |    |  56|[39]|
 +----+----+----+----+----+----+----+----+----+----+----+----+----+----+----+----+----+----+----+----+----+----+----+----+----+----+----+----+----+----+----+----+----+----+----+----+----+----+----+----+----+----+----+----+----+----+----+----+----+----+----+----+----+----+----+----+----+----+----+----+----+----+----+----+----+----+
 |[40]|    |  50|    |    |  62|    |    |  50|    |    |    |  57|    |    |    |  57|  54|    |    |  55|    |    |    |  54|  53|    |  51|    |  54|    |  52|  51|    |  52|    |  54|  51|  50|  53|  52| ## |  55|  56|    |    |    |  56|    |    |    |    |  51|  54|    |    |    |  55|  51|    |  54|  54|    |    |  55|[40]|
 +----+----+----+----+----+----+----+----+----+----+----+----+----+----+----+----+----+----+----+----+----+----+----+----+----+----+----+----+----+----+----+----+----+----+----+----+----+----+----+----+----+----+----+----+----+----+----+----+----+----+----+----+----+----+----+----+----+----+----+----+----+----+----+----+----+----+
 |[41]|    |    |    |    |  63|    |  51|  50|  50|  52|    |  55|  51|    |    |  59|  54|    |    |  59|  53|  52|    |  53|  52|    |    |    |  57|    |  58|  50|    |  51|    |  58|  54|  54|  50|  53|  51| ## |  55|    |    |    |  60|  50|  52|    |  50|  55|  57|    |    |    |  57|  51|    |  57|  57|    |    |  56|[41]|
 +----+----+----+----+----+----+----+----+----+----+----+----+----+----+----+----+----+----+----+----+----+----+----+----+----+----+----+----+----+----+----+----+----+----+----+----+----+----+----+----+----+----+----+----+----+----+----+----+----+----+----+----+----+----+----+----+----+----+----+----+----+----+----+----+----+----+
 |[42]|    |    |    |  51|  61|    |    |    |    |  52|    |  59|    |    |    |  55|  50|    |    |  55|  52|    |    |  53|    |    |  51|    |  58|    |  54|  52|    |  50|    |  58|    |  55|  52|  55|  50|  53| ## |    |    |  50|  54|    |  50|    |    |  52|  58|    |    |    |  59|    |    |  53|  55|    |    |  54|[42]|
 +----+----+----+----+----+----+----+----+----+----+----+----+----+----+----+----+----+----+----+----+----+----+----+----+----+----+----+----+----+----+----+----+----+----+----+----+----+----+----+----+----+----+----+----+----+----+----+----+----+----+----+----+----+----+----+----+----+----+----+----+----+----+----+----+----+----+
 |[43]|    |    |    |    |  63|    |    |    |    |    |    |  57|    |    |    |  53|    |    |    |  54|  52|  51|  51|  56|  50|    |    |    |  54|    |  58|  50|    |  50|    |  54|  51|  52|  52|  51|    |  51|  53| ## |    |    |  57|    |    |    |  51|  51|  53|    |    |    |  54|    |    |  52|  55|    |    |  51|[43]|
 +----+----+----+----+----+----+----+----+----+----+----+----+----+----+----+----+----+----+----+----+----+----+----+----+----+----+----+----+----+----+----+----+----+----+----+----+----+----+----+----+----+----+----+----+----+----+----+----+----+----+----+----+----+----+----+----+----+----+----+----+----+----+----+----+----+----+
 |[44]|    |  51|    |  51|  61|    |  53|    |    |  51|    |  55|  50|    |    |  54|  53|    |    |  54|  50|    |  51|  51|  50|    |    |    |  58|    |  51|  51|    |  53|    |  60|  51|  52|    |    |    |  51|  55|    | ## |    |  53|  50|    |    |  55|  51|  54|  51|    |    |  54|  50|    |  54|  56|    |    |  54|[44]|
 +----+----+----+----+----+----+----+----+----+----+----+----+----+----+----+----+----+----+----+----+----+----+----+----+----+----+----+----+----+----+----+----+----+----+----+----+----+----+----+----+----+----+----+----+----+----+----+----+----+----+----+----+----+----+----+----+----+----+----+----+----+----+----+----+----+----+
 |[45]|    |    |    |  51|  59|    |    |    |    |  54|    |  57|    |    |    |  54|  51|    |    |  58|  53|    |    |  55|  51|    |  51|    |  56|    |  57|  54|    |  53|    |  55|  53|  53|  51|  52|    |  51|  55|    |    | ## |  55|    |    |    |  53|  56|  60|    |    |    |  54|  50|    |  53|  53|    |    |  53|[45]|
 +----+----+----+----+----+----+----+----+----+----+----+----+----+----+----+----+----+----+----+----+----+----+----+----+----+----+----+----+----+----+----+----+----+----+----+----+----+----+----+----+----+----+----+----+----+----+----+----+----+----+----+----+----+----+----+----+----+----+----+----+----+----+----+----+----+----+
 |[46]|    |    |    |  51|  63|    |    |    |    |  51|    |  58|    |  50|    |  54|  56|    |    |  57|  51|  50|    |  50|  53|    |    |    |  57|    |  54|    |    |  51|    |  55|  53|  51|    |  51|    |  55|  52|    |    |    | ## |  50|    |    |  50|  53|  57|    |    |    |  57|    |    |  51|  55|    |    |  53|[46]|
 +----+----+----+----+----+----+----+----+----+----+----+----+----+----+----+----+----+----+----+----+----+----+----+----+----+----+----+----+----+----+----+----+----+----+----+----+----+----+----+----+----+----+----+----+----+----+----+----+----+----+----+----+----+----+----+----+----+----+----+----+----+----+----+----+----+----+
 |[47]|    |  52|    |  51|  64|    |  53|    |    |  50|    |  59|    |    |    |  58|  56|    |    |  56|  52|  50|    |  56|  53|    |  50|    |  58|    |  55|  51|    |  55|    |  55|  53|  53|    |  52|    |  56|  52|  50|  51|    |  60| ## |    |    |  57|  54|  58|    |    |    |  59|  52|    |  55|  58|    |    |  52|[47]|
 +----+----+----+----+----+----+----+----+----+----+----+----+----+----+----+----+----+----+----+----+----+----+----+----+----+----+----+----+----+----+----+----+----+----+----+----+----+----+----+----+----+----+----+----+----+----+----+----+----+----+----+----+----+----+----+----+----+----+----+----+----+----+----+----+----+----+
 |[48]|    |    |    |    |  60|    |  50|    |    |  51|    |  57|    |    |    |  52|  54|    |    |  54|  51|    |    |  53|    |    |    |    |  56|    |  51|    |    |  51|    |  54|  50|    |  50|    |    |  54|  54|    |    |    |  54|    | ## |    |    |  52|  56|    |    |  50|  52|    |    |  53|  55|    |    |  52|[48]|
 +----+----+----+----+----+----+----+----+----+----+----+----+----+----+----+----+----+----+----+----+----+----+----+----+----+----+----+----+----+----+----+----+----+----+----+----+----+----+----+----+----+----+----+----+----+----+----+----+----+----+----+----+----+----+----+----+----+----+----+----+----+----+----+----+----+----+
 |[49]|    |    |    |    |  60|    |  54|  50|    |  52|    |  56|  50|  52|    |  55|  53|    |    |  55|  53|    |  50|  55|    |    |  53|    |  57|    |  53|    |    |  52|    |  55|  50|  52|    |  51|    |  53|  55|    |    |    |  57|    |  51| ## |    |  54|  56|    |    |    |  57|    |    |  54|  55|    |    |  52|[49]|
 +----+----+----+----+----+----+----+----+----+----+----+----+----+----+----+----+----+----+----+----+----+----+----+----+----+----+----+----+----+----+----+----+----+----+----+----+----+----+----+----+----+----+----+----+----+----+----+----+----+----+----+----+----+----+----+----+----+----+----+----+----+----+----+----+----+----+
 |[50]|    |    |    |    |  64|    |  50|    |    |    |    |  55|    |    |    |  57|    |    |    |  59|  50|    |    |  56|  52|    |    |  50|  59|    |  53|  56|    |  52|    |  56|  50|  50|  51|  54|    |  51|  51|    |  52|  51|  55|  52|    |    | ## |  52|  55|    |    |    |  55|  51|    |  54|  56|    |    |  53|[50]|
 +----+----+----+----+----+----+----+----+----+----+----+----+----+----+----+----+----+----+----+----+----+----+----+----+----+----+----+----+----+----+----+----+----+----+----+----+----+----+----+----+----+----+----+----+----+----+----+----+----+----+----+----+----+----+----+----+----+----+----+----+----+----+----+----+----+----+
 |[51]|    |    |    |    |  62|    |  50|    |    |  51|    |  58|    |    |    |  58|  50|    |    |  55|  50|    |    |  53|    |    |  50|    |  54|    |  52|  51|    |  52|    |  57|    |  50|    |    |    |  54|  53|    |    |  51|  56|    |    |    |  50| ## |  56|  50|    |    |  59|  50|    |  54|  53|    |    |  55|[51]|
 +----+----+----+----+----+----+----+----+----+----+----+----+----+----+----+----+----+----+----+----+----+----+----+----+----+----+----+----+----+----+----+----+----+----+----+----+----+----+----+----+----+----+----+----+----+----+----+----+----+----+----+----+----+----+----+----+----+----+----+----+----+----+----+----+----+----+
 |[52]|    |    |    |    |  64|    |    |    |    |  54|    |  58|    |    |    |  55|  54|    |    |  60|  51|    |    |  53|    |    |  53|    |  58|    |  54|  54|    |  54|    |  57|  51|  56|  50|  55|    |  54|  57|    |    |  53|  58|    |  51|    |  51|  54| ## |  51|    |    |  57|  51|    |  55|  55|    |    |  55|[52]|
 +----+----+----+----+----+----+----+----+----+----+----+----+----+----+----+----+----+----+----+----+----+----+----+----+----+----+----+----+----+----+----+----+----+----+----+----+----+----+----+----+----+----+----+----+----+----+----+----+----+----+----+----+----+----+----+----+----+----+----+----+----+----+----+----+----+----+
 |[53]|    |  50|    |  50|  59|    |  51|    |    |  52|    |  57|  50|    |    |  54|  53|    |    |  56|  54|    |    |  53|  52|    |  50|    |  56|    |  53|    |    |  53|    |  60|    |  53|    |  52|    |  52|  55|    |  51|    |  56|    |  51|    |    |  55|  59| ## |    |    |  59|    |    |  57|  55|    |    |  51|[53]|
 +----+----+----+----+----+----+----+----+----+----+----+----+----+----+----+----+----+----+----+----+----+----+----+----+----+----+----+----+----+----+----+----+----+----+----+----+----+----+----+----+----+----+----+----+----+----+----+----+----+----+----+----+----+----+----+----+----+----+----+----+----+----+----+----+----+----+
 |[54]|    |    |    |    |  63|    |    |    |    |  53|    |  54|    |    |    |  53|  55|    |    |  57|  50|    |    |  56|    |    |  50|    |  53|    |  50|  50|    |  52|    |  56|  50|    |  53|  52|  51|    |  52|    |    |  50|  56|    |    |    |  52|  52|  58|  53| ## |    |  56|    |    |  54|  53|    |    |  53|[54]|
 +----+----+----+----+----+----+----+----+----+----+----+----+----+----+----+----+----+----+----+----+----+----+----+----+----+----+----+----+----+----+----+----+----+----+----+----+----+----+----+----+----+----+----+----+----+----+----+----+----+----+----+----+----+----+----+----+----+----+----+----+----+----+----+----+----+----+
 |[55]|    |    |    |  50|  63|    |  51|    |  52|    |    |  63|    |    |    |  57|  52|    |    |  57|  55|    |    |  55|    |    |  55|    |  58|    |  54|    |    |  51|    |  57|  54|  51|  52|  51|  50|  54|  54|    |    |    |  58|    |  54|    |    |  55|  53|    |    | ## |  56|    |    |  56|  59|    |    |  55|[55]|
 +----+----+----+----+----+----+----+----+----+----+----+----+----+----+----+----+----+----+----+----+----+----+----+----+----+----+----+----+----+----+----+----+----+----+----+----+----+----+----+----+----+----+----+----+----+----+----+----+----+----+----+----+----+----+----+----+----+----+----+----+----+----+----+----+----+----+
 |[56]|    |    |    |    |  60|    |    |    |    |  51|    |  57|    |    |    |  55|  52|    |    |  55|  54|    |    |  50|    |    |  53|    |  57|    |  55|  50|    |  51|    |  57|  54|  53|    |  51|    |  53|  57|    |    |    |  57|    |    |    |  50|  55|  56|  50|    |    | ## |    |    |  56|  53|    |    |  56|[56]|
 +----+----+----+----+----+----+----+----+----+----+----+----+----+----+----+----+----+----+----+----+----+----+----+----+----+----+----+----+----+----+----+----+----+----+----+----+----+----+----+----+----+----+----+----+----+----+----+----+----+----+----+----+----+----+----+----+----+----+----+----+----+----+----+----+----+----+
 |[57]|    |    |    |  53|  62|    |  50|    |    |    |    |  56|    |    |    |  55|  52|    |    |  54|  52|    |    |  54|    |    |  51|    |  57|    |  54|  52|    |  52|    |  54|  50|  54|  50|  50|    |  54|  51|    |    |    |  52|    |    |    |  52|  54|  56|    |    |    |  54| ## |    |  51|  53|    |    |  56|[57]|
 +----+----+----+----+----+----+----+----+----+----+----+----+----+----+----+----+----+----+----+----+----+----+----+----+----+----+----+----+----+----+----+----+----+----+----+----+----+----+----+----+----+----+----+----+----+----+----+----+----+----+----+----+----+----+----+----+----+----+----+----+----+----+----+----+----+----+
 |[58]|    |    |    |    |  61|    |    |  50|    |  50|    |  61|    |    |    |  57|    |    |    |  59|  54|    |    |  52|    |    |  50|    |  58|    |  54|    |    |  53|    |  59|  51|    |  51|  53|    |  50|  59|    |    |    |  53|  50|  54|    |  55|  50|  55|  50|    |    |  51|  50| ## |  53|  55|    |    |  50|[58]|
 +----+----+----+----+----+----+----+----+----+----+----+----+----+----+----+----+----+----+----+----+----+----+----+----+----+----+----+----+----+----+----+----+----+----+----+----+----+----+----+----+----+----+----+----+----+----+----+----+----+----+----+----+----+----+----+----+----+----+----+----+----+----+----+----+----+----+
 |[59]|    |    |    |    |  61|    |    |    |    |  51|    |  57|    |    |  51|  56|  56|    |    |  54|  51|    |    |  54|    |    |  51|    |  56|    |  53|  52|    |  51|    |  54|  52|  51|    |  53|    |  55|  53|    |    |    |  53|    |  50|    |  51|  54|  56|  51|    |    |  58|    |    | ## |  52|    |    |  54|[59]|
 +----+----+----+----+----+----+----+----+----+----+----+----+----+----+----+----+----+----+----+----+----+----+----+----+----+----+----+----+----+----+----+----+----+----+----+----+----+----+----+----+----+----+----+----+----+----+----+----+----+----+----+----+----+----+----+----+----+----+----+----+----+----+----+----+----+----+
 |[60]|  50|    |    |  52|  60|    |    |    |    |  52|    |  56|    |    |    |  54|  54|    |    |  57|  55|    |    |  56|    |    |    |    |  60|    |  51|  51|    |  54|    |  57|  56|  52|  50|  50|    |  53|  54|    |    |    |  55|    |  50|    |  51|  51|  54|    |    |  50|  54|    |    |  51| ## |    |    |  54|[60]|
 +----+----+----+----+----+----+----+----+----+----+----+----+----+----+----+----+----+----+----+----+----+----+----+----+----+----+----+----+----+----+----+----+----+----+----+----+----+----+----+----+----+----+----+----+----+----+----+----+----+----+----+----+----+----+----+----+----+----+----+----+----+----+----+----+----+----+
 |[61]|    |    |    |    |  62|    |  50|    |    |    |    |  55|    |    |  50|  52|  51|    |    |  55|    |    |    |  51|    |    |    |    |  54|    |  51|    |    |  53|    |  57|  50|  53|    |  50|    |  55|  58|    |    |    |  55|    |  51|    |    |  53|  54|  52|    |    |  55|    |    |  54|  50| ## |    |  50|[61]|
 +----+----+----+----+----+----+----+----+----+----+----+----+----+----+----+----+----+----+----+----+----+----+----+----+----+----+----+----+----+----+----+----+----+----+----+----+----+----+----+----+----+----+----+----+----+----+----+----+----+----+----+----+----+----+----+----+----+----+----+----+----+----+----+----+----+----+
 |[62]|    |    |    |  54|  62|    |    |  55|  50|  53|    |  65|    |    |  50|  57|  54|    |    |  56|  54|    |  50|  57|  50|    |  56|    |  60|    |  59|  51|    |  50|    |  56|  52|  56|  52|  50|  52|  51|  55|    |  50|    |  59|    |  56|    |  55|    |  63|  51|    |  53|  57|    |    |  56|  57|    | ## |  52|[62]|
 +----+----+----+----+----+----+----+----+----+----+----+----+----+----+----+----+----+----+----+----+----+----+----+----+----+----+----+----+----+----+----+----+----+----+----+----+----+----+----+----+----+----+----+----+----+----+----+----+----+----+----+----+----+----+----+----+----+----+----+----+----+----+----+----+----+----+
 |[63]|    |    |    |  50|  64|    |    |    |    |  51|    |  59|  50|    |    |  54|  52|    |    |  53|  50|    |    |  52|  50|    |  50|    |  60|    |  50|  51|    |    |    |  57|  53|  52|  53|  53|    |  54|  54|    |    |    |  56|    |    |    |  50|  54|  56|    |    |    |  58|  52|    |  53|  55|    |    | ## |[63]|
 +----+----+----+----+----+----+----+----+----+----+----+----+----+----+----+----+----+----+----+----+----+----+----+----+----+----+----+----+----+----+----+----+----+----+----+----+----+----+----+----+----+----+----+----+----+----+----+----+----+----+----+----+----+----+----+----+----+----+----+----+----+----+----+----+----+----+
 | ## |[ 0]|[ 1]|[ 2]|[ 3]|[ 4]|[ 5]|[ 6]|[ 7]|[ 8]|[ 9]|[10]|[11]|[12]|[13]|[14]|[15]|[16]|[17]|[18]|[19]|[20]|[21]|[22]|[23]|[24]|[25]|[26]|[27]|[28]|[29]|[30]|[31]|[32]|[33]|[34]|[35]|[36]|[37]|[38]|[39]|[40]|[41]|[42]|[43]|[44]|[45]|[46]|[47]|[48]|[49]|[50]|[51]|[52]|[53]|[54]|[55]|[56]|[57]|[58]|[59]|[60]|[61]|[62]|[63]| ## |
 +----+----+----+----+----+----+----+----+----+----+----+----+----+----+----+----+----+----+----+----+----+----+----+----+----+----+----+----+----+----+----+----+----+----+----+----+----+----+----+----+----+----+----+----+----+----+----+----+----+----+----+----+----+----+----+----+----+----+----+----+----+----+----+----+----+----+
 | ## |[ 3]|[13]|[ 1]|[37]|[63]|[ 5]|[38]|[14]|[15]|[49]|[ 0]|[63]|[13]|[ 6]|[ 5]|[63]|[59]|[ 0]|[ 0]|[63]|[61]|[13]|[11]|[60]|[32]|[ 0]|[36]|[ 1]|[63]|[ 0]|[63]|[45]|[ 0]|[58]|[ 0]|[63]|[55]|[56]|[43]|[54]|[19]|[62]|[63]|[ 9]|[13]|[25]|[63]|[12]|[35]|[ 5]|[49]|[60]|[63]|[20]|[ 0]|[ 9]|[63]|[35]|[ 0]|[62]|[63]|[ 0]|[ 0]|[63]| ## |
 +----+----+----+----+----+----+----+----+----+----+----+----+----+----+----+----+----+----+----+----+----+----+----+----+----+----+----+----+----+----+----+----+----+----+----+----+----+----+----+----+----+----+----+----+----+----+----+----+----+----+----+----+----+----+----+----+----+----+----+----+----+----+----+----+----+----+






