

 [80] ******************************************************

 [18 , 40, 50]  121891.745328 vs 117130.656809 >>  4761.088519  :  204.781250  (2)
 [690]    144.406250 (2)
 [978]    60.515625 (3)

 [70] ******************************************************

 [40 , 50, 55]  100181.443032 vs 97016.824599 >>  3164.618433  :  364.437500  (2)
 [690]    223.312500 (3)
 [788]    141.125000 (3)

 [60] ******************************************************

 [40 , 50, 55]  86232.334477 vs 83880.961052 >>  2351.373425  :  678.406250  (3)
 [690]    401.828125 (3)
 [723]    10.562500 (2)
 [788]    266.015625 (3)

 [50] ******************************************************

 [12 , 44, 55]  75162.802696 vs 73481.602870 >>  1681.199826  :  905.218750  (4)
 [722]    286.359375 (2)
 [788]    149.046875 (2)
 [821]    290.406250 (2)
 [1022]    179.406250 (2)

 [40] ******************************************************

 [40 , 50, 55]  64956.747797 vs 63530.765233 >>  1425.982564  :  1084.421875  (7)
 [536]    0.578125 (1)
 [690]    434.906250 (3)
 [723]    174.281250 (2)
 [756]    19.515625 (2)
 [788]    259.421875 (3)
 [794]    4.062500 (1)
 [821]    191.656250 (1)

 [30] ******************************************************

 [40 , 50, 55]  54436.507764 vs 53343.094627 >>  1093.413137  :  2150.796875  (12)
 [299]    9.406250 (1)
 [524]    5.796875 (2)
 [568]    6.359375 (1)
 [690]    692.937500 (3)
 [723]    301.968750 (2)
 [755]    116.031250 (2)
 [756]    57.656250 (2)
 [764]    0.468750 (1)
 [767]    4.562500 (1)
 [788]    634.062500 (3)
 [800]    4.906250 (1)
 [809]    0.593750 (1)
 [821]    316.640625 (1)
 [946]    6.953125 (1)