

 [80] ******************************************************

 [14 , 17, 62]  131347.645610 vs 126702.234276 >>  4645.411333  :  138.203125  (2)
[466]    97  [14, 17]
[650]    41  [14, 62]

 [70] ******************************************************

 [5 , 17, 50]  109138.657973 vs 105923.047741 >>  3215.610232  :  355.640625  (2)
[466]    221  [5, 17, 50]
[467]    135  [5, 17, 50]

 [60] ******************************************************

 [14 , 17, 62]  95498.035203 vs 92727.013198 >>  2771.022006  :  520.359375  (2)
[466]    285  [14, 17]
[650]    235  [14, 62]

 [50] ******************************************************

 [14 , 17, 62]  84826.251863 vs 82612.904415 >>  2213.347448  :  657.531250  (2)
[466]    318  [14, 17]
[650]    339  [14, 62]

 [40] ******************************************************

 [5 , 17, 26]  73554.422273 vs 71675.777429 >>  1878.644845  :  1000.687500  (3)
[465]    184  [5, 17, 26]
[466]    574  [5, 17]
[467]    243  [5, 17, 26]

 [30] ******************************************************

 [5 , 17, 26]  62483.579989 vs 61310.542740 >>  1173.037248  :  1208.343750  (3)
[465]    316  [5, 17, 26]
[466]    656  [5, 17]
[467]    236  [5, 17, 26]