

 [80] ******************************************************

 [99 , 99, 99]  131347.645610 vs 126915.527170 >>  4432.118440  :  0.000000  (0)

 [70] ******************************************************

 [8 , 33, 57]  109138.657973 vs 106060.411986 >>  3078.245987  :  102.468750  (1)
[466]    102  [8, 33, 57]

 [60] ******************************************************

 [13 , 47, 57]  95498.035203 vs 92712.561467 >>  2785.473736  :  188.640625  (2)
[466]    131  [13, 47, 57]
[609]    58  [13, 47, 57]

 [50] ******************************************************

 [13 , 47, 57]  84826.251863 vs 82558.414161 >>  2267.837703  :  251.703125  (2)
[466]    164  [13, 47, 57]
[609]    88  [13, 47, 57]

 [40] ******************************************************

 [13 , 47, 57]  73554.422273 vs 71770.020213 >>  1784.402060  :  601.328125  (2)
[466]    418  [13, 47, 57]
[609]    184  [13, 47, 57]

 [30] ******************************************************

 [13 , 47, 57]  62483.579989 vs 61357.758132 >>  1125.821856  :  892.031250  (2)
[466]    500  [13, 47, 57]
[609]    392  [13, 47, 57]