

 [80] ******************************************************

 [37 , 56, 59]  131347.645610 vs 127093.217785 >>  4254.427825  :  86.015625  (1)
[857]    86  [37, 56, 59]
[857]    79  [34, 37, 56]
[857]    76  [29, 37, 59]
[857]    76  [34, 37, 59]
[857]    75  [20, 37, 59]

 [70] ******************************************************

 [12 , 20, 50]  109138.657973 vs 106080.397560 >>  3058.260413  :  138.046875  (2)
[750]    51  [12, 20]
[788]    87  [20, 50]
[788]    87  [20, 50]
[918]    29  [58]
[781]    22  [20, 47, 50]
[788]    91  [20, 47, 50]
[788]    94  [6, 20, 50]
[952]    16  [6, 20]
[788]    87  [20, 50]
[915]    22  [1]

 [60] ******************************************************

 [1 , 55, 58]  95498.035203 vs 92787.713963 >>  2710.321240  :  211.750000  (3)
[468]    140  [1, 55, 58]
[915]    30  [1, 55, 58]
[918]    42  [58]
[468]    160  [1, 55, 57]
[915]    43  [1, 57]
[468]    159  [1, 23, 55]
[915]    35  [1, 23, 55]
[468]    153  [1, 17, 55]
[915]    39  [1, 17, 55]
[788]    141  [20, 50]
[857]    50  [20, 37, 50]

 [50] ******************************************************

 [1 , 55, 58]  84826.251863 vs 82693.231328 >>  2133.020535  :  293.593750  (3)
[468]    170  [1, 55, 58]
[915]    60  [1, 55, 58]
[918]    64  [58]
[468]    190  [1, 55, 57]
[915]    73  [1, 57]
[468]    190  [1, 23, 55]
[915]    65  [1, 23, 55]
[468]    183  [1, 17, 55]
[915]    68  [1, 17, 55]
[468]    194  [1, 8, 55]
[915]    55  [1, 55]

 [40] ******************************************************

 [1 , 55, 58]  73554.422273 vs 71814.957615 >>  1739.464659  :  333.781250  (3)
[468]    217  [1, 55, 58]
[915]    59  [1, 55, 58]
[918]    58  [58]
[468]    236  [1, 55, 57]
[915]    73  [1, 57]
[468]    209  [1, 26, 55]
[578]    36  [26]
[915]    64  [1, 26, 55]
[468]    236  [1, 23, 55]
[915]    65  [1, 23, 55]
[468]    230  [1, 17, 55]
[915]    68  [1, 17, 55]

 [30] ******************************************************

 [1 , 55, 58]  62483.579989 vs 61439.451282 >>  1044.128706  :  465.078125  (4)
[62]    3  [55]
[468]    260  [1, 55, 58]
[915]    97  [1, 55, 58]
[918]    105  [58]
[62]    3  [55]
[70]    1  [39]
[468]    267  [1, 39, 55]
[676]    37  [1, 39]
[915]    96  [1, 39, 55]
[62]    3  [55]
[460]    0  [50]
[468]    234  [1, 55]
[788]    73  [50, 55]
[915]    92  [1, 55]
[62]    3  [55]
[460]    2  [57]
[468]    280  [1, 55, 57]
[915]    110  [1, 57]
[62]    3  [55]
[468]    252  [1, 26, 55]
[578]    35  [26]
[915]    101  [1, 26, 55]