

 [80] ******************************************************

 [9 , 10, 61]  152718.430809 vs 149642.144416 >>  3076.286393  :  62.171875  (1)
[340]    62  [9, 10, 61]
[340]    58  [5, 9, 61]
[340]    55  [3, 9, 61]
[340]    54  [9, 48, 61]
[340]    54  [9, 38, 61]

 [70] ******************************************************

 [6 , 10, 61]  131002.014504 vs 128578.687394 >>  2423.327110  :  120.968750  (2)
[340]    55  [6, 10, 61]
[674]    66  [6, 10, 61]
[340]    67  [3, 38, 61]
[881]    36  [3, 38, 61]
[340]    72  [6, 9, 61]
[674]    29  [6, 9, 61]
[340]    58  [6, 48, 61]
[674]    38  [6, 48, 61]
[340]    96  [9, 10, 61]

 [60] ******************************************************

 [8 , 61, 62]  116495.898057 vs 114598.053261 >>  1897.844796  :  377.250000  (2)
[340]    130  [61, 62]
[375]    247  [8, 61, 62]
[278]    96  [8, 41, 62]
[375]    253  [8, 41, 62]
[375]    245  [8, 62]
[840]    99  [31, 62]
[278]    69  [8, 41, 61]
[340]    109  [61]
[375]    161  [8, 41, 61]
[340]    176  [9, 61]
[375]    158  [8, 9, 61]

 [50] ******************************************************

 [8 , 41, 61]  102911.142500 vs 100491.457299 >>  2419.685201  :  543.375000  (3)
[278]    159  [8, 41, 61]
[340]    180  [61]
[375]    205  [8, 41, 61]
[340]    208  [6, 30, 61]
[674]    78  [6, 30, 61]
[804]    251  [6, 30, 61]
[340]    204  [30, 61]
[375]    190  [8, 30, 61]
[804]    146  [8, 30, 61]
[278]    154  [30, 41, 61]
[340]    204  [30, 61]
[804]    156  [30, 41, 61]
[340]    201  [61, 62]
[375]    291  [8, 61, 62]

 [40] ******************************************************

 [3 , 6, 39]  88822.025518 vs 86625.655909 >>  2196.369609  :  776.718750  (3)
[276]    206  [3, 6]
[674]    306  [3, 6, 39]
[710]    265  [39]
[375]    228  [8]
[674]    266  [6, 39]
[710]    277  [8, 39]
[340]    193  [6, 61]
[674]    281  [6, 39, 61]
[710]    282  [39, 61]
[276]    206  [3, 6]
[340]    229  [3, 6, 61]
[674]    306  [3, 6, 61]
[276]    206  [3, 6]
[375]    229  [3, 8]
[674]    302  [3, 6]

 [30] ******************************************************

 [9 , 39, 55]  72878.288091 vs 71079.221714 >>  1799.066377  :  1376.859375  (5)
[673]    119  [9, 39, 55]
[678]    184  [9, 55]
[707]    182  [39, 55]
[710]    448  [9, 39, 55]
[805]    451  [9, 55]
[673]    83  [6, 9, 55]
[674]    370  [6, 9]
[678]    218  [6, 9, 55]
[707]    249  [6, 55]
[805]    454  [6, 9, 55]
[278]    405  [9, 41, 55]
[673]    70  [9, 55]
[678]    184  [9, 55]
[707]    174  [55]
[805]    451  [9, 55]
[246]    342  [0, 9]
[673]    70  [9, 55]
[678]    194  [0, 9, 55]
[707]    174  [55]
[805]    504  [0, 9, 55]
[340]    373  [9, 55, 61]
[673]    70  [9, 55]
[678]    208  [9, 55, 61]
[707]    180  [55, 61]
[805]    451  [9, 55]