
 now Q is 60

 now outputing  - - - -> end


basis_ent0 = 0.008054
 [7 , 44, 56]  0.008054 + 0.011576 >>  0.012960  :  1171.765625  (47)
 [7 , 28, 56]  0.008054 + 0.010558 <  0.012960  :  1097.484375  (36)
 [3 , 7, 56]  0.008054 + 0.009968 <  0.012960  :  1086.843750  (37)
 [0 , 16, 56]  0.008054 + 0.009226 <  0.012960  :  1081.812500  (33)
 [11 , 49, 56]  0.008054 + 0.008920 <  0.012960  :  1068.859375  (36)
 [49 , 56, 58]  0.008054 + 0.008955 <  0.012960  :  1068.546875  (37)
 [21 , 49, 56]  0.008054 + 0.009049 <  0.012960  :  1067.437500  (36)
 [21 , 44, 56]  0.008054 + 0.009745 <  0.012960  :  1067.328125  (42)
 [18 , 21, 56]  0.008054 + 0.008506 <  0.012960  :  1067.203125  (34)
 [31 , 49, 56]  0.008054 + 0.009583 <  0.012960  :  1066.859375  (40)

 [21 , 56, 99]  0.008054 + 0.009560 <  0.008640  :  1046.937500  (31)
 [44 , 56, 99]  0.008054 + 0.010449 <  0.008640  :  1032.046875  (38)
 [8 , 56, 99]  0.008054 + 0.009733 <  0.008640  :  1032.000000  (33)
 [56 , 58, 99]  0.008054 + 0.009760 <  0.008640  :  1031.750000  (32)
 [18 , 56, 99]  0.008054 + 0.009514 <  0.008640  :  1031.500000  (30)
 [49 , 56, 99]  0.008054 + 0.010029 <  0.008640  :  1031.375000  (33)
 [4 , 56, 99]  0.008054 + 0.010089 <  0.008640  :  1030.828125  (35)
 [5 , 56, 99]  0.008054 + 0.009857 <  0.008640  :  1030.671875  (32)
 [51 , 56, 99]  0.008054 + 0.009747 <  0.008640  :  1030.171875  (32)
 [32 , 56, 99]  0.008054 + 0.009511 <  0.008640  :  1029.187500  (30)

 [56 , 99, 99]  0.008054 + 0.010173 <  0.004320  :  1013.109375  (27)
 [44 , 99, 99]  0.008054 + 0.001102 <  0.004320  :  13.421875  (13)
 [58 , 99, 99]  0.008054 + 0.000231 <  0.004320  :  9.500000  (3)
 [8 , 99, 99]  0.008054 + 0.000447 <  0.004320  :  6.687500  (6)
 [7 , 99, 99]  0.008054 + 0.000470 <  0.004320  :  6.296875  (5)
 [9 , 99, 99]  0.008054 + 0.000608 <  0.004320  :  5.437500  (8)
 [42 , 99, 99]  0.008054 + 0.000463 <  0.004320  :  5.062500  (7)
 [36 , 99, 99]  0.008054 + 0.000343 <  0.004320  :  4.750000  (5)
 [52 , 99, 99]  0.008054 + 0.000367 <  0.004320  :  4.734375  (6)
 [54 , 99, 99]  0.008054 + 0.000119 <  0.004320  :  4.609375  (2)
7, 44, 56