

 [80] ******************************************************

 [9 , 34, 59]  152718.430809 vs 149593.754056 >>  3124.676752  :  66.531250  (1)
[340]    67  [9, 34, 59]

 [70] ******************************************************

 [9 , 34, 59]  131002.014504 vs 128629.397971 >>  2372.616534  :  99.875000  (1)
[340]    100  [9, 34, 59]

 [60] ******************************************************

 [32 , 49, 59]  116495.898057 vs 114560.206565 >>  1935.691492  :  254.015625  (2)
[340]    178  [32, 49, 59]
[881]    76  [32, 49, 59]

 [50] ******************************************************

 [1 , 44, 50]  102911.142500 vs 100532.792677 >>  2378.349823  :  512.406250  (3)
[343]    24  [1, 44]
[710]    191  [1, 44, 50]
[804]    297  [1, 44, 50]

 [40] ******************************************************

 [28 , 44, 59]  88822.025518 vs 86652.052657 >>  2169.972860  :  676.843750  (3)
[340]    226  [28, 44, 59]
[710]    255  [28, 44]
[773]    195  [28, 59]

 [30] ******************************************************

 [2 , 6, 37]  72878.288091 vs 71085.933794 >>  1792.354296  :  1432.687500  (7)
[455]    63  [2, 37]
[673]    77  [2]
[674]    239  [2, 6, 37]
[678]    281  [2, 6]
[743]    441  [2, 6, 37]
[931]    102  [2, 6, 37]
[932]    230  [2, 6, 37]