

 [80] ******************************************************

 [25 , 45, 46]  121891.745328 vs 117172.275832 >>  4719.469495  :  296.062500  (3)
[886]    81  [45]
[959]    100  [25, 45]
[978]    115  [25, 45, 46]

 [70] ******************************************************

 [16 , 25, 51]  100181.443032 vs 97181.421656 >>  3000.021376  :  444.187500  (3)
[944]    133  [25, 51]
[959]    140  [25, 51]
[1011]    172  [16, 25, 51]

 [60] ******************************************************

 [7 , 16, 25]  86232.334477 vs 84184.707159 >>  2047.627318  :  524.250000  (3)
[959]    164  [25]
[1006]    140  [7, 16, 25]
[1011]    220  [7, 16, 25]

 [50] ******************************************************

 [16 , 25, 36]  75162.802696 vs 73828.306026 >>  1334.496670  :  591.328125  (3)
[959]    196  [25, 36]
[1011]    224  [16, 25, 36]
[1022]    171  [16, 25, 36]

 [40] ******************************************************

 [2 , 16, 40]  64956.747797 vs 63944.664786 >>  1012.083011  :  619.281250  (3)
[983]    176  [2, 16]
[1011]    247  [16, 40]
[1014]    196  [2, 16, 40]

 [30] ******************************************************

 [16 , 25, 36]  54436.507764 vs 53706.515699 >>  729.992065  :  684.125000  (3)
[959]    214  [25, 36]
[1011]    259  [16, 25, 36]
[1022]    211  [16, 25, 36]