

 [80] ******************************************************

 [33 , 45, 51]  121891.745328 vs 117158.825091 >>  4732.920237  :  138.796875  (2)
 [755]    130.687500 (3)
 [977]    8.109375 (3)

 [70] ******************************************************

 [8 , 23, 24]  100181.443032 vs 97076.680681 >>  3104.762351  :  309.156250  (2)
 [821]    229.625000 (2)
 [1011]    79.531250 (2)

 [60] ******************************************************

 [8 , 24, 33]  86232.334477 vs 83753.872733 >>  2478.461744  :  692.812500  (4)
 [722]    192.468750 (2)
 [755]    268.984375 (3)
 [788]    186.921875 (3)
 [821]    230.609375 (2)

 [50] ******************************************************

 [8 , 24, 33]  75162.802696 vs 73445.262928 >>  1717.539768  :  952.750000  (4)
 [722]    276.671875 (2)
 [755]    260.390625 (3)
 [788]    203.093750 (3)
 [821]    398.765625 (2)

 [40] ******************************************************

 [8 , 24, 33]  64956.747797 vs 63669.705863 >>  1287.041934  :  1100.843750  (7)
 [536]    1.015625 (1)
 [722]    334.953125 (2)
 [755]    243.609375 (3)
 [777]    1.171875 (1)
 [788]    180.328125 (3)
 [794]    5.984375 (1)
 [821]    519.953125 (2)

 [30] ******************************************************

 [8 , 24, 33]  54436.507764 vs 53598.491906 >>  838.015858  :  1901.968750  (13)
 [299]    9.531250 (1)
 [568]    6.734375 (1)
 [705]    1.468750 (1)
 [722]    408.984375 (2)
 [745]    4.171875 (1)
 [755]    442.609375 (3)
 [777]    0.171875 (1)
 [785]    0.156250 (1)
 [788]    554.968750 (3)
 [800]    2.281250 (1)
 [821]    644.937500 (2)
 [926]    7.468750 (2)
 [946]    5.843750 (1)