

 [80] ******************************************************

 [7 , 9, 41]  152718.430809 vs 149624.999169 >>  3093.431640  :  54.281250  (1)
[340]    54  [7, 9, 41]

 [70] ******************************************************

 [7 , 25, 41]  131002.014504 vs 128550.355220 >>  2451.659284  :  174.125000  (2)
[340]    55  [7, 41]
[423]    120  [7, 25, 41]

 [60] ******************************************************

 [7 , 25, 48]  116495.898057 vs 114446.248950 >>  2049.649107  :  371.375000  (3)
[246]    124  [7, 25, 48]
[340]    136  [7, 48]
[423]    112  [25]

 [50] ******************************************************

 [3 , 7, 25]  102911.142500 vs 100484.619930 >>  2426.522570  :  538.687500  (3)
[340]    182  [7]
[423]    201  [25]
[804]    158  [3, 7]

 [40] ******************************************************

 [7 , 15, 25]  88822.025518 vs 86605.406920 >>  2216.618598  :  685.093750  (3)
[340]    189  [7]
[423]    275  [25]
[673]    222  [15, 25]

 [30] ******************************************************

 [15 , 20, 48]  72878.288091 vs 71129.986533 >>  1748.301558  :  1482.750000  (4)
[246]    480  [15, 20, 48]
[278]    406  [15, 20]
[673]    445  [15]
[678]    153  [15, 48]