

 [80] ******************************************************

 [21 , 24, 60]  152718.430809 vs 149591.351637 >>  3127.079171  :  19.703125  (1)
[664]    20  [21, 24, 60]
[664]    17  [24, 59, 60]
[664]    16  [21, 24, 52]
[664]    16  [9, 24, 52]
[664]    16  [24, 58, 60]

 [70] ******************************************************

 [19 , 48, 50]  131002.014504 vs 128603.745412 >>  2398.269093  :  142.265625  (2)
[342]    63  [19, 48, 50]
[646]    80  [19, 48, 50]
[423]    84  [19, 31, 43]
[750]    43  [19, 31, 43]
[342]    55  [19, 31, 48]
[423]    68  [19, 31, 48]
[423]    78  [19, 21, 31]
[342]    10  [42, 48, 50]
[646]    67  [42, 48, 50]

 [60] ******************************************************

 [19 , 48, 50]  116495.898057 vs 114639.929541 >>  1855.968516  :  233.890625  (2)
[342]    97  [19, 48, 50]
[646]    137  [19, 48, 50]
[436]    105  [21, 24, 58]
[664]    124  [21, 24, 58]
[664]    122  [24, 43, 52]
[750]    95  [43, 52]
[436]    25  [21]
[664]    114  [21, 24, 43]
[750]    77  [21, 43]
[664]    111  [9, 24, 43]
[750]    95  [9, 43]

 [50] ******************************************************

 [21 , 24, 43]  102911.142500 vs 100497.202804 >>  2413.939695  :  391.937500  (3)
[436]    75  [21]
[664]    189  [21, 24, 43]
[750]    127  [21, 43]
[436]    155  [21, 24, 58]
[664]    200  [21, 24, 58]
[423]    37  [24, 31, 43]
[664]    175  [24, 31, 43]
[750]    139  [31, 43]
[743]    146  [0, 2, 26]
[744]    198  [0, 2]
[664]    197  [24, 43, 52]
[750]    145  [43, 52]

 [40] ******************************************************

 [23 , 45, 54]  88822.025518 vs 86698.948122 >>  2123.077396  :  480.828125  (2)
[707]    186  [23, 54]
[740]    295  [23, 45, 54]
[342]    156  [31, 48, 50]
[423]    186  [31, 48, 50]
[646]    133  [31, 48, 50]
[707]    238  [23, 26, 54]
[740]    74  [23, 26, 54]
[743]    160  [23, 26, 54]
[342]    119  [8, 48, 50]
[646]    136  [8, 48, 50]
[843]    206  [8, 48, 50]
[707]    118  [26, 54]
[743]    163  [26, 49, 54]
[808]    168  [26, 49]

 [30] ******************************************************

 [12 , 26, 45]  72878.288091 vs 71088.789710 >>  1789.498381  :  1216.218750  (5)
[678]    153  [12, 26, 45]
[740]    276  [26, 45]
[743]    407  [26, 45]
[771]    292  [12, 45]
[931]    118  [12, 45]
[678]    113  [26, 45]
[707]    216  [26, 54]
[740]    412  [26, 45, 54]
[743]    461  [26, 45, 54]
[278]    416  [4, 12, 47]
[674]    84  [12, 47]
[738]    167  [12, 47]
[771]    348  [4, 12, 47]
[773]    20  [4, 12, 47]
[931]    204  [12, 47]
[278]    379  [4, 12, 26]
[743]    386  [26]
[771]    338  [4, 12]
[931]    81  [4, 12]
[674]    85  [12, 26, 47]
[738]    167  [12, 47]
[743]    404  [26, 47]
[771]    311  [12, 47]
[773]    6  [12, 47]
[931]    204  [12, 47]