

 [80] ******************************************************

 [15 , 16, 19]  121891.745328 vs 118025.365180 >>  3866.380147  :  20.921875  (32)
[2]    1  [15]
[24]    0  [15, 19]
[28]    1  [15, 19]
[37]    1  [15, 19]
[65]    0  [19]
[88]    0  [15]
[115]    0  [19]
[116]    0  [16]
[120]    0  [19]
[130]    1  [15]
[134]    0  [15]
[136]    0  [15]
[146]    0  [16]
[151]    1  [16]
[152]    0  [16]
[170]    1  [16]
[249]    1  [16]
[253]    1  [16]
[257]    0  [16]
[296]    1  [15, 16, 19]
[311]    0  [19]
[314]    1  [19]
[316]    0  [16]
[342]    1  [16]
[360]    0  [16]
[376]    0  [15]
[378]    0  [16]
[409]    0  [15, 16]
[451]    1  [19]
[502]    1  [15]
[510]    0  [19]
[515]    1  [19]
[573]    1  [15]
[584]    0  [19]

 [70] ******************************************************

 [12 , 15, 16]  100181.443032 vs 98145.326871 >>  2036.116161  :  55.984375  (54)
[5]    1  [16]
[28]    1  [16]
[34]    1  [12, 16]
[36]    1  [15]
[37]    2  [16]
[44]    0  [16]
[52]    0  [12]
[55]    0  [15]
[56]    0  [16]
[59]    1  [12, 15]
[65]    1  [12]
[69]    1  [12]
[82]    0  [12]
[86]    1  [15]
[90]    2  [12]
[95]    0  [12, 16]
[109]    0  [12]
[114]    3  [12]
[120]    1  [12]
[129]    1  [16]
[137]    1  [12]
[151]    2  [16]
[154]    1  [16]
[157]    0  [16]
[170]    3  [16]
[178]    2  [12]
[221]    0  [15]
[229]    1  [16]
[249]    1  [16]
[251]    0  [16]
[252]    0  [16]
[253]    1  [16]
[257]    2  [16]
[291]    1  [15]
[296]    5  [12, 15, 16]
[299]    2  [16]
[314]    2  [12]
[341]    0  [15]
[360]    1  [16]
[363]    1  [16]
[378]    0  [16]
[405]    1  [15]
[406]    1  [16]
[409]    0  [16]
[421]    0  [12]
[426]    2  [12]
[479]    0  [16]
[500]    0  [12]
[508]    2  [12]
[509]    1  [16]
[532]    0  [12]
[553]    1  [15]
[581]    5  [15, 16]
[681]    1  [16]

 [60] ******************************************************

 [26 , 30, 41]  86232.334477 vs 84543.219920 >>  1689.114557  :  134.906250  (22)
[8]    5  [26]
[16]    0  [41]
[22]    2  [41]
[52]    1  [26]
[53]    0  [30]
[78]    2  [41]
[154]    1  [26]
[157]    2  [41]
[193]    1  [41]
[216]    0  [26]
[251]    2  [30]
[334]    2  [41]
[341]    0  [30]
[404]    1  [26]
[479]    2  [26]
[509]    2  [26]
[582]    2  [30]
[607]    3  [41]
[649]    1  [26]
[681]    2  [30]
[713]    2  [41]
[755]    103  [26, 30, 41]

 [50] ******************************************************

 [20 , 21, 58]  75162.802696 vs 73920.307490 >>  1242.495206  :  177.265625  (15)
[8]    3  [21]
[35]    3  [20]
[112]    2  [20]
[235]    48  [20, 58]
[280]    1  [21]
[296]    2  [21, 58]
[431]    17  [20, 21, 58]
[471]    8  [20, 21]
[499]    3  [58]
[530]    84  [20, 21, 58]
[548]    3  [20]
[571]    1  [20, 21]
[582]    0  [58]
[768]    1  [20]
[873]    2  [20]

 [40] ******************************************************

 [20 , 21, 58]  64956.747797 vs 64118.250856 >>  838.496941  :  314.234375  (21)
[26]    4  [58]
[31]    3  [20]
[35]    1  [20]
[226]    1  [21]
[235]    111  [20, 58]
[280]    4  [21]
[325]    1  [21]
[421]    4  [20]
[431]    28  [20, 21, 58]
[471]    6  [20, 21]
[530]    100  [20, 21, 58]
[535]    1  [20]
[536]    1  [21]
[548]    4  [20]
[571]    2  [20]
[757]    27  [21, 58]
[765]    1  [20]
[768]    4  [20]
[794]    5  [21]
[803]    5  [20, 21]
[826]    3  [20]

 [30] ******************************************************

 [1 , 41, 56]  54436.507764 vs 53801.331722 >>  635.176042  :  610.421875  (13)
[299]    10  [41]
[568]    7  [41]
[705]    8  [1]
[745]    5  [41]
[760]    6  [1]
[785]    3  [41]
[788]    242  [1, 41, 56]
[800]    5  [1]
[801]    2  [56]
[802]    7  [1]
[821]    318  [1, 41, 56]
[827]    2  [1, 56]
[838]    1  [1]
[865]    4  [41]
[1013]    1  [1, 56]