

 [80] ******************************************************

 [5 , 10, 54]  121891.745328 vs 117157.675543 >>  4734.069784  :  197.953125  (3)
 [978]    62.609375 (3)
 [1010]    56.046875 (3)
 [1011]    79.296875 (3)

 [70] ******************************************************

 [5 , 10, 56]  100181.443032 vs 97128.578055 >>  3052.864976  :  346.468750  (3)
 [978]    70.921875 (3)
 [994]    104.984375 (3)
 [1011]    170.562500 (2)

 [60] ******************************************************

 [5 , 16, 21]  86232.334477 vs 84119.875288 >>  2112.459189  :  440.187500  (2)
 [788]    289.796875 (2)
 [1011]    161.484375 (2)

 [50] ******************************************************

 [5 , 20, 51]  75162.802696 vs 73775.516945 >>  1387.285751  :  514.453125  (2)
 [756]    323.187500 (3)
 [1011]    191.265625 (2)

 [40] ******************************************************

 [5 , 20, 51]  64956.747797 vs 63932.615808 >>  1024.131989  :  540.500000  (4)
 [536]    1.500000 (1)
 [756]    334.796875 (3)
 [794]    3.765625 (1)
 [1011]    200.437500 (2)

 [30] ******************************************************

 [14 , 16, 21]  54436.507764 vs 53536.530013 >>  899.977751  :  1170.921875  (9)
 [299]    9.968750 (1)
 [568]    5.984375 (1)
 [722]    122.921875 (3)
 [755]    205.578125 (1)
 [788]    678.484375 (3)
 [800]    3.250000 (1)
 [821]    106.687500 (3)
 [931]    32.984375 (2)
 [946]    5.062500 (1)