basis_ent0 = 0.005439
 [0 , 39, 59]  0.005439 + 0.002767 <  0.016445  :  53.625000  (46)
 [24 , 39, 59]  0.005439 + 0.002574 <  0.016445  :  50.015625  (40)
 [39 , 48, 59]  0.005439 + 0.003174 <  0.016445  :  47.500000  (47)
 [0 , 48, 59]  0.005439 + 0.002679 <  0.016445  :  46.359375  (48)
 [48 , 56, 59]  0.005439 + 0.002743 <  0.016445  :  45.984375  (48)
 [39 , 56, 59]  0.005439 + 0.002660 <  0.016445  :  45.531250  (44)
 [39 , 40, 59]  0.005439 + 0.002812 <  0.016445  :  44.859375  (42)
 [39 , 49, 59]  0.005439 + 0.002621 <  0.016445  :  44.671875  (42)
 [0 , 40, 59]  0.005439 + 0.002059 <  0.016445  :  44.265625  (42)
 [31 , 48, 59]  0.005439 + 0.002761 <  0.016445  :  44.140625  (46)

 [48 , 59, 99]  0.005439 + 0.002767 <  0.010963  :  41.906250  (43)
 [39 , 59, 99]  0.005439 + 0.002729 <  0.010963  :  41.656250  (40)
 [56 , 59, 99]  0.005439 + 0.002100 <  0.010963  :  39.859375  (40)
 [0 , 59, 99]  0.005439 + 0.002294 <  0.010963  :  39.343750  (39)
 [31 , 59, 99]  0.005439 + 0.002409 <  0.010963  :  38.843750  (40)
 [40 , 59, 99]  0.005439 + 0.001978 <  0.010963  :  38.453125  (35)
 [21 , 59, 99]  0.005439 + 0.001863 <  0.010963  :  36.609375  (37)
 [59 , 61, 99]  0.005439 + 0.001995 <  0.010963  :  36.500000  (36)
 [15 , 59, 99]  0.005439 + 0.002252 <  0.010963  :  36.406250  (38)
 [36 , 59, 99]  0.005439 + 0.002174 <  0.010963  :  36.218750  (36)

 [59 , 99, 99]  0.005439 + 0.002263 >>  0.005482  :  32.109375  (33)
 [31 , 99, 99]  0.005439 + 0.000559 <  0.005482  :  6.921875  (11)
 [48 , 99, 99]  0.005439 + 0.000702 <  0.005482  :  6.562500  (9)
 [56 , 99, 99]  0.005439 + 0.000246 <  0.005482  :  4.734375  (8)
 [62 , 99, 99]  0.005439 + 0.000196 <  0.005482  :  4.046875  (8)
 [40 , 99, 99]  0.005439 + 0.000167 <  0.005482  :  3.984375  (3)
 [39 , 99, 99]  0.005439 + 0.000416 <  0.005482  :  3.562500  (9)
 [0 , 99, 99]  0.005439 + 0.000281 <  0.005482  :  3.359375  (4)
 [36 , 99, 99]  0.005439 + 0.000126 <  0.005482  :  3.171875  (2)
 [49 , 99, 99]  0.005439 + 0.000049 <  0.005482  :  2.828125  (3)
59, 99, 99