basis_ent0 = 0.009615
 [0 , 39, 59]  0.009615 + 0.005287 <  0.016445  :  1165.421875  (54)
 [24 , 39, 59]  0.009615 + 0.003818 <  0.016445  :  969.312500  (45)
 [2 , 39, 59]  0.009615 + 0.004748 <  0.016445  :  941.015625  (44)
 [31 , 39, 59]  0.009615 + 0.005124 <  0.016445  :  893.625000  (48)
 [39 , 48, 59]  0.009615 + 0.005925 <  0.016445  :  888.671875  (49)
 [6 , 39, 59]  0.009615 + 0.004518 <  0.016445  :  887.062500  (45)
 [5 , 39, 59]  0.009615 + 0.004186 <  0.016445  :  885.656250  (45)
 [8 , 39, 59]  0.009615 + 0.004788 <  0.016445  :  884.281250  (46)
 [7 , 39, 59]  0.009615 + 0.004600 <  0.016445  :  882.359375  (44)
 [39 , 52, 59]  0.009615 + 0.004298 <  0.016445  :  881.015625  (45)

 [39 , 59, 99]  0.009615 + 0.005971 >>  0.010963  :  862.781250  (45)
 [31 , 39, 99]  0.009615 + 0.003100 <  0.010963  :  359.031250  (20)
 [0 , 59, 99]  0.009615 + 0.002646 <  0.010963  :  328.718750  (32)
 [39 , 56, 99]  0.009615 + 0.002014 <  0.010963  :  271.031250  (14)
 [0 , 39, 99]  0.009615 + 0.002357 <  0.010963  :  259.093750  (15)
 [8 , 39, 99]  0.009615 + 0.001912 <  0.010963  :  255.671875  (14)
 [2 , 39, 99]  0.009615 + 0.001994 <  0.010963  :  245.468750  (13)
 [6 , 39, 99]  0.009615 + 0.002118 <  0.010963  :  240.375000  (14)
 [39 , 48, 99]  0.009615 + 0.001836 <  0.010963  :  236.609375  (18)
 [39 , 47, 99]  0.009615 + 0.001559 <  0.010963  :  215.906250  (13)

 [39 , 99, 99]  0.009615 + 0.002479 <  0.005482  :  172.234375  (11)
 [59 , 99, 99]  0.009615 + 0.000826 <  0.005482  :  135.859375  (23)
 [0 , 99, 99]  0.009615 + 0.000711 <  0.005482  :  65.218750  (3)
 [48 , 99, 99]  0.009615 + 0.000101 <  0.005482  :  29.875000  (6)
 [2 , 99, 99]  0.009615 + 0.000117 <  0.005482  :  14.140625  (1)
 [31 , 99, 99]  0.009615 + 0.000054 <  0.005482  :  6.390625  (3)
 [60 , 99, 99]  0.009615 + 0.000077 <  0.005482  :  5.468750  (1)
 [14 , 99, 99]  0.009615 + 0.000025 <  0.005482  :  4.984375  (1)
 [25 , 99, 99]  0.009615 + 0.000163 <  0.005482  :  4.781250  (3)
 [11 , 99, 99]  0.009615 + 0.000027 <  0.005482  :  3.250000  (1)
39, 59, 99