basis_ent0 = 0.012129
 [0 , 39, 59]  0.012129 + 0.003785 <  0.016445  :  2631.671875  (73)
 [39 , 46, 59]  0.012129 + 0.003307 <  0.016445  :  2157.125000  (70)
 [20 , 39, 59]  0.012129 + 0.003421 <  0.016445  :  2073.687500  (62)
 [39 , 52, 59]  0.012129 + 0.002818 <  0.016445  :  1963.531250  (60)
 [39 , 51, 59]  0.012129 + 0.002840 <  0.016445  :  1961.203125  (60)
 [39 , 44, 59]  0.012129 + 0.002803 <  0.016445  :  1960.828125  (60)
 [39 , 50, 59]  0.012129 + 0.002725 <  0.016445  :  1954.593750  (60)
 [39 , 48, 59]  0.012129 + 0.002848 <  0.016445  :  1954.375000  (60)
 [39 , 47, 59]  0.012129 + 0.002836 <  0.016445  :  1953.890625  (60)
 [39 , 40, 59]  0.012129 + 0.002700 <  0.016445  :  1953.093750  (59)

 [39 , 59, 99]  0.012129 + 0.002700 >>  0.010963  :  1953.093750  (59)
 [0 , 59, 99]  0.012129 + 0.003015 <  0.010963  :  1166.406250  (56)
 [20 , 39, 99]  0.012129 + 0.001677 <  0.010963  :  1163.531250  (25)
 [31 , 39, 99]  0.012129 + 0.001469 <  0.010963  :  1110.359375  (24)
 [39 , 46, 99]  0.012129 + 0.002035 <  0.010963  :  1092.203125  (33)
 [0 , 39, 99]  0.012129 + 0.001552 <  0.010963  :  1040.828125  (26)
 [39 , 56, 99]  0.012129 + 0.001070 <  0.010963  :  1025.640625  (22)
 [8 , 39, 99]  0.012129 + 0.001079 <  0.010963  :  1014.296875  (23)
 [2 , 39, 99]  0.012129 + 0.001319 <  0.010963  :  1004.109375  (24)
 [6 , 39, 99]  0.012129 + 0.001097 <  0.010963  :  1002.843750  (23)

 [39 , 99, 99]  0.012129 + 0.002338 <  0.005482  :  898.687500  (22)
 [59 , 99, 99]  0.012129 + 0.001800 <  0.005482  :  392.765625  (41)
 [20 , 99, 99]  0.012129 + 0.000437 <  0.005482  :  237.078125  (3)
 [0 , 99, 99]  0.012129 + 0.000639 <  0.005482  :  105.968750  (4)
 [46 , 99, 99]  0.012129 + 0.000551 <  0.005482  :  72.968750  (10)
 [16 , 99, 99]  0.012129 + 0.000097 <  0.005482  :  67.609375  (2)
 [2 , 99, 99]  0.012129 + 0.000072 <  0.005482  :  51.515625  (2)
 [19 , 99, 99]  0.012129 + 0.000036 <  0.005482  :  41.125000  (1)
 [61 , 99, 99]  0.012129 + 0.000030 <  0.005482  :  28.421875  (1)
 [34 , 99, 99]  0.012129 + 0.000068 <  0.005482  :  22.875000  (2)
39, 59, 99