basis_ent0 = 0.008445
 [0 , 39, 59]  0.008445 + 0.007013 <  0.016445  :  600.890625  (56)
 [24 , 39, 59]  0.008445 + 0.005599 <  0.016445  :  507.828125  (51)
 [14 , 39, 59]  0.008445 + 0.006920 <  0.016445  :  418.250000  (53)
 [8 , 39, 59]  0.008445 + 0.006496 <  0.016445  :  415.906250  (52)
 [31 , 39, 59]  0.008445 + 0.006648 <  0.016445  :  414.609375  (54)
 [39 , 52, 59]  0.008445 + 0.006057 <  0.016445  :  413.578125  (52)
 [5 , 39, 59]  0.008445 + 0.006232 <  0.016445  :  413.015625  (51)
 [6 , 39, 59]  0.008445 + 0.006440 <  0.016445  :  412.546875  (54)
 [2 , 39, 59]  0.008445 + 0.006567 <  0.016445  :  410.656250  (53)
 [39 , 46, 59]  0.008445 + 0.006845 <  0.016445  :  409.343750  (52)

 [39 , 59, 99]  0.008445 + 0.007896 >>  0.010963  :  392.250000  (51)
 [0 , 59, 99]  0.008445 + 0.002927 <  0.010963  :  184.453125  (35)
 [0 , 48, 99]  0.008445 + 0.000872 <  0.010963  :  91.375000  (4)
 [40 , 59, 99]  0.008445 + 0.001495 <  0.010963  :  86.703125  (33)
 [42 , 59, 99]  0.008445 + 0.001427 <  0.010963  :  83.843750  (30)
 [4 , 59, 99]  0.008445 + 0.001525 <  0.010963  :  80.078125  (32)
 [25 , 59, 99]  0.008445 + 0.001821 <  0.010963  :  79.718750  (35)
 [55 , 59, 99]  0.008445 + 0.001735 <  0.010963  :  79.546875  (33)
 [13 , 59, 99]  0.008445 + 0.001331 <  0.010963  :  79.437500  (31)
 [14 , 59, 99]  0.008445 + 0.001478 <  0.010963  :  79.390625  (31)

 [59 , 99, 99]  0.008445 + 0.001551 <  0.005482  :  75.671875  (30)
 [0 , 99, 99]  0.008445 + 0.000608 <  0.005482  :  53.578125  (2)
 [40 , 99, 99]  0.008445 + 0.000052 <  0.005482  :  10.046875  (3)
 [31 , 99, 99]  0.008445 + 0.000147 <  0.005482  :  7.390625  (5)
 [62 , 99, 99]  0.008445 + 0.000006 <  0.005482  :  5.296875  (6)
 [56 , 99, 99]  0.008445 + 0.000081 <  0.005482  :  3.656250  (2)
 [29 , 99, 99]  0.008445 + 0.000033 <  0.005482  :  1.578125  (1)
 [4 , 99, 99]  0.008445 + 0.000003 <  0.005482  :  1.421875  (2)
 [48 , 99, 99]  0.008445 + 0.000222 <  0.005482  :  0.875000  (1)
 [25 , 99, 99]  0.008445 + 0.000132 <  0.005482  :  0.843750  (3)
39, 59, 99