

 [80] ******************************************************

 [10 , 16, 25]  131347.645610 vs 127405.039757 >>  3942.605852  :  17.140625  (12)
[8]    1  [10, 16, 25]
[11]    3  [10, 16, 25]
[43]    2  [10, 16]
[44]    2  [16]
[84]    0  [10, 16, 25]
[124]    0  [10, 16, 25]
[284]    1  [25]
[379]    0  [16]
[382]    0  [16, 25]
[461]    5  [16, 25]
[767]    1  [16]
[803]    0  [10]
[805]    1  [10]

 [70] ******************************************************

 [16 , 19, 25]  109138.657973 vs 106527.870749 >>  2610.787224  :  90.937500  (16)
[8]    20  [16, 19, 25]
[12]    18  [16, 25]
[18]    10  [16, 19, 25]
[19]    23  [16, 19, 25]
[43]    1  [16]
[44]    4  [16]
[86]    3  [16, 25]
[91]    1  [16, 25]
[156]    2  [19]
[177]    0  [16, 25]
[197]    1  [16, 19]
[231]    0  [16]
[331]    0  [16]
[372]    1  [19]
[382]    1  [25]
[461]    7  [16]
[801]    2  [19, 25]

 [60] ******************************************************

 [8 , 16, 54]  95498.035203 vs 93157.195896 >>  2340.839308  :  498.437500  (35)
[2]    33  [8, 16, 54]
[3]    8  [16, 54]
[4]    28  [16, 54]
[5]    37  [16]
[6]    35  [16]
[7]    43  [8, 16]
[8]    46  [8, 16]
[9]    34  [8, 16]
[10]    37  [16]
[11]    40  [16]
[12]    29  [16, 54]
[13]    35  [8, 16, 54]
[14]    34  [8, 16, 54]
[19]    20  [8, 16]
[43]    1  [16]
[44]    8  [16]
[63]    2  [8]
[79]    2  [54]
[91]    1  [8, 16]
[110]    4  [54]
[118]    1  [54]
[165]    0  [54]
[183]    1  [16, 54]
[198]    0  [54]
[199]    1  [54]
[210]    1  [54]
[213]    2  [54]
[226]    1  [8, 16]
[299]    1  [54]
[321]    1  [54]
[331]    0  [16, 54]
[381]    3  [54]
[382]    4  [54]
[400]    2  [54]
[459]    2  [8]
[796]    2  [54]
[801]    1  [54]

 [50] ******************************************************

 [10 , 16, 25]  84826.251863 vs 83491.526220 >>  1334.725643  :  765.328125  (47)
[2]    49  [16]
[3]    40  [10, 16, 25]
[4]    64  [10, 16, 25]
[5]    69  [10, 16]
[6]    70  [10, 16]
[7]    49  [10, 16, 25]
[8]    56  [10, 16, 25]
[9]    65  [10, 16, 25]
[10]    54  [10, 16]
[11]    58  [10, 16, 25]
[12]    40  [10, 16, 25]
[13]    23  [10, 16]
[14]    20  [10, 16, 25]
[19]    24  [16, 25]
[26]    9  [10, 16, 25]
[43]    2  [16]
[44]    4  [16]
[63]    3  [16]
[70]    6  [10, 25]
[79]    0  [25]
[84]    1  [25]
[86]    1  [25]
[91]    6  [16, 25]
[92]    1  [16, 25]
[165]    2  [25]
[175]    0  [10, 16]
[177]    1  [25]
[179]    1  [10, 16]
[180]    0  [10, 16]
[204]    0  [10, 25]
[227]    5  [10]
[233]    1  [10, 16]
[242]    3  [10, 25]
[259]    16  [10, 16, 25]
[265]    2  [25]
[299]    3  [10]
[335]    2  [10, 25]
[381]    2  [16]
[382]    4  [25]
[553]    0  [10, 16]
[702]    2  [25]
[772]    1  [25]
[796]    2  [10, 25]
[859]    1  [16]
[938]    2  [10]
[940]    1  [10]
[971]    2  [16]

 [40] ******************************************************

 [10 , 16, 25]  73554.422273 vs 72644.140149 >>  910.282125  :  918.921875  (41)
[2]    52  [16]
[3]    52  [10, 16, 25]
[4]    83  [10, 16, 25]
[5]    83  [10, 16]
[6]    73  [10, 16]
[7]    62  [10, 16, 25]
[8]    58  [10, 16, 25]
[9]    79  [10, 16, 25]
[10]    63  [10, 16]
[11]    57  [10, 16, 25]
[12]    45  [10, 16, 25]
[13]    27  [10, 16]
[14]    25  [10, 16, 25]
[18]    1  [10, 16, 25]
[19]    31  [16, 25]
[26]    13  [10, 16, 25]
[54]    3  [25]
[55]    2  [16]
[70]    6  [10, 25]
[79]    4  [25]
[84]    3  [25]
[86]    2  [25]
[92]    3  [16, 25]
[110]    5  [25]
[171]    5  [25]
[180]    0  [10]
[211]    7  [25]
[221]    4  [16]
[225]    8  [25]
[238]    4  [10, 25]
[242]    5  [25]
[259]    32  [10, 16, 25]
[265]    1  [25]
[302]    6  [25]
[328]    1  [25]
[335]    3  [10, 25]
[403]    0  [16]
[447]    4  [25]
[774]    6  [25]
[861]    1  [16]
[876]    0  [25]
[938]    1  [10]

 [30] ******************************************************

 [16 , 40, 54]  62483.579989 vs 62277.496626 >>  206.083363  :  1156.171875  (67)
[2]    79  [16, 54]
[3]    89  [16, 40]
[4]    76  [16, 40, 54]
[5]    74  [16, 40]
[6]    85  [16]
[7]    63  [16]
[8]    45  [16, 54]
[9]    68  [16]
[10]    49  [16]
[11]    46  [16]
[12]    42  [16, 54]
[13]    22  [16, 54]
[14]    30  [16, 40, 54]
[15]    24  [16, 40, 54]
[18]    21  [16, 54]
[19]    26  [16]
[38]    0  [16]
[48]    2  [40]
[53]    4  [40]
[54]    12  [40]
[55]    7  [54]
[62]    2  [40]
[70]    4  [54]
[84]    13  [16]
[86]    2  [16]
[90]    8  [40]
[92]    5  [16, 54]
[173]    2  [54]
[175]    11  [54]
[176]    6  [40]
[179]    0  [16]
[180]    1  [16]
[203]    3  [16, 40]
[209]    9  [54]
[210]    2  [54]
[211]    6  [54]
[225]    6  [54]
[241]    2  [54]
[242]    3  [54]
[265]    12  [54]
[280]    7  [54]
[291]    2  [40]
[321]    15  [54]
[328]    5  [40]
[336]    0  [40]
[369]    14  [54]
[376]    21  [40]
[443]    9  [40, 54]
[447]    2  [54]
[602]    3  [16]
[675]    0  [40, 54]
[697]    6  [40]
[746]    8  [54]
[773]    2  [16, 54]
[775]    4  [16]
[782]    9  [54]
[806]    5  [16, 54]
[874]    3  [54]
[876]    7  [54]
[940]    5  [54]
[945]    5  [54]
[1000]    17  [16, 40]
[1005]    3  [16, 40, 54]
[1006]    12  [16, 40]
[1007]    18  [16, 40]
[1008]    4  [16, 40]
[1009]    6  [16, 40]
[1013]    8  [40]
[1014]    0  [40, 54]