

 [80] ******************************************************

 [34 , 45, 60]  131347.645610 vs 127065.219956 >>  4282.425653  :  58.687500  (9)
[82]    1  [60]
[110]    0  [34]
[232]    1  [60]
[274]    0  [60]
[293]    45  [34, 45, 60]
[326]    10  [34, 45, 60]
[333]    1  [45, 60]
[403]    0  [34, 60]
[639]    0  [45]

 [70] ******************************************************

 [34 , 45, 60]  109138.657973 vs 106193.741833 >>  2944.916140  :  84.250000  (10)
[45]    1  [60]
[110]    1  [34]
[199]    0  [45, 60]
[231]    0  [45]
[262]    0  [34, 60]
[289]    2  [34]
[293]    53  [34, 45, 60]
[326]    23  [34, 45, 60]
[331]    0  [34]
[403]    2  [34, 60]
[461]    1  [60]

 [60] ******************************************************

 [19 , 20, 49]  95498.035203 vs 93395.969353 >>  2102.065850  :  437.187500  (45)
[1]    20  [19, 20, 49]
[2]    30  [19, 20, 49]
[3]    11  [19, 20]
[4]    32  [20]
[5]    36  [20, 49]
[6]    33  [19, 20, 49]
[7]    30  [19, 20]
[8]    34  [19, 20]
[9]    26  [19, 20, 49]
[10]    40  [19, 20, 49]
[11]    43  [19, 20, 49]
[12]    14  [19, 20, 49]
[13]    7  [19, 20, 49]
[14]    1  [19, 20, 49]
[18]    10  [20, 49]
[19]    19  [20, 49]
[26]    1  [19, 20, 49]
[41]    2  [19]
[42]    3  [20]
[43]    1  [20]
[44]    6  [20]
[51]    0  [19, 49]
[52]    4  [19, 49]
[55]    1  [19, 20]
[63]    1  [49]
[79]    1  [19]
[91]    1  [19, 20]
[110]    4  [19]
[141]    1  [20]
[175]    0  [19, 20]
[199]    1  [49]
[207]    0  [49]
[210]    2  [49]
[226]    1  [19, 49]
[239]    0  [19]
[243]    1  [19]
[245]    1  [19, 49]
[298]    5  [19]
[307]    2  [19]
[334]    3  [20]
[354]    1  [20]
[395]    5  [49]
[399]    1  [20, 49]
[459]    2  [20]
[702]    1  [19, 20]

 [50] ******************************************************

 [19 , 20, 49]  84826.251863 vs 83496.812807 >>  1329.439056  :  711.359375  (55)
[1]    22  [19, 20, 49]
[2]    68  [19, 20, 49]
[3]    46  [19, 20]
[4]    64  [20]
[5]    66  [20, 49]
[6]    62  [19, 20, 49]
[7]    31  [19, 20]
[8]    37  [19, 20]
[9]    52  [19, 20, 49]
[10]    51  [19, 20, 49]
[11]    49  [19, 20, 49]
[12]    20  [19, 20, 49]
[13]    15  [19, 20, 49]
[14]    7  [19, 20, 49]
[18]    10  [20, 49]
[19]    14  [20, 49]
[26]    6  [19, 20, 49]
[43]    2  [20]
[44]    2  [20]
[52]    4  [49]
[53]    1  [49]
[55]    5  [19]
[63]    3  [49]
[70]    3  [19, 20, 49]
[80]    0  [49]
[91]    5  [19, 20]
[92]    1  [19, 20]
[102]    1  [19, 20]
[110]    1  [19]
[136]    2  [49]
[175]    2  [19, 20]
[177]    2  [49]
[179]    0  [19, 20]
[180]    0  [20, 49]
[204]    1  [19, 49]
[207]    5  [49]
[210]    1  [49]
[227]    7  [49]
[230]    0  [19, 20]
[237]    0  [20]
[243]    3  [19]
[245]    6  [49]
[265]    5  [19]
[266]    1  [49]
[272]    2  [19]
[298]    4  [19]
[307]    2  [19]
[369]    0  [49]
[399]    2  [19]
[454]    1  [20]
[702]    2  [19]
[703]    4  [19]
[796]    2  [19, 49]
[859]    2  [19]
[938]    5  [49]
[940]    1  [19]
[971]    2  [20]

 [40] ******************************************************

 [19 , 20, 49]  73554.422273 vs 72586.994873 >>  967.427400  :  880.218750  (49)
[1]    36  [19, 20, 49]
[2]    71  [19, 20, 49]
[3]    59  [19, 20]
[4]    83  [20]
[5]    81  [20, 49]
[6]    65  [19, 20, 49]
[7]    44  [19, 20]
[8]    39  [19, 20]
[9]    65  [19, 20, 49]
[10]    61  [19, 20, 49]
[11]    47  [19, 20, 49]
[12]    25  [19, 20, 49]
[13]    19  [19, 20, 49]
[14]    12  [19, 20, 49]
[18]    14  [20, 49]
[19]    21  [20, 49]
[20]    14  [19, 20, 49]
[26]    10  [19, 20, 49]
[52]    1  [49]
[53]    5  [49]
[54]    4  [49]
[55]    7  [19]
[70]    4  [19, 20]
[79]    3  [19]
[92]    3  [19, 20]
[102]    5  [19]
[110]    7  [19]
[142]    5  [20, 49]
[175]    1  [19, 20]
[176]    5  [49]
[204]    0  [19, 49]
[206]    3  [19, 49]
[207]    7  [49]
[211]    8  [19]
[239]    1  [19]
[243]    5  [19]
[245]    2  [49]
[264]    3  [49]
[265]    4  [19]
[295]    6  [19]
[302]    4  [19]
[307]    1  [19]
[401]    0  [19]
[403]    1  [20]
[703]    7  [19]
[774]    5  [19]
[861]    2  [19]
[938]    4  [49]
[951]    6  [19, 49]

 [30] ******************************************************

 [19 , 20, 49]  62483.579989 vs 62175.788113 >>  307.791875  :  1030.218750  (59)
[1]    25  [19, 20, 49]
[2]    80  [19, 20, 49]
[3]    71  [19, 20]
[4]    74  [20]
[5]    72  [20, 49]
[6]    84  [19, 20, 49]
[7]    50  [19, 20]
[8]    35  [19, 20]
[9]    61  [19, 20, 49]
[10]    52  [19, 20, 49]
[11]    49  [19, 20, 49]
[12]    27  [19, 20, 49]
[13]    16  [19, 20, 49]
[14]    9  [19, 20, 49]
[18]    38  [20, 49]
[19]    47  [20, 49]
[25]    1  [19, 49]
[26]    9  [19, 20, 49]
[28]    7  [19, 20]
[38]    5  [19]
[47]    2  [19]
[48]    2  [19]
[52]    2  [49]
[53]    13  [49]
[54]    9  [49]
[55]    11  [19]
[62]    1  [20]
[70]    7  [19]
[92]    5  [19, 20]
[142]    2  [49]
[143]    1  [19, 49]
[175]    13  [19]
[176]    14  [49]
[179]    3  [20]
[180]    0  [20]
[203]    4  [19, 49]
[207]    1  [49]
[209]    8  [49]
[210]    2  [49]
[211]    15  [19]
[212]    5  [49]
[238]    1  [19]
[239]    1  [19]
[245]    1  [49]
[264]    2  [49]
[265]    14  [19]
[266]    3  [49]
[323]    1  [20]
[365]    2  [19]
[369]    12  [49]
[376]    7  [20]
[460]    0  [20]
[495]    11  [19, 20]
[602]    3  [19]
[697]    8  [19]
[703]    5  [19]
[774]    2  [19]
[775]    4  [19]
[782]    14  [49]
[861]    0  [19]
[940]    4  [19]
[951]    4  [19]