
 now Q is 50

 now outputing  - - - -> end


basis_ent0 = 0.010165
 [19 , 40, 54]  0.010165 + 0.001837 >>  0.011918  :  463.859375  (2)
 [4 , 14, 57]  0.010165 + 0.001003 <  0.011918  :  448.265625  (3)
 [4 , 14, 25]  0.010165 + 0.000841 <  0.011918  :  445.078125  (2)
 [4 , 14, 31]  0.010165 + 0.000856 <  0.011918  :  445.078125  (2)
 [4 , 14, 44]  0.010165 + 0.000881 <  0.011918  :  436.203125  (3)
 [4 , 14, 63]  0.010165 + 0.000909 <  0.011918  :  427.828125  (3)
 [4 , 14, 50]  0.010165 + 0.000856 <  0.011918  :  425.906250  (2)
 [4 , 14, 36]  0.010165 + 0.000856 <  0.011918  :  419.515625  (2)
 [4 , 14, 37]  0.010165 + 0.000848 <  0.011918  :  417.640625  (2)
 [4 , 5, 14]  0.010165 + 0.000848 <  0.011918  :  414.015625  (2)

 [4 , 14, 99]  0.010165 + 0.000932 <  0.007945  :  359.453125  (2)
 [19 , 54, 99]  0.010165 + 0.000809 <  0.007945  :  346.500000  (1)
 [3 , 24, 99]  0.010165 + 0.000743 <  0.007945  :  202.906250  (2)
 [10 , 27, 99]  0.010165 + 0.000143 <  0.007945  :  133.015625  (1)
 [40 , 54, 99]  0.010165 + 0.001027 <  0.007945  :  117.359375  (1)
 [32 , 53, 99]  0.010165 + 0.000330 <  0.007945  :  77.578125  (3)
 [28 , 53, 99]  0.010165 + 0.000275 <  0.007945  :  71.578125  (2)
 [15 , 53, 99]  0.010165 + 0.000396 <  0.007945  :  66.718750  (3)
 [10 , 53, 99]  0.010165 + 0.000267 <  0.007945  :  66.546875  (2)
 [3 , 18, 99]  0.010165 + 0.000727 <  0.007945  :  66.046875  (2)

 [33 , 99, 99]  0.010165 + 0.000578 <  0.003973  :  37.718750  (4)
 [29 , 99, 99]  0.010165 + 0.000223 <  0.003973  :  15.906250  (1)
 [20 , 99, 99]  0.010165 + 0.000061 <  0.003973  :  13.484375  (1)
 [51 , 99, 99]  0.010165 + 0.000145 <  0.003973  :  10.125000  (2)
 [57 , 99, 99]  0.010165 + 0.000254 <  0.003973  :  6.640625  (1)
 [7 , 99, 99]  0.010165 + 0.000125 <  0.003973  :  4.750000  (3)
 [43 , 99, 99]  0.010165 + 0.000156 <  0.003973  :  3.750000  (4)
 [0 , 99, 99]  0.010165 + 0.000108 <  0.003973  :  3.062500  (2)
 [15 , 99, 99]  0.010165 + 0.000146 <  0.003973  :  2.515625  (2)
 [63 , 99, 99]  0.010165 + 0.000061 <  0.003973  :  2.468750  (1)
19, 40, 54