

 [80] ******************************************************

 [37 , 45, 52]  152718.430809 vs 149564.761867 >>  3153.668942  :  59.859375  (1)
[375]    60  [37, 45, 52]
[375]    53  [11, 37, 45]
[226]    8  [23, 37, 45]
[375]    45  [23, 37, 45]
[375]    50  [37, 38, 45]
[375]    50  [37, 45, 54]

 [70] ******************************************************

 [30 , 57, 59]  131002.014504 vs 128597.420110 >>  2404.594394  :  141.875000  (2)
[406]    79  [30, 57, 59]
[485]    63  [30, 59]
[37]    35  [8, 30, 58]
[485]    56  [8, 30]
[549]    44  [8, 30, 58]
[375]    74  [30, 37, 45]
[485]    54  [30]
[485]    56  [8, 30]
[549]    60  [8, 30, 50]
[708]    6  [8, 50]
[549]    61  [8, 50, 55]
[708]    61  [8, 50, 55]

 [60] ******************************************************

 [29 , 37, 45]  116495.898057 vs 114579.540518 >>  1916.357539  :  382.968750  (2)
[375]    251  [37, 45]
[455]    132  [29, 37, 45]
[375]    224  [37, 52]
[455]    124  [29, 52]
[581]    13  [29, 52]
[375]    255  [30, 37, 45]
[485]    96  [30]
[375]    238  [30, 37, 52]
[485]    103  [30, 52]
[581]    6  [30, 52]
[375]    256  [8, 37, 45]
[549]    84  [8, 45]

 [50] ******************************************************

 [4 , 37, 38]  102911.142500 vs 100560.863467 >>  2350.279033  :  507.437500  (4)
[375]    231  [4, 37, 38]
[673]    119  [4, 37, 38]
[768]    1  [38]
[931]    156  [4]
[375]    294  [37, 45]
[455]    174  [29, 37, 45]
[60]    35  [4, 39]
[124]    6  [39]
[455]    139  [29, 39]
[673]    117  [4, 29, 39]
[675]    0  [4, 29]
[931]    156  [4, 39]
[375]    137  [4, 30, 37]
[485]    115  [4, 30]
[673]    45  [4, 30, 37]
[931]    156  [4]
[375]    295  [4, 37, 45]
[673]    1  [4, 37, 45]
[931]    156  [4, 45]

 [40] ******************************************************

 [4 , 39, 50]  88822.025518 vs 86793.225217 >>  2028.800301  :  817.859375  (9)
[60]    66  [4, 39, 50]
[124]    121  [39, 50]
[389]    1  [50]
[673]    222  [4, 39]
[675]    6  [4, 50]
[708]    25  [4, 50]
[736]    30  [50]
[800]    89  [50]
[931]    259  [4, 39, 50]
[375]    301  [4, 37, 38]
[389]    0  [37, 38]
[673]    235  [4, 37, 38]
[736]    2  [37]
[768]    1  [38]
[931]    256  [4]
[60]    71  [4, 8, 39]
[124]    68  [8, 39]
[549]    163  [4, 8]
[673]    239  [4, 8, 39]
[675]    0  [4, 8]
[736]    4  [8]
[931]    257  [4, 8]
[60]    56  [4, 39]
[124]    67  [37, 39]
[375]    169  [4, 37]
[673]    244  [4, 37, 39]
[736]    2  [37]
[931]    257  [4, 39]
[37]    132  [4, 58]
[60]    59  [4, 39, 58]
[124]    68  [39, 58]
[581]    7  [58]
[673]    251  [4, 39, 58]
[736]    4  [58]
[931]    257  [4, 39]

 [30] ******************************************************

 [4 , 29, 39]  72878.288091 vs 71163.952965 >>  1714.335126  :  1342.937500  (7)
[60]    57  [4, 39]
[124]    65  [39]
[455]    286  [29, 39]
[673]    456  [4, 29, 39]
[675]    2  [29]
[800]    1  [4]
[931]    477  [4, 39]
[93]    51  [41]
[455]    310  [29, 41]
[613]    3  [41]
[673]    450  [4, 29, 41]
[675]    2  [29]
[800]    1  [4]
[931]    477  [4]
[94]    21  [24, 29]
[451]    64  [24]
[455]    285  [29]
[673]    432  [4, 24, 29]
[675]    2  [29]
[800]    1  [4]
[931]    477  [4]
[60]    72  [4, 8, 39]
[124]    73  [8, 39]
[549]    200  [4, 8]
[613]    4  [8]
[673]    462  [4, 8, 39]
[800]    1  [8]
[931]    477  [4, 8]
[60]    67  [4, 39, 50]
[124]    126  [39, 50]
[673]    446  [4, 39]
[675]    1  [50]
[708]    49  [4, 50]
[800]    100  [50]
[931]    479  [4, 39, 50]