

 [80] ******************************************************

 [99 , 99, 99]  121891.745328 vs 117179.876104 >>  4711.869224  :  0.000000  (0)

 [70] ******************************************************

 [7 , 56, 63]  100181.443032 vs 97158.011048 >>  3023.431984  :  180.046875  (1)
[366]    180  [7, 56, 63]

 [60] ******************************************************

 [12 , 53, 54]  86232.334477 vs 84055.619813 >>  2176.714664  :  356.906250  (3)
[755]    170  [12, 53, 54]
[788]    116  [12, 53]
[821]    71  [12, 53, 54]

 [50] ******************************************************

 [12 , 53, 54]  75162.802696 vs 73599.342043 >>  1563.460653  :  532.640625  (3)
[722]    16  [53, 54]
[755]    162  [12, 53, 54]
[788]    132  [12, 53]
[821]    239  [12, 53, 54]

 [40] ******************************************************

 [12 , 53, 54]  64956.747797 vs 63769.607753 >>  1187.140044  :  671.937500  (4)
[722]    75  [53, 54]
[755]    145  [12, 53, 54]
[788]    109  [12, 53]
[821]    360  [12, 53, 54]

 [30] ******************************************************

 [12 , 53, 54]  54436.507764 vs 53587.808785 >>  848.698979  :  1444.593750  (4)
[722]    149  [53, 54]
[755]    344  [12, 53, 54]
[788]    484  [12, 53]
[821]    485  [12, 53, 54]