

 [80] ******************************************************

 [4 , 5, 26]  121891.745328 vs 117176.125102 >>  4715.620226  :  86.437500  (2)
 [722]    73.125000 (3)  [4, 5, 26]
 [788]    13.312500 (3)  [4, 5, 26]

 [70] ******************************************************

 [4 , 26, 57]  100181.443032 vs 96998.508202 >>  3182.934830  :  409.828125  (3)
 [722]    112.390625 (3)  [4, 26, 57]
 [788]    186.062500 (3)  [4, 26, 57]
 [821]    111.375000 (3)  [4, 26, 57]

 [60] ******************************************************

 [4 , 26, 34]  86232.334477 vs 83685.142625 >>  2547.191852  :  865.093750  (5)
 [240]    94.156250 (2)  [26, 34]
 [722]    229.859375 (3)  [4, 26, 34]
 [755]    208.156250 (3)  [4, 26, 34]
 [788]    311.890625 (3)  [4, 26, 34]
 [821]    26.437500 (3)  [4, 26, 34]

 [50] ******************************************************

 [4 , 26, 34]  75162.802696 vs 73417.413003 >>  1745.389693  :  1247.906250  (5)
 [240]    217.031250 (2)  [26, 34]
 [722]    314.062500 (3)  [4, 26, 34]
 [755]    199.562500 (3)  [4, 26, 34]
 [788]    328.062500 (3)  [4, 26, 34]
 [821]    194.593750 (3)  [4, 26, 34]

 [40] ******************************************************

 [4 , 26, 34]  64956.747797 vs 63612.355416 >>  1344.392381  :  1444.125000  (5)
 [240]    273.328125 (2)  [26, 34]
 [722]    372.343750 (3)  [4, 26, 34]
 [755]    182.781250 (3)  [4, 26, 34]
 [788]    305.296875 (3)  [4, 26, 34]
 [821]    315.781250 (3)  [4, 26, 34]

 [30] ******************************************************

 [4 , 26, 34]  54436.507764 vs 53457.322147 >>  979.185618  :  2302.953125  (5)
 [240]    359.500000 (2)  [26, 34]
 [722]    446.375000 (3)  [4, 26, 34]
 [755]    381.781250 (3)  [4, 26, 34]
 [788]    679.937500 (3)  [4, 26, 34]
 [821]    440.765625 (3)  [4, 26, 34]