basis_ent0 = 0.009615
 [4 , 19, 58]  0.009615 + 0.007161 >>  0.013845  :  1971.390625  (34)
 [4 , 11, 21]  0.009615 + 0.009013 <  0.013845  :  1869.328125  (44)
 [4 , 39, 61]  0.009615 + 0.006623 <  0.013845  :  1775.890625  (54)
 [4 , 12, 24]  0.009615 + 0.006441 <  0.013845  :  1773.343750  (36)
 [4 , 11, 14]  0.009615 + 0.007808 <  0.013845  :  1754.703125  (39)
 [4 , 11, 25]  0.009615 + 0.007304 <  0.013845  :  1741.703125  (38)
 [4 , 10, 11]  0.009615 + 0.008289 <  0.013845  :  1738.750000  (43)
 [4 , 11, 61]  0.009615 + 0.007730 <  0.013845  :  1733.718750  (50)
 [4 , 6, 11]  0.009615 + 0.008294 <  0.013845  :  1732.796875  (42)
 [4 , 11, 43]  0.009615 + 0.007968 <  0.013845  :  1729.859375  (40)

 [4 , 61, 99]  0.009615 + 0.007710 <  0.009230  :  1670.578125  (42)
 [4 , 39, 99]  0.009615 + 0.007770 <  0.009230  :  1664.343750  (45)
 [0 , 4, 99]  0.009615 + 0.007193 <  0.009230  :  1616.609375  (39)
 [4 , 59, 99]  0.009615 + 0.007344 <  0.009230  :  1604.765625  (32)
 [4 , 44, 99]  0.009615 + 0.006894 <  0.009230  :  1603.390625  (29)
 [4 , 17, 99]  0.009615 + 0.007114 <  0.009230  :  1602.578125  (35)
 [4 , 12, 99]  0.009615 + 0.007114 <  0.009230  :  1601.921875  (35)
 [4 , 19, 99]  0.009615 + 0.007482 <  0.009230  :  1599.968750  (32)
 [4 , 41, 99]  0.009615 + 0.007081 <  0.009230  :  1597.984375  (31)
 [4 , 16, 99]  0.009615 + 0.007307 <  0.009230  :  1597.515625  (32)

 [4 , 99, 99]  0.009615 + 0.007876 <  0.004615  :  1572.406250  (28)
 [39 , 99, 99]  0.009615 + 0.001026 <  0.004615  :  61.281250  (19)
 [61 , 99, 99]  0.009615 + 0.000924 <  0.004615  :  54.921875  (14)
 [0 , 99, 99]  0.009615 + 0.000515 <  0.004615  :  30.453125  (12)
 [59 , 99, 99]  0.009615 + 0.000276 <  0.004615  :  26.890625  (7)
 [16 , 99, 99]  0.009615 + 0.000302 <  0.004615  :  26.328125  (8)
 [19 , 99, 99]  0.009615 + 0.000238 <  0.004615  :  23.359375  (5)
 [12 , 99, 99]  0.009615 + 0.000352 <  0.004615  :  21.171875  (9)
 [17 , 99, 99]  0.009615 + 0.000160 <  0.004615  :  18.796875  (5)
 [26 , 99, 99]  0.009615 + 0.000178 <  0.004615  :  15.593750  (6)
4, 19, 58