

 [80] ******************************************************

 [20 , 35, 49]  121891.745328 vs 117168.811827 >>  4722.933500  :  221.546875  (2)
 [755]    122.156250 (3)
 [978]    99.390625 (3)

 [70] ******************************************************

 [17 , 35, 49]  100181.443032 vs 96648.848723 >>  3532.594309  :  518.843750  (4)
 [722]    141.921875 (2)
 [755]    110.015625 (3)
 [788]    57.609375 (2)
 [821]    209.296875 (3)

 [60] ******************************************************

 [17 , 35, 49]  86232.334477 vs 83757.799506 >>  2474.534971  :  1062.468750  (4)
 [722]    251.546875 (2)
 [755]    418.140625 (3)
 [788]    182.500000 (2)
 [821]    210.281250 (3)

 [50] ******************************************************

 [17 , 35, 49]  75162.802696 vs 73449.689415 >>  1713.113281  :  1322.406250  (4)
 [722]    335.750000 (2)
 [755]    409.546875 (3)
 [788]    198.671875 (2)
 [821]    378.437500 (3)

 [40] ******************************************************

 [17 , 35, 49]  64956.747797 vs 63673.729132 >>  1283.018665  :  1469.671875  (7)
 [536]    1.359375 (1)
 [722]    394.031250 (2)
 [755]    392.765625 (3)
 [777]    1.781250 (1)
 [788]    175.906250 (2)
 [794]    4.203125 (1)
 [821]    499.625000 (3)

 [30] ******************************************************

 [17 , 35, 49]  54436.507764 vs 53561.834193 >>  874.673571  :  2260.281250  (10)
 [299]    9.453125 (1)
 [568]    6.062500 (1)
 [722]    468.062500 (2)
 [745]    4.562500 (1)
 [755]    591.765625 (3)
 [777]    0.781250 (1)
 [785]    2.125000 (1)
 [788]    550.546875 (2)
 [800]    4.140625 (1)
 [821]    624.609375 (3)
 [946]    3.953125 (1)