

 [80] ******************************************************

 [37 , 45, 52]  152718.430809 vs 149564.761867 >>  3153.668942  :  59.859375  (1)
[375]    60  [37, 45, 52]

 [70] ******************************************************

 [30 , 57, 59]  131002.014504 vs 128597.420110 >>  2404.594394  :  141.875000  (2)
[406]    79  [30, 57, 59]
[485]    63  [30, 59]

 [60] ******************************************************

 [29 , 37, 45]  116495.898057 vs 114579.540518 >>  1916.357539  :  382.968750  (2)
[375]    251  [37, 45]
[455]    132  [29, 37, 45]

 [50] ******************************************************

 [4 , 37, 38]  102911.142500 vs 100560.863467 >>  2350.279033  :  507.437500  (4)
[375]    231  [4, 37, 38]
[673]    119  [4, 37, 38]
[768]    1  [38]
[931]    156  [4]

 [40] ******************************************************

 [4 , 39, 50]  88822.025518 vs 86793.225217 >>  2028.800301  :  817.859375  (9)
[60]    66  [4, 39, 50]
[124]    121  [39, 50]
[389]    1  [50]
[673]    222  [4, 39]
[675]    6  [4, 50]
[708]    25  [4, 50]
[736]    30  [50]
[800]    89  [50]
[931]    259  [4, 39, 50]

 [30] ******************************************************

 [4 , 29, 39]  72878.288091 vs 71163.952965 >>  1714.335126  :  1342.937500  (7)
[60]    57  [4, 39]
[124]    65  [39]
[455]    286  [29, 39]
[673]    456  [4, 29, 39]
[675]    2  [29]
[800]    1  [4]
[931]    477  [4, 39]