

 [80] ******************************************************

 [20 , 37, 51]  121891.745328 vs 118213.160355 >>  3678.584973  :  16.453125  (48)
 [32]    0.437500 (1)
 [33]    0.390625 (1)
 [45]    0.109375 (1)
 [88]    0.593750 (1)
 [107]    0.062500 (1)
 [111]    0.640625 (1)
 [113]    0.390625 (1)
 [116]    0.187500 (1)
 [120]    0.093750 (1)
 [122]    0.218750 (1)
 [123]    0.406250 (1)
 [130]    0.562500 (1)
 [133]    0.468750 (1)
 [134]    0.171875 (1)
 [136]    0.375000 (1)
 [146]    0.671875 (1)
 [152]    0.468750 (1)
 [153]    0.468750 (1)
 [166]    0.281250 (1)
 [174]    0.968750 (1)
 [177]    0.125000 (1)
 [186]    0.375000 (1)
 [191]    0.062500 (1)
 [210]    0.500000 (1)
 [219]    0.406250 (1)
 [220]    0.625000 (1)
 [245]    0.093750 (1)
 [277]    0.750000 (1)
 [283]    1.062500 (1)
 [286]    0.171875 (1)
 [287]    0.031250 (1)
 [288]    0.062500 (1)
 [289]    0.343750 (1)
 [292]    0.062500 (1)
 [298]    0.562500 (1)
 [311]    0.250000 (1)
 [316]    0.359375 (1)
 [317]    0.437500 (1)
 [323]    0.109375 (1)
 [342]    0.531250 (1)
 [344]    0.125000 (1)
 [376]    0.312500 (1)
 [377]    0.375000 (1)
 [384]    0.156250 (1)
 [407]    0.125000 (1)
 [411]    0.187500 (1)
 [412]    0.156250 (1)
 [436]    0.125000 (1)

 [70] ******************************************************

 [6 , 12, 13]  100181.443032 vs 97070.635542 >>  3110.807490  :  134.921875  (1)
 [788]    134.921875 (3)

 [60] ******************************************************

 [6 , 12, 13]  86232.334477 vs 84041.237821 >>  2191.096656  :  259.812500  (1)
 [788]    259.812500 (3)

 [50] ******************************************************

 [5 , 53, 59]  75162.802696 vs 73646.074602 >>  1516.728094  :  316.140625  (1)
 [722]    316.140625 (3)

 [40] ******************************************************

 [5 , 53, 59]  64956.747797 vs 63772.484212 >>  1184.263585  :  374.421875  (1)
 [722]    374.421875 (3)

 [30] ******************************************************

 [6 , 13, 59]  54436.507764 vs 53354.827784 >>  1081.679980  :  918.421875  (3)
 [722]    272.187500 (2)
 [755]    293.750000 (3)
 [788]    352.484375 (2)