

 [80] ******************************************************

 [5 , 17, 30]  131347.645610 vs 127031.087053 >>  4316.558557  :  45.421875  (1)
[390]    45  [5, 17, 30]

 [70] ******************************************************

 [5 , 17, 30]  109138.657973 vs 106107.043075 >>  3031.614898  :  110.078125  (1)
[390]    110  [5, 17, 30]

 [60] ******************************************************

 [5 , 17, 30]  95498.035203 vs 92933.566328 >>  2564.468875  :  238.343750  (1)
[390]    238  [5, 17, 30]

 [50] ******************************************************

 [5 , 17, 30]  84826.251863 vs 82759.684079 >>  2066.567785  :  295.328125  (1)
[390]    295  [5, 17, 30]

 [40] ******************************************************

 [5 , 17, 30]  73554.422273 vs 71858.003170 >>  1696.419103  :  461.937500  (1)
[390]    462  [5, 17, 30]

 [30] ******************************************************

 [5 , 12, 17]  62483.579989 vs 61218.981137 >>  1264.598851  :  690.953125  (2)
[390]    449  [5, 12, 17]
[609]    242  [5, 12]