 now Q is 30

 now outputing  - - - -> end


basis_ent0 = 0.010714
 [2 , 45, 62]  0.010714 + 0.013065 >>  0.013452  :  1907.875000  (49)
 [2 , 59, 62]  0.010714 + 0.008558 <  0.013452  :  1424.671875  (39)
 [2 , 50, 62]  0.010714 + 0.008432 <  0.013452  :  1420.015625  (38)
 [2 , 8, 62]  0.010714 + 0.009519 <  0.013452  :  1417.687500  (45)
 [2 , 29, 62]  0.010714 + 0.008422 <  0.013452  :  1409.796875  (36)
 [2 , 4, 62]  0.010714 + 0.008858 <  0.013452  :  1407.265625  (39)
 [2 , 7, 62]  0.010714 + 0.008753 <  0.013452  :  1405.156250  (38)
 [2 , 53, 62]  0.010714 + 0.008896 <  0.013452  :  1402.765625  (39)
 [2 , 37, 62]  0.010714 + 0.008623 <  0.013452  :  1400.609375  (39)
 [2 , 43, 62]  0.010714 + 0.008613 <  0.013452  :  1396.234375  (37)

 [2 , 62, 99]  0.010714 + 0.008874 <  0.008968  :  1340.343750  (35)
 [47 , 62, 99]  0.010714 + 0.008425 <  0.008968  :  694.734375  (32)
 [29 , 62, 99]  0.010714 + 0.008213 <  0.008968  :  688.609375  (27)
 [45 , 62, 99]  0.010714 + 0.008232 <  0.008968  :  685.484375  (27)
 [50 , 62, 99]  0.010714 + 0.008353 <  0.008968  :  669.531250  (32)
 [43 , 62, 99]  0.010714 + 0.008223 <  0.008968  :  669.390625  (28)
 [59 , 62, 99]  0.010714 + 0.008484 <  0.008968  :  667.140625  (35)
 [3 , 62, 99]  0.010714 + 0.008622 <  0.008968  :  661.734375  (34)
 [8 , 62, 99]  0.010714 + 0.009486 <  0.008968  :  659.375000  (40)
 [4 , 62, 99]  0.010714 + 0.008703 <  0.008968  :  657.984375  (34)

 [62 , 99, 99]  0.010714 + 0.008176 <  0.004484  :  601.640625  (25)
 [8 , 99, 99]  0.010714 + 0.001212 <  0.004484  :  46.421875  (13)
 [4 , 99, 99]  0.010714 + 0.000783 <  0.004484  :  43.562500  (10)
 [37 , 99, 99]  0.010714 + 0.000207 <  0.004484  :  42.656250  (4)
 [43 , 99, 99]  0.010714 + 0.000324 <  0.004484  :  42.343750  (3)
 [3 , 99, 99]  0.010714 + 0.000823 <  0.004484  :  41.250000  (9)
 [59 , 99, 99]  0.010714 + 0.000719 <  0.004484  :  39.000000  (11)
 [48 , 99, 99]  0.010714 + 0.000735 <  0.004484  :  26.687500  (10)
 [25 , 99, 99]  0.010714 + 0.000527 <  0.004484  :  24.500000  (6)
 [7 , 99, 99]  0.010714 + 0.000335 <  0.004484  :  23.578125  (4)
2, 45, 62