

 [80] ******************************************************

 [20 , 58, 60]  131347.645610 vs 126872.650764 >>  4474.994846  :  116.171875  (3)
[757]    43  [20, 58, 60]
[783]    22  [60]
[914]    51  [20, 60]
[783]    22  [60]
[794]    39  [20, 37, 60]
[914]    51  [20, 60]
[783]    22  [60]
[914]    53  [20, 53, 60]
[916]    35  [20, 53, 60]
[794]    31  [20, 37]
[914]    49  [20, 37, 53]
[916]    30  [20, 53]
[757]    48  [6, 58]
[914]    55  [6, 20]

 [70] ******************************************************

 [20 , 32, 53]  109138.657973 vs 106064.815823 >>  3073.842150  :  192.937500  (4)
[461]    1  [20]
[788]    72  [20, 32, 53]
[914]    66  [20, 32, 53]
[916]    54  [20, 32, 53]
[461]    1  [20]
[788]    84  [5, 32]
[914]    62  [5, 20, 32]
[950]    43  [5, 20, 32]
[461]    1  [20]
[788]    66  [32]
[794]    55  [20, 32, 37]
[914]    66  [20, 32, 37]
[461]    1  [20]
[543]    1  [37, 53]
[794]    51  [20, 37]
[914]    69  [20, 37, 53]
[916]    52  [20, 53]
[461]    1  [20]
[783]    32  [20, 32, 60]
[788]    66  [32]
[914]    72  [20, 32, 60]

 [60] ******************************************************

 [5 , 20, 32]  95498.035203 vs 92866.560433 >>  2631.474770  :  270.359375  (3)
[459]    1  [20]
[788]    138  [5, 32]
[914]    73  [5, 20, 32]
[950]    60  [5, 20, 32]
[459]    1  [20]
[788]    126  [20, 32, 53]
[914]    77  [20, 32, 53]
[916]    59  [20, 32, 53]
[459]    1  [37]
[788]    120  [32]
[794]    65  [20, 32, 37]
[914]    77  [20, 32, 37]
[459]    1  [60]
[783]    44  [20, 32, 60]
[788]    120  [32]
[914]    84  [20, 32, 60]
[459]    1  [37]
[788]    138  [5, 32]
[794]    58  [32, 37]
[950]    53  [5, 32, 37]

 [50] ******************************************************

 [20 , 32, 53]  84826.251863 vs 82795.219100 >>  2031.032763  :  304.062500  (4)
[788]    140  [20, 32, 53]
[914]    93  [20, 32, 53]
[916]    71  [20, 32, 53]
[938]    1  [53]
[70]    3  [5, 32]
[788]    152  [5, 32]
[914]    88  [5, 20, 32]
[950]    57  [5, 20, 32]
[558]    145  [3, 25]
[788]    149  [3, 25, 32]
[938]    1  [25]
[788]    134  [32]
[794]    66  [20, 32, 37]
[914]    92  [20, 32, 37]
[938]    2  [37]
[788]    134  [32]
[850]    56  [17]
[914]    95  [17, 20, 32]
[938]    2  [17]

 [40] ******************************************************

 [3 , 25, 32]  73554.422273 vs 71912.962625 >>  1641.459648  :  390.640625  (2)
[558]    211  [3, 25]
[788]    180  [3, 25, 32]
[788]    164  [32]
[794]    110  [20, 32, 37]
[914]    115  [20, 32, 37]
[938]    1  [37]
[70]    3  [5, 32]
[788]    182  [5, 32]
[914]    111  [5, 20, 32]
[950]    81  [5, 20, 32]
[757]    92  [20, 58]
[788]    164  [32]
[914]    116  [20, 32, 58]
[788]    170  [20, 32, 53]
[914]    116  [20, 32, 53]
[916]    84  [20, 32, 53]

 [30] ******************************************************

 [20 , 32, 37]  62483.579989 vs 61485.746532 >>  997.833456  :  480.390625  (5)
[460]    1  [20]
[788]    187  [32]
[794]    160  [20, 32, 37]
[855]    2  [37]
[914]    132  [20, 32, 37]
[70]    5  [5]
[788]    204  [5, 32]
[794]    153  [32, 37]
[855]    2  [37]
[950]    103  [5, 32, 37]
[70]    4  [53]
[788]    192  [32, 53]
[794]    153  [32, 37]
[855]    2  [37]
[916]    112  [37, 53]
[70]    4  [53]
[460]    1  [20]
[788]    192  [20, 32, 53]
[914]    133  [20, 32, 53]
[916]    119  [20, 32, 53]
[70]    5  [5]
[460]    1  [20]
[788]    204  [5, 32]
[914]    128  [5, 20, 32]
[950]    109  [5, 20, 32]