

 [80] ******************************************************

 [26 , 38, 53]  152718.430809 vs 149419.241677 >>  3299.189131  :  70.734375  (2)
[836]    33  [38, 53]
[840]    38  [26, 38, 53]

 [70] ******************************************************

 [26 , 50, 52]  131002.014504 vs 128409.596571 >>  2592.417933  :  248.390625  (3)
[423]    106  [26, 50, 52]
[646]    90  [26, 50, 52]
[840]    52  [26, 50, 52]

 [60] ******************************************************

 [2 , 38, 49]  116495.898057 vs 114354.528259 >>  2141.369798  :  448.000000  (3)
[340]    103  [38, 49]
[742]    161  [2, 49]
[836]    195  [38]

 [50] ******************************************************

 [29 , 38, 52]  102911.142500 vs 100517.592345 >>  2393.550155  :  647.781250  (3)
[423]    196  [29, 38, 52]
[743]    204  [29, 38, 52]
[836]    248  [29, 38, 52]

 [40] ******************************************************

 [11 , 29, 52]  88822.025518 vs 86670.564202 >>  2151.461315  :  891.000000  (3)
[423]    290  [11, 29, 52]
[740]    294  [11, 29, 52]
[743]    307  [11, 29, 52]

 [30] ******************************************************

 [5 , 7, 11]  72878.288091 vs 70985.334981 >>  1892.953110  :  1737.718750  (6)
[343]    377  [5, 7, 11]
[678]    44  [11]
[740]    630  [5, 11]
[805]    341  [5, 7]
[837]    325  [5, 7]
[931]    20  [5, 11]