

 [80] ******************************************************

 [99 , 99, 99]  152718.430809 vs 149461.962712 >>  3256.468097  :  0.000000  (0)

 [70] ******************************************************

 [99 , 99, 99]  131002.014504 vs 128471.765651 >>  2530.248854  :  0.000000  (0)

 [60] ******************************************************

 [4 , 22, 51]  116495.898057 vs 114643.355007 >>  1852.543050  :  58.078125  (1)
[771]    58  [4, 22, 51]

 [50] ******************************************************

 [16 , 36, 58]  102911.142500 vs 100630.589203 >>  2280.553296  :  171.156250  (1)
[743]    171  [16, 36, 58]

 [40] ******************************************************

 [8 , 22, 41]  88822.025518 vs 86642.088125 >>  2179.937392  :  614.015625  (4)
[674]    222  [22, 41]
[740]    141  [8, 22]
[771]    34  [22, 41]
[837]    220  [8, 22]

 [30] ******************************************************

 [8 , 22, 53]  72878.288091 vs 71148.676305 >>  1729.611785  :  1686.156250  (7)
[673]    239  [8, 22, 53]
[678]    73  [22]
[710]    70  [8, 22, 53]
[740]    436  [8, 22, 53]
[771]    265  [8, 22]
[837]    388  [8, 22, 53]
[931]    215  [8, 22, 53]