
 now Q is 70

 now outputing  - - - -> end


basis_ent0 = 0.013252
 [27 , 40, 45]  0.013252 + 0.001114 >>  0.011219  :  105.328125  (17)
 [7 , 27, 40]  0.013252 + 0.001990 <  0.011219  :  104.578125  (35)
 [7 , 40, 45]  0.013252 + 0.001417 <  0.011219  :  103.687500  (29)
 [40 , 44, 45]  0.013252 + 0.000868 <  0.011219  :  93.343750  (23)
 [7 , 29, 40]  0.013252 + 0.001543 <  0.011219  :  91.890625  (30)
 [7 , 31, 40]  0.013252 + 0.002308 <  0.011219  :  91.843750  (40)
 [7 , 40, 55]  0.013252 + 0.001792 <  0.011219  :  90.796875  (35)
 [7 , 40, 58]  0.013252 + 0.001710 <  0.011219  :  90.265625  (29)
 [31 , 40, 45]  0.013252 + 0.001253 <  0.011219  :  89.875000  (24)
 [40 , 45, 58]  0.013252 + 0.000668 <  0.011219  :  88.453125  (15)

 [40 , 45, 99]  0.013252 + 0.000658 <  0.007480  :  79.640625  (12)
 [7 , 40, 99]  0.013252 + 0.001864 <  0.007480  :  75.750000  (27)
 [7 , 27, 99]  0.013252 + 0.002125 <  0.007480  :  52.109375  (29)
 [44 , 45, 99]  0.013252 + 0.001077 <  0.007480  :  50.515625  (17)
 [7 , 44, 99]  0.013252 + 0.001943 <  0.007480  :  47.921875  (29)
 [40 , 58, 99]  0.013252 + 0.000612 <  0.007480  :  46.750000  (11)
 [1 , 45, 99]  0.013252 + 0.000563 <  0.007480  :  44.656250  (9)
 [45 , 59, 99]  0.013252 + 0.000562 <  0.007480  :  42.390625  (13)
 [39 , 45, 99]  0.013252 + 0.000566 <  0.007480  :  38.234375  (10)
 [28 , 45, 99]  0.013252 + 0.000490 <  0.007480  :  35.703125  (8)

 [27 , 99, 99]  0.013252 + 0.000736 <  0.003740  :  24.515625  (10)
 [7 , 99, 99]  0.013252 + 0.002067 <  0.003740  :  20.218750  (21)
 [31 , 99, 99]  0.013252 + 0.000891 <  0.003740  :  10.343750  (14)
 [38 , 99, 99]  0.013252 + 0.000226 <  0.003740  :  7.093750  (6)
 [55 , 99, 99]  0.013252 + 0.000606 <  0.003740  :  6.453125  (11)
 [44 , 99, 99]  0.013252 + 0.000706 <  0.003740  :  6.343750  (12)
 [22 , 99, 99]  0.013252 + 0.000332 <  0.003740  :  5.406250  (11)
 [52 , 99, 99]  0.013252 + 0.000348 <  0.003740  :  5.093750  (8)
 [59 , 99, 99]  0.013252 + 0.000107 <  0.003740  :  5.078125  (8)
 [10 , 99, 99]  0.013252 + 0.000253 <  0.003740  :  4.812500  (9)
27, 40, 45