

 [80] ******************************************************

 [24 , 28, 49]  121891.745328 vs 118079.603438 >>  3812.141890  :  15.437500  (48)
 [32]    0.281250 (1)
 [33]    0.343750 (1)
 [45]    0.062500 (1)
 [88]    0.312500 (1)
 [107]    0.062500 (1)
 [111]    0.625000 (1)
 [113]    0.312500 (1)
 [116]    0.187500 (1)
 [120]    0.093750 (1)
 [122]    0.218750 (1)
 [123]    0.406250 (1)
 [130]    0.562500 (1)
 [133]    0.468750 (1)
 [134]    0.171875 (1)
 [136]    0.562500 (1)
 [146]    0.562500 (1)
 [152]    0.468750 (1)
 [153]    0.468750 (1)
 [166]    0.281250 (1)
 [174]    1.156250 (1)
 [177]    0.093750 (1)
 [186]    0.375000 (1)
 [191]    0.062500 (1)
 [210]    0.406250 (1)
 [219]    0.406250 (1)
 [220]    0.906250 (1)
 [245]    0.093750 (1)
 [277]    0.750000 (1)
 [283]    0.812500 (1)
 [286]    0.031250 (1)
 [287]    0.046875 (1)
 [288]    0.062500 (1)
 [289]    0.125000 (1)
 [292]    0.062500 (1)
 [298]    0.437500 (1)
 [311]    0.250000 (1)
 [316]    0.375000 (1)
 [317]    0.437500 (1)
 [323]    0.109375 (1)
 [342]    0.281250 (1)
 [344]    0.265625 (1)
 [376]    0.312500 (1)
 [377]    0.375000 (1)
 [384]    0.156250 (1)
 [407]    0.125000 (1)
 [411]    0.187500 (1)
 [412]    0.156250 (1)
 [436]    0.125000 (1)

 [70] ******************************************************

 [0 , 1, 7]  100181.443032 vs 97137.803761 >>  3043.639271  :  5.625000  (4)
 [120]    1.000000 (1)
 [122]    1.093750 (1)
 [177]    1.187500 (1)
 [286]    2.343750 (1)

 [60] ******************************************************

 [31 , 59, 63]  86232.334477 vs 83798.799819 >>  2433.534658  :  219.437500  (2)
 [755]    163.921875 (3)
 [788]    55.515625 (3)

 [50] ******************************************************

 [31 , 59, 63]  75162.802696 vs 73430.256403 >>  1732.546293  :  227.015625  (2)
 [755]    155.328125 (3)
 [788]    71.687500 (3)

 [40] ******************************************************

 [48 , 59, 62]  64956.747797 vs 63640.778521 >>  1315.969276  :  247.468750  (1)
 [722]    247.468750 (3)

 [30] ******************************************************

 [31 , 59, 63]  54436.507764 vs 53275.826528 >>  1160.681236  :  761.109375  (2)
 [755]    337.546875 (3)
 [788]    423.562500 (3)