

 [80] ******************************************************

 [29 , 39, 42]  121891.745328 vs 117170.185444 >>  4721.559883  :  155.718750  (2)
 [755]    134.359375 (3)
 [978]    21.359375 (3)

 [70] ******************************************************

 [14 , 29, 42]  100181.443032 vs 96975.438277 >>  3206.004755  :  275.734375  (2)
 [755]    112.843750 (3)
 [821]    162.890625 (3)

 [60] ******************************************************

 [29 , 42, 54]  86232.334477 vs 84005.115398 >>  2227.219079  :  612.640625  (3)
 [755]    419.625000 (3)
 [788]    166.531250 (2)
 [861]    26.500000 (2)

 [50] ******************************************************

 [14 , 29, 42]  75162.802696 vs 73658.409383 >>  1504.393313  :  744.406250  (2)
 [755]    412.375000 (3)
 [821]    332.031250 (3)

 [40] ******************************************************

 [14 , 29, 42]  64956.747797 vs 63739.300499 >>  1217.447298  :  861.765625  (5)
 [536]    0.640625 (1)
 [722]    9.453125 (1)
 [755]    395.593750 (3)
 [794]    3.031250 (1)
 [821]    453.218750 (3)

 [30] ******************************************************

 [29 , 42, 54]  54436.507764 vs 53584.356450 >>  852.151314  :  1502.312500  (14)
 [299]    9.625000 (1)
 [568]    5.671875 (1)
 [705]    0.906250 (1)
 [722]    83.484375 (1)
 [736]    1.453125 (1)
 [745]    4.703125 (1)
 [755]    593.250000 (3)
 [788]    534.578125 (2)
 [791]    1.734375 (1)
 [800]    3.156250 (1)
 [821]    186.250000 (2)
 [858]    2.750000 (1)
 [861]    67.890625 (2)
 [946]    7.015625 (1)