

 [80] ******************************************************

 [24 , 39, 44]  131347.645610 vs 127021.953124 >>  4325.692486  :  58.062500  (1)
[390]    58  [24, 39, 44]

 [70] ******************************************************

 [27 , 37, 61]  109138.657973 vs 105949.509453 >>  3189.148521  :  273.140625  (2)
[467]    155  [61]
[615]    118  [27, 37, 61]

 [60] ******************************************************

 [18 , 49, 61]  95498.035203 vs 92742.123866 >>  2755.911337  :  365.843750  (3)
[467]    192  [18, 49, 61]
[593]    89  [18, 49, 61]
[725]    85  [18, 49]

 [50] ******************************************************

 [0 , 35, 61]  84826.251863 vs 82551.387508 >>  2274.864355  :  599.984375  (3)
[421]    183  [0, 35, 61]
[467]    290  [61]
[627]    128  [0, 35, 61]

 [40] ******************************************************

 [35 , 42, 61]  73554.422273 vs 71662.455546 >>  1891.966727  :  767.906250  (3)
[421]    235  [35, 42, 61]
[464]    181  [35, 42]
[467]    351  [61]

 [30] ******************************************************

 [35 , 42, 61]  62483.579989 vs 61263.996713 >>  1219.583276  :  887.359375  (3)
[421]    311  [35, 42, 61]
[464]    232  [35, 42]
[467]    345  [61]