

 [80] ******************************************************

 [5 , 26, 54]  152718.430809 vs 149719.006452 >>  2999.424356  :  66.578125  (1)
[340]    67  [5, 26, 54]

 [70] ******************************************************

 [54 , 58, 62]  131002.014504 vs 128580.058879 >>  2421.955626  :  187.484375  (2)
[340]    65  [54]
[423]    123  [54, 58, 62]

 [60] ******************************************************

 [13 , 26, 54]  116495.898057 vs 114531.174635 >>  1964.723422  :  324.234375  (2)
[340]    200  [13, 26, 54]
[771]    124  [13, 26, 54]

 [50] ******************************************************

 [2 , 54, 58]  102911.142500 vs 100517.733086 >>  2393.409414  :  522.703125  (3)
[340]    242  [54]
[423]    153  [54, 58]
[436]    134  [2, 54, 58]

 [40] ******************************************************

 [25 , 28, 54]  88822.025518 vs 86703.072968 >>  2118.952549  :  837.421875  (3)
[340]    271  [25, 28, 54]
[550]    291  [25, 28, 54]
[674]    275  [25, 28, 54]

 [30] ******************************************************

 [13 , 60, 62]  72878.288091 vs 70931.313157 >>  1946.974934  :  1527.359375  (6)
[246]    353  [13, 60, 62]
[740]    17  [62]
[771]    585  [13, 60]
[805]    113  [62]
[931]    141  [13, 60]
[933]    317  [60]