

 [80] ******************************************************

 [20 , 58, 60]  131347.645610 vs 126872.650764 >>  4474.994846  :  116.171875  (3)
[757]    43  [20, 58, 60]
[783]    22  [60]
[914]    51  [20, 60]

 [70] ******************************************************

 [20 , 32, 53]  109138.657973 vs 106064.815823 >>  3073.842150  :  192.937500  (4)
[461]    1  [20]
[788]    72  [20, 32, 53]
[914]    66  [20, 32, 53]
[916]    54  [20, 32, 53]

 [60] ******************************************************

 [5 , 20, 32]  95498.035203 vs 92866.560433 >>  2631.474770  :  270.359375  (3)
[459]    1  [20]
[788]    138  [5, 32]
[914]    73  [5, 20, 32]
[950]    60  [5, 20, 32]

 [50] ******************************************************

 [20 , 32, 53]  84826.251863 vs 82795.219100 >>  2031.032763  :  304.062500  (4)
[788]    140  [20, 32, 53]
[914]    93  [20, 32, 53]
[916]    71  [20, 32, 53]
[938]    1  [53]

 [40] ******************************************************

 [3 , 25, 32]  73554.422273 vs 71912.962625 >>  1641.459648  :  390.640625  (2)
[558]    211  [3, 25]
[788]    180  [3, 25, 32]

 [30] ******************************************************

 [20 , 32, 37]  62483.579989 vs 61485.746532 >>  997.833456  :  480.390625  (5)
[460]    1  [20]
[788]    187  [32]
[794]    160  [20, 32, 37]
[855]    2  [37]
[914]    132  [20, 32, 37]