

 [80] ******************************************************

 [0 , 23, 31]  121891.745328 vs 117030.274352 >>  4861.470976  :  171.890625  (2)
 [755]    116.328125 (2)
 [788]    55.562500 (3)

 [70] ******************************************************

 [23 , 31, 50]  100181.443032 vs 96828.458592 >>  3352.984439  :  371.328125  (3)
 [722]    162.187500 (3)
 [755]    94.906250 (2)
 [788]    114.234375 (3)

 [60] ******************************************************

 [23 , 31, 50]  86232.334477 vs 83903.302162 >>  2329.032315  :  947.343750  (4)
 [722]    271.812500 (3)
 [755]    403.031250 (2)
 [788]    239.125000 (3)
 [955]    33.375000 (2)

 [50] ******************************************************

 [23 , 31, 50]  75162.802696 vs 73428.731344 >>  1734.071352  :  1174.140625  (5)
 [722]    356.015625 (3)
 [755]    394.437500 (2)
 [788]    255.296875 (3)
 [821]    127.062500 (1)
 [955]    41.328125 (2)

 [40] ******************************************************

 [23 , 31, 50]  64956.747797 vs 63627.885591 >>  1328.862206  :  1322.281250  (8)
 [536]    0.875000 (1)
 [722]    414.296875 (3)
 [755]    377.656250 (2)
 [788]    232.531250 (3)
 [794]    3.656250 (1)
 [801]    0.187500 (2)
 [821]    248.250000 (1)
 [953]    7.843750 (2)
 [955]    37.171875 (2)

 [30] ******************************************************

 [23 , 31, 50]  54436.507764 vs 53666.284627 >>  770.223137  :  2201.078125  (17)
 [299]    10.093750 (1)
 [568]    5.109375 (1)
 [705]    1.109375 (1)
 [722]    488.328125 (3)
 [736]    0.031250 (1)
 [755]    576.656250 (2)
 [785]    2.359375 (1)
 [788]    607.171875 (3)
 [800]    1.875000 (1)
 [801]    2.359375 (1)
 [821]    373.234375 (1)
 [838]    0.578125 (1)
 [946]    5.375000 (1)
 [953]    45.109375 (2)
 [955]    68.593750 (2)
 [987]    2.593750 (1)
 [1014]    10.593750 (2)