basis_ent0 = 0.008445
 [0 , 39, 59]  0.008445 + 0.007766 <  0.016445  :  640.828125  (82)
 [24 , 39, 59]  0.008445 + 0.006647 <  0.016445  :  546.203125  (77)
 [31 , 39, 59]  0.008445 + 0.007749 <  0.016445  :  457.937500  (84)
 [14 , 39, 59]  0.008445 + 0.007981 <  0.016445  :  455.218750  (80)
 [5 , 39, 59]  0.008445 + 0.007230 <  0.016445  :  452.859375  (77)
 [39 , 52, 59]  0.008445 + 0.007071 <  0.016445  :  452.796875  (78)
 [6 , 39, 59]  0.008445 + 0.007430 <  0.016445  :  452.546875  (82)
 [39 , 42, 59]  0.008445 + 0.008483 >>  0.016445  :  452.093750  (80)
 [8 , 39, 59]  0.008445 + 0.007526 <  0.016445  :  450.515625  (75)
 [21 , 39, 59]  0.008445 + 0.007361 <  0.016445  :  449.750000  (79)

 [39 , 59, 99]  0.008445 + 0.008957 <  0.010963  :  432.187500  (78)
 [0 , 59, 99]  0.008445 + 0.004068 <  0.010963  :  218.718750  (59)
 [40 , 59, 99]  0.008445 + 0.002764 <  0.010963  :  120.546875  (56)
 [56 , 59, 99]  0.008445 + 0.002796 <  0.010963  :  119.250000  (58)
 [42 , 59, 99]  0.008445 + 0.002698 <  0.010963  :  118.406250  (55)
 [31 , 59, 99]  0.008445 + 0.002744 <  0.010963  :  116.671875  (60)
 [25 , 59, 99]  0.008445 + 0.003127 <  0.010963  :  115.562500  (60)
 [59 , 61, 99]  0.008445 + 0.002662 <  0.010963  :  113.953125  (55)
 [13 , 59, 99]  0.008445 + 0.002623 <  0.010963  :  113.890625  (56)
 [35 , 59, 99]  0.008445 + 0.002694 <  0.010963  :  113.468750  (56)

 [59 , 99, 99]  0.008445 + 0.002735 <  0.005482  :  109.203125  (53)
 [0 , 99, 99]  0.008445 + 0.000588 <  0.005482  :  53.578125  (2)
 [31 , 99, 99]  0.008445 + 0.000276 <  0.005482  :  14.906250  (11)
 [40 , 99, 99]  0.008445 + 0.000207 <  0.005482  :  8.609375  (3)
 [39 , 99, 99]  0.008445 + 0.000171 <  0.005482  :  6.781250  (4)
 [48 , 99, 99]  0.008445 + 0.000268 <  0.005482  :  6.578125  (7)
 [62 , 99, 99]  0.008445 + 0.000129 <  0.005482  :  4.500000  (2)
 [56 , 99, 99]  0.008445 + 0.000125 <  0.005482  :  3.968750  (3)
 [35 , 99, 99]  0.008445 + 0.000116 <  0.005482  :  2.843750  (2)
 [61 , 99, 99]  0.008445 + 0.000036 <  0.005482  :  2.375000  (1)
39, 42, 59