

 [80] ******************************************************

 [26 , 41, 47]  121891.745328 vs 117089.449809 >>  4802.295519  :  156.937500  (3)
 [460]    39.343750 (2)
 [974]    48.703125 (2)
 [977]    68.890625 (3)

 [70] ******************************************************

 [35 , 41, 54]  100181.443032 vs 97100.496386 >>  3080.946646  :  283.125000  (3)
 [460]    102.671875 (3)
 [949]    91.125000 (3)
 [1011]    89.328125 (2)

 [60] ******************************************************

 [32 , 47, 63]  86232.334477 vs 84159.489572 >>  2072.844904  :  381.765625  (2)
 [722]    267.281250 (3)
 [977]    114.484375 (3)

 [50] ******************************************************

 [32 , 53, 63]  75162.802696 vs 73761.486977 >>  1401.315719  :  479.375000  (2)
 [722]    348.078125 (3)
 [994]    131.296875 (2)

 [40] ******************************************************

 [32 , 41, 63]  64956.747797 vs 63948.918412 >>  1007.829385  :  586.984375  (7)
 [460]    179.593750 (1)
 [536]    0.984375 (1)
 [555]    0.156250 (2)
 [722]    404.687500 (2)
 [777]    1.781250 (1)
 [794]    6.921875 (1)
 [840]    0.671875 (1)

 [30] ******************************************************

 [4 , 16, 59]  54436.507764 vs 53697.593145 >>  738.914619  :  853.875000  (17)
 [299]    9.531250 (1)
 [524]    8.406250 (2)
 [568]    6.265625 (1)
 [690]    300.968750 (3)
 [705]    3.703125 (1)
 [723]    329.937500 (3)
 [745]    4.843750 (1)
 [756]    63.125000 (2)
 [767]    0.140625 (1)
 [777]    1.109375 (1)
 [800]    2.828125 (1)
 [803]    0.156250 (2)
 [809]    0.015625 (1)
 [838]    0.625000 (1)
 [946]    14.828125 (1)
 [1003]    20.750000 (3)
 [1021]    86.671875 (2)