
 now Q is 10

 now outputing  - - - -> end


basis_ent0 = 0.015097
 [43 , 47, 62]  0.015097 + 0.001108 >>  0.015643  :  6236.937500  (12)
 [27 , 47, 62]  0.015097 + 0.001007 <  0.015643  :  6131.531250  (10)
 [27 , 43, 47]  0.015097 + 0.000811 <  0.015643  :  5877.343750  (10)
 [47 , 53, 62]  0.015097 + 0.000691 <  0.015643  :  5818.734375  (9)
 [46 , 47, 62]  0.015097 + 0.001313 <  0.015643  :  5721.937500  (11)
 [4 , 47, 62]  0.015097 + 0.001142 <  0.015643  :  5625.187500  (9)
 [47 , 62, 63]  0.015097 + 0.001600 <  0.015643  :  5398.843750  (16)
 [41 , 47, 62]  0.015097 + 0.001243 <  0.015643  :  5366.421875  (13)
 [47 , 61, 62]  0.015097 + 0.001495 <  0.015643  :  5340.453125  (17)
 [35 , 47, 62]  0.015097 + 0.001085 <  0.015643  :  5328.015625  (10)

 [47 , 62, 99]  0.015097 + 0.000845 <  0.010429  :  4550.343750  (8)
 [43 , 47, 99]  0.015097 + 0.000864 <  0.010429  :  4155.984375  (9)
 [27 , 47, 99]  0.015097 + 0.000603 <  0.010429  :  4063.515625  (6)
 [43 , 62, 99]  0.015097 + 0.000776 <  0.010429  :  3663.265625  (8)
 [46 , 47, 99]  0.015097 + 0.001030 <  0.010429  :  3630.921875  (7)
 [4 , 47, 99]  0.015097 + 0.000862 <  0.010429  :  3532.671875  (5)
 [27 , 62, 99]  0.015097 + 0.000650 <  0.010429  :  3379.593750  (7)
 [47 , 63, 99]  0.015097 + 0.001244 <  0.010429  :  3361.843750  (12)
 [47 , 53, 99]  0.015097 + 0.000799 <  0.010429  :  3346.156250  (7)
 [53 , 62, 99]  0.015097 + 0.000364 <  0.010429  :  3316.343750  (4)

 [47 , 99, 99]  0.015097 + 0.000501 <  0.005214  :  2476.453125  (4)
 [62 , 99, 99]  0.015097 + 0.000433 <  0.005214  :  2056.406250  (4)
 [43 , 99, 99]  0.015097 + 0.000469 <  0.005214  :  1606.421875  (5)
 [27 , 99, 99]  0.015097 + 0.000306 <  0.005214  :  1317.390625  (3)
 [46 , 99, 99]  0.015097 + 0.000650 <  0.005214  :  1138.890625  (4)
 [4 , 99, 99]  0.015097 + 0.000390 <  0.005214  :  1002.468750  (1)
 [53 , 99, 99]  0.015097 + 0.000357 <  0.005214  :  851.437500  (3)
 [63 , 99, 99]  0.015097 + 0.000866 <  0.005214  :  847.812500  (8)
 [41 , 99, 99]  0.015097 + 0.000556 <  0.005214  :  762.406250  (4)
 [34 , 99, 99]  0.015097 + 0.000524 <  0.005214  :  697.609375  (2)
43, 47, 62