

 [80] ******************************************************

 [37 , 42, 61]  121891.745328 vs 117078.976015 >>  4812.769312  :  184.515625  (2)
 [460]    57.906250 (1)
 [755]    126.609375 (3)

 [70] ******************************************************

 [11 , 33, 37]  100181.443032 vs 97114.948063 >>  3066.494969  :  324.968750  (3)
 [460]    133.656250 (3)
 [987]    75.484375 (2)
 [1011]    115.828125 (3)

 [60] ******************************************************

 [35 , 42, 61]  86232.334477 vs 83823.476959 >>  2408.857517  :  781.187500  (4)
 [722]    107.031250 (2)
 [755]    412.421875 (3)
 [788]    209.312500 (3)
 [821]    52.421875 (3)

 [50] ******************************************************

 [35 , 42, 61]  75162.802696 vs 73515.393207 >>  1647.409489  :  1041.125000  (4)
 [722]    191.234375 (2)
 [755]    403.828125 (3)
 [788]    225.484375 (3)
 [821]    220.578125 (3)

 [40] ******************************************************

 [35 , 42, 61]  64956.747797 vs 63667.575201 >>  1289.172596  :  1184.031250  (5)
 [722]    249.515625 (2)
 [755]    387.046875 (3)
 [788]    202.718750 (3)
 [821]    341.765625 (3)
 [979]    2.984375 (3)

 [30] ******************************************************

 [35 , 42, 61]  54436.507764 vs 53585.699832 >>  850.807932  :  1994.812500  (8)
 [722]    323.546875 (2)
 [755]    586.046875 (3)
 [788]    577.359375 (3)
 [800]    3.734375 (1)
 [821]    466.750000 (3)
 [931]    0.390625 (2)
 [946]    1.453125 (1)
 [979]    35.531250 (3)