

 [80] ******************************************************

 [24 , 36, 63]  131347.645610 vs 127255.107730 >>  4092.537880  :  15.312500  (10)
[10]    1  [24, 36, 63]
[11]    2  [24, 36, 63]
[44]    2  [24, 36]
[45]    1  [36]
[82]    0  [24]
[83]    1  [24, 63]
[454]    4  [24, 36, 63]
[461]    2  [24]
[517]    1  [63]
[598]    1  [24, 63]

 [70] ******************************************************

 [24 , 26, 32]  109138.657973 vs 106514.716330 >>  2623.941644  :  82.875000  (22)
[8]    18  [24, 26, 32]
[12]    22  [24, 26, 32]
[13]    11  [24, 26, 32]
[14]    8  [24, 26, 32]
[39]    0  [26]
[44]    4  [24, 26, 32]
[45]    3  [24]
[63]    1  [24, 26]
[83]    3  [24, 26]
[91]    0  [24]
[140]    0  [32]
[146]    0  [24, 26]
[198]    1  [26]
[231]    0  [24]
[289]    2  [24]
[302]    1  [26, 32]
[308]    1  [26]
[331]    1  [24, 26, 32]
[395]    1  [26, 32]
[461]    5  [24]
[517]    0  [26]
[598]    0  [32]
[796]    1  [26]

 [60] ******************************************************

 [21 , 24, 26]  95498.035203 vs 93663.982808 >>  1834.052395  :  498.015625  (57)
[2]    27  [21, 24, 26]
[3]    14  [24, 26]
[4]    15  [21, 24, 26]
[5]    29  [21, 24, 26]
[6]    32  [24, 26]
[7]    37  [24, 26]
[8]    42  [24]
[9]    24  [21, 24, 26]
[10]    43  [21, 24]
[11]    46  [21, 24]
[12]    31  [21, 24, 26]
[13]    23  [24, 26]
[14]    21  [24, 26]
[19]    20  [21, 24]
[41]    3  [21]
[42]    1  [24]
[44]    8  [24]
[49]    1  [21, 26]
[55]    1  [21, 24]
[63]    3  [26]
[73]    4  [21]
[79]    1  [21]
[83]    4  [24, 26]
[84]    1  [24]
[91]    1  [21, 24]
[114]    4  [21]
[141]    1  [24]
[146]    1  [24, 26]
[151]    0  [24]
[153]    2  [21]
[159]    1  [21]
[171]    1  [21, 26]
[175]    1  [21, 24, 26]
[184]    3  [21, 26]
[195]    3  [21]
[198]    1  [26]
[199]    0  [21]
[202]    3  [21]
[207]    1  [24, 26]
[210]    2  [24, 26]
[213]    2  [26]
[220]    3  [26]
[226]    1  [26]
[239]    2  [21, 26]
[265]    0  [21]
[298]    3  [21]
[299]    1  [26]
[305]    4  [21]
[306]    1  [26]
[307]    4  [21]
[308]    2  [26]
[334]    4  [26]
[395]    4  [26]
[399]    2  [21]
[400]    2  [21]
[402]    3  [26]
[459]    2  [24]
[702]    2  [21, 26]
[796]    3  [26]

 [50] ******************************************************

 [21 , 24, 26]  84826.251863 vs 83511.569802 >>  1314.682061  :  740.687500  (59)
[1]    1  [21, 24, 26]
[2]    65  [21, 24, 26]
[3]    50  [24, 26]
[4]    47  [21, 24, 26]
[5]    59  [21, 24, 26]
[6]    61  [24, 26]
[7]    38  [24, 26]
[8]    45  [24]
[9]    50  [21, 24, 26]
[10]    53  [21, 24]
[11]    52  [21, 24]
[12]    38  [21, 24, 26]
[13]    30  [24, 26]
[14]    27  [24, 26]
[19]    15  [21, 24]
[44]    4  [24]
[55]    5  [21]
[61]    0  [21, 24, 26]
[63]    6  [26]
[70]    3  [21]
[78]    4  [26]
[84]    2  [24]
[90]    1  [24, 26]
[91]    5  [21, 24]
[102]    1  [21, 24]
[114]    3  [21]
[146]    4  [24, 26]
[167]    0  [26]
[171]    0  [26]
[175]    2  [21, 24, 26]
[177]    2  [24]
[180]    1  [24, 26]
[198]    2  [26]
[202]    2  [21]
[204]    2  [21, 26]
[207]    5  [26]
[227]    6  [26]
[237]    0  [24]
[240]    2  [21]
[245]    4  [21]
[247]    1  [26]
[265]    7  [21]
[266]    3  [21, 26]
[298]    2  [21]
[299]    1  [26]
[307]    5  [21]
[308]    5  [26]
[309]    0  [26]
[332]    3  [21, 24]
[335]    1  [21]
[369]    2  [21, 26]
[399]    2  [21]
[454]    1  [26]
[702]    2  [21]
[772]    1  [21]
[796]    5  [26]
[859]    1  [24]
[938]    5  [21]
[940]    0  [26]
[971]    1  [21]

 [40] ******************************************************

 [21 , 24, 26]  73554.422273 vs 72717.594573 >>  836.827700  :  890.468750  (60)
[1]    14  [21, 24, 26]
[2]    68  [21, 24, 26]
[3]    62  [24, 26]
[4]    66  [21, 24, 26]
[5]    73  [21, 24, 26]
[6]    64  [24, 26]
[7]    51  [24, 26]
[8]    47  [24]
[9]    64  [21, 24, 26]
[10]    63  [21, 24]
[11]    50  [21, 24]
[12]    43  [21, 24, 26]
[13]    34  [24, 26]
[14]    32  [24, 26]
[15]    10  [21, 24, 26]
[19]    22  [21, 24]
[20]    2  [21, 24, 26]
[49]    0  [21]
[53]    4  [26]
[54]    2  [24]
[55]    8  [21]
[63]    1  [26]
[70]    3  [21]
[78]    2  [26]
[79]    3  [21]
[84]    4  [24]
[87]    7  [26]
[90]    1  [26]
[92]    0  [21, 24]
[146]    3  [24, 26]
[167]    3  [26]
[171]    6  [26]
[175]    1  [21, 24, 26]
[202]    3  [21]
[204]    1  [21, 26]
[206]    2  [21, 26]
[207]    7  [26]
[211]    3  [21]
[238]    1  [21, 26]
[239]    2  [21, 26]
[240]    2  [21]
[244]    8  [21]
[265]    6  [21]
[295]    5  [21]
[302]    6  [21]
[307]    3  [21]
[308]    2  [26]
[309]    3  [26]
[332]    0  [21, 24]
[335]    2  [21]
[369]    1  [26]
[401]    2  [21]
[403]    4  [21, 24]
[746]    3  [26]
[774]    0  [26]
[796]    2  [26]
[861]    3  [21]
[877]    0  [26]
[938]    3  [21]
[951]    8  [21, 24]

 [30] ******************************************************

 [8 , 24, 26]  62483.579989 vs 62218.753153 >>  264.826836  :  1070.812500  (64)
[1]    1  [8, 24, 26]
[2]    76  [24, 26]
[3]    74  [24, 26]
[4]    47  [24, 26]
[5]    59  [24, 26]
[6]    83  [24, 26]
[7]    57  [24, 26]
[8]    44  [24]
[9]    59  [24]
[10]    54  [24]
[11]    48  [24]
[12]    44  [24, 26]
[13]    31  [24, 26]
[14]    29  [24, 26]
[15]    7  [24, 26]
[19]    32  [24, 26]
[33]    0  [24]
[53]    11  [26]
[54]    7  [24]
[55]    5  [24]
[62]    1  [24]
[70]    4  [26]
[78]    0  [26]
[84]    14  [24]
[87]    2  [26]
[90]    7  [26]
[92]    2  [24, 26]
[146]    7  [26]
[175]    10  [24]
[176]    3  [8]
[179]    2  [24]
[180]    0  [26]
[203]    1  [26]
[204]    3  [26]
[207]    1  [26]
[209]    5  [26]
[210]    1  [26]
[211]    3  [8]
[238]    2  [26]
[241]    1  [26]
[265]    9  [26]
[266]    0  [26]
[291]    1  [24]
[294]    4  [8]
[308]    10  [26]
[365]    1  [26]
[369]    13  [26]
[376]    9  [8]
[602]    4  [24]
[697]    9  [8]
[746]    8  [26]
[773]    2  [8, 26]
[775]    5  [26]
[782]    7  [26]
[806]    6  [24, 26]
[940]    3  [26]
[945]    2  [26]
[1000]    39  [8, 24, 26]
[1003]    20  [8, 24, 26]
[1004]    3  [8, 24, 26]
[1006]    18  [8, 24, 26]
[1007]    32  [8, 24, 26]
[1008]    8  [8, 24, 26]
[1012]    18  [8, 24, 26]
[1014]    21  [8, 26]