

 [80] ******************************************************

 [3 , 39, 44]  192129.397680 vs 188367.863265 >>  3761.534416  :  281.265625  (2)
[5]    135  [3, 39, 44]
[12]    146  [3, 44]
[4]    123  [38, 41, 42]
[20]    159  [41, 42]
[5]    111  [39, 41]
[20]    166  [39, 41, 42]
[12]    109  [41, 42, 44]
[20]    159  [41, 42]
[4]    112  [10, 38, 42]
[20]    145  [10, 42]

 [70] ******************************************************

 [22 , 31, 63]  159044.609240 vs 156018.497200 >>  3026.112040  :  596.421875  (3)
[14]    184  [31]
[150]    176  [31, 63]
[853]    239  [22, 31]
[14]    184  [31]
[33]    155  [22, 31, 53]
[853]    245  [22, 31, 53]
[33]    153  [22, 53, 63]
[150]    165  [63]
[853]    243  [22, 53, 63]
[14]    187  [13, 31]
[179]    133  [13, 22, 31]
[853]    239  [22, 31]
[5]    130  [22, 31, 39]
[14]    188  [31, 39]
[853]    239  [22, 31]

 [60] ******************************************************

 [31 , 42, 63]  136158.699355 vs 133635.418667 >>  2523.280688  :  1038.078125  (3)
[14]    343  [31, 42]
[20]    282  [31, 42]
[150]    413  [31, 42, 63]
[14]    332  [31]
[150]    380  [31, 63]
[853]    292  [22, 31]
[14]    332  [31]
[33]    277  [31, 53, 63]
[150]    380  [31, 63]
[20]    269  [22, 42]
[150]    407  [42, 63]
[853]    288  [22, 63]
[7]    249  [24, 31, 63]
[14]    332  [31]
[150]    383  [24, 31, 63]

 [50] ******************************************************

 [31 , 42, 63]  118403.661005 vs 115735.908038 >>  2667.752967  :  1114.046875  (3)
[14]    390  [31, 42]
[20]    283  [31, 42]
[150]    442  [31, 42, 63]
[14]    378  [31]
[33]    325  [31, 53, 63]
[150]    408  [31, 63]
[14]    378  [31]
[128]    311  [31, 58, 63]
[150]    408  [31, 63]
[14]    385  [4, 31]
[22]    295  [4, 31, 63]
[150]    416  [4, 31, 63]
[14]    378  [31]
[127]    272  [31, 54, 63]
[150]    436  [31, 54, 63]

 [40] ******************************************************

 [18 , 31, 39]  100180.338028 vs 97656.366132 >>  2523.971896  :  1320.625000  (3)
[5]    433  [18, 31, 39]
[14]    468  [18, 31, 39]
[192]    419  [18, 31]
[14]    468  [13, 18, 31]
[179]    367  [13, 18, 31]
[192]    464  [13, 18, 31]
[14]    472  [4, 18, 31]
[22]    400  [4, 18, 31]
[192]    419  [18, 31]
[14]    457  [4, 31, 58]
[22]    464  [4, 31, 58]
[128]    359  [4, 31, 58]
[14]    466  [18, 31]
[33]    385  [31, 53]
[192]    419  [18, 31]

 [30] ******************************************************

 [22 , 53, 58]  80083.370882 vs 77994.163641 >>  2089.207241  :  1767.671875  (3)
[33]    597  [22, 53, 58]
[128]    569  [58]
[853]    602  [22, 53, 58]
[2]    453  [22, 49, 53]
[31]    124  [49, 53]
[33]    598  [22, 49, 53]
[853]    588  [22, 49, 53]
[4]    582  [38, 58]
[33]    600  [38, 53, 58]
[128]    581  [38, 58]
[4]    582  [38, 58]
[128]    581  [38, 58]
[853]    606  [22, 38, 58]
[2]    461  [49, 53, 63]
[31]    147  [49, 53, 63]
[33]    612  [49, 53, 63]
[150]    531  [49, 63]