

 [80] ******************************************************

 [42 , 43, 52]  152718.430809 vs 149641.383723 >>  3077.047086  :  11.093750  (1)
[737]    11  [42, 43, 52]

 [70] ******************************************************

 [42 , 43, 52]  131002.014504 vs 128708.114217 >>  2293.900287  :  36.578125  (1)
[737]    37  [42, 43, 52]

 [60] ******************************************************

 [7 , 29, 51]  116495.898057 vs 114687.619639 >>  1808.278418  :  103.906250  (1)
[837]    104  [7, 29, 51]

 [50] ******************************************************

 [7 , 26, 29]  102911.142500 vs 100643.458474 >>  2267.684026  :  288.953125  (2)
[340]    93  [7, 26, 29]
[837]    196  [7, 29]

 [40] ******************************************************

 [7 , 10, 56]  88822.025518 vs 86652.234680 >>  2169.790837  :  944.750000  (6)
[423]    66  [7, 56]
[675]    0  [56]
[710]    152  [7, 10, 56]
[740]    311  [7, 10, 56]
[771]    132  [7, 10, 56]
[837]    284  [7, 10, 56]

 [30] ******************************************************

 [7 , 10, 56]  72878.288091 vs 71066.474772 >>  1811.813319  :  2365.031250  (12)
[343]    229  [7, 56]
[423]    189  [7, 56]
[455]    2  [7, 10, 56]
[675]    1  [56]
[678]    93  [7, 56]
[707]    60  [7, 10, 56]
[710]    285  [7, 10, 56]
[740]    572  [7, 10, 56]
[771]    398  [7, 10, 56]
[836]    120  [7, 10, 56]
[837]    394  [7, 10, 56]
[932]    23  [7, 10, 56]