

 [80] ******************************************************

 [34 , 44, 62]  131347.645610 vs 126943.307529 >>  4404.338081  :  23.718750  (7)
[82]    0  [34]
[232]    1  [44]
[261]    10  [34, 44, 62]
[294]    8  [34, 44, 62]
[327]    4  [44, 62]
[333]    0  [62]
[639]    0  [34]

 [70] ******************************************************

 [34 , 44, 62]  109138.657973 vs 106190.216025 >>  2948.441949  :  73.890625  (11)
[39]    0  [34]
[45]    2  [34]
[231]    0  [34]
[261]    28  [34, 44, 62]
[289]    1  [62]
[294]    24  [34, 44, 62]
[303]    0  [62]
[327]    17  [44, 62]
[330]    0  [34]
[459]    0  [34, 44]
[461]    0  [34]

 [60] ******************************************************

 [18 , 44, 62]  95498.035203 vs 93032.390078 >>  2465.645126  :  379.921875  (33)
[2]    19  [18, 44]
[3]    15  [18, 62]
[4]    24  [18]
[5]    34  [18, 44]
[6]    41  [18]
[9]    32  [18]
[10]    44  [18, 44, 62]
[11]    50  [18, 44]
[41]    2  [44]
[42]    2  [18, 62]
[43]    1  [18]
[44]    7  [18]
[63]    2  [18]
[91]    1  [18]
[110]    0  [62]
[141]    1  [18]
[151]    0  [18]
[220]    3  [18]
[235]    1  [18]
[261]    31  [18, 44, 62]
[294]    26  [18, 44, 62]
[298]    1  [44]
[303]    0  [62]
[327]    29  [44, 62]
[334]    3  [18]
[395]    2  [62]
[399]    1  [62]
[400]    2  [44]
[402]    2  [62]
[459]    2  [44]
[543]    0  [18]
[976]    1  [62]
[978]    1  [62]

 [50] ******************************************************

 [18 , 44, 62]  84826.251863 vs 83037.760159 >>  1788.491705  :  639.000000  (32)
[2]    56  [18, 44]
[3]    51  [18, 62]
[4]    56  [18]
[5]    65  [18, 44]
[6]    70  [18]
[9]    58  [18]
[10]    55  [18, 44, 62]
[11]    55  [18, 44]
[43]    2  [18]
[44]    3  [18]
[55]    1  [18]
[63]    4  [18]
[91]    5  [18]
[92]    1  [18, 62]
[177]    1  [18]
[179]    2  [18, 62]
[227]    4  [44]
[237]    3  [62]
[261]    48  [18, 44, 62]
[272]    2  [44]
[294]    42  [18, 44, 62]
[298]    0  [44]
[327]    47  [44, 62]
[332]    0  [18]
[399]    1  [62]
[418]    1  [18]
[454]    0  [44]
[702]    0  [62]
[859]    1  [18]
[938]    4  [44]
[940]    0  [44]
[971]    1  [62]

 [40] ******************************************************

 [18 , 44, 62]  73554.422273 vs 72219.633150 >>  1334.789123  :  768.937500  (30)
[2]    60  [18, 44]
[3]    63  [18, 62]
[4]    75  [18]
[5]    79  [18, 44]
[6]    73  [18]
[9]    72  [18]
[10]    65  [18, 44, 62]
[11]    54  [18, 44]
[54]    2  [18]
[55]    3  [18]
[92]    2  [18, 62]
[110]    3  [62]
[179]    0  [18, 62]
[180]    2  [18]
[207]    0  [18]
[235]    4  [18]
[243]    1  [18]
[261]    70  [18, 44, 62]
[294]    51  [18, 44, 62]
[295]    4  [18]
[302]    4  [62]
[327]    71  [44, 62]
[394]    1  [44]
[401]    0  [18]
[403]    1  [62]
[703]    1  [18]
[729]    3  [44]
[807]    0  [44]
[877]    1  [62]
[938]    2  [44]

 [30] ******************************************************

 [18 , 23, 44]  62483.579989 vs 61912.351978 >>  571.228011  :  956.937500  (36)
[2]    68  [18, 44]
[3]    79  [18, 23]
[4]    66  [18, 23]
[5]    70  [18, 44]
[6]    93  [18, 23, 44]
[9]    67  [18]
[10]    58  [18, 23, 44]
[11]    58  [18, 23, 44]
[48]    1  [18]
[53]    2  [23]
[54]    12  [23]
[55]    7  [18]
[62]    0  [18]
[92]    4  [18]
[175]    9  [18]
[179]    4  [18]
[180]    3  [18]
[211]    6  [44]
[241]    1  [18]
[261]    59  [44]
[291]    2  [18]
[294]    61  [44]
[327]    26  [44]
[365]    2  [18]
[369]    7  [18]
[376]    23  [44]
[602]    3  [44]
[697]    7  [44]
[729]    18  [23, 44]
[775]    5  [23]
[782]    5  [18]
[926]    0  [44]
[940]    3  [44]
[998]    28  [18, 23, 44]
[1012]    58  [18, 23, 44]
[1014]    42  [23, 44]