

 [80] ******************************************************

 [9 , 10, 61]  152718.430809 vs 149615.754056 >>  3102.676752  :  62.171875  (1)
 [340]    62.171875 (3)  [9, 10, 61]

 [70] ******************************************************

 [6 , 10, 61]  131002.014504 vs 128552.297035 >>  2449.717470  :  120.968750  (2)
 [340]    54.687500 (3)  [6, 10, 61]
 [674]    66.281250 (3)  [6, 10, 61]

 [60] ******************************************************

 [8 , 61, 62]  116495.898057 vs 114588.808148 >>  1907.089909  :  377.250000  (2)
 [340]    129.937500 (2)  [61, 62]
 [375]    247.312500 (3)  [8, 61, 62]

 [50] ******************************************************

 [8 , 41, 61]  102911.142500 vs 100513.457299 >>  2397.685201  :  543.375000  (3)
 [278]    158.625000 (3)  [8, 41, 61]
 [340]    180.125000 (1)  [61]
 [375]    204.625000 (3)  [8, 41, 61]

 [40] ******************************************************

 [3 , 6, 39]  88822.025518 vs 86647.655909 >>  2174.369609  :  776.718750  (3)
 [276]    205.812500 (2)  [3, 6]
 [674]    306.000000 (3)  [3, 6, 39]
 [710]    264.906250 (1)  [39]

 [30] ******************************************************

 [9 , 39, 55]  72878.288091 vs 71066.584140 >>  1811.703951  :  1376.859375  (5)
 [673]    119.078125 (3)  [9, 39, 55]
 [678]    183.859375 (2)  [9, 55]
 [707]    182.328125 (2)  [39, 55]
 [710]    448.500000 (3)  [9, 39, 55]
 [805]    451.218750 (2)  [9, 55]