
 now Q is 50

 now outputing  - - - -> end


basis_ent0 = 0.008445
 [21 , 46, 53]  0.008445 + 0.003695 <  0.012702  :  461.406250  (33)
 [28 , 46, 53]  0.008445 + 0.003615 <  0.012702  :  459.843750  (30)
 [53 , 59, 63]  0.008445 + 0.003552 <  0.012702  :  456.703125  (31)
 [53 , 54, 63]  0.008445 + 0.005553 >>  0.012702  :  442.468750  (35)
 [11 , 36, 53]  0.008445 + 0.003189 <  0.012702  :  436.968750  (28)
 [36 , 53, 56]  0.008445 + 0.003633 <  0.012702  :  434.078125  (27)
 [36 , 46, 53]  0.008445 + 0.004134 <  0.012702  :  422.625000  (31)
 [15 , 36, 53]  0.008445 + 0.003400 <  0.012702  :  420.312500  (29)
 [36 , 53, 59]  0.008445 + 0.003356 <  0.012702  :  418.109375  (31)
 [46 , 53, 63]  0.008445 + 0.003340 <  0.012702  :  415.515625  (29)

 [36 , 53, 99]  0.008445 + 0.003627 <  0.008468  :  287.656250  (25)
 [53 , 63, 99]  0.008445 + 0.003122 <  0.008468  :  243.187500  (25)
 [53 , 56, 99]  0.008445 + 0.002683 <  0.008468  :  236.453125  (21)
 [46 , 53, 99]  0.008445 + 0.002558 <  0.008468  :  209.796875  (22)
 [40 , 53, 99]  0.008445 + 0.002399 <  0.008468  :  206.671875  (22)
 [21 , 53, 99]  0.008445 + 0.003234 <  0.008468  :  200.000000  (27)
 [43 , 53, 99]  0.008445 + 0.002583 <  0.008468  :  195.906250  (24)
 [53 , 59, 99]  0.008445 + 0.002417 <  0.008468  :  194.109375  (25)
 [53 , 57, 99]  0.008445 + 0.002913 <  0.008468  :  192.000000  (25)
 [7 , 54, 99]  0.008445 + 0.002356 <  0.008468  :  183.046875  (19)

 [53 , 99, 99]  0.008445 + 0.001722 <  0.004234  :  41.812500  (17)
 [33 , 99, 99]  0.008445 + 0.000521 <  0.004234  :  30.250000  (7)
 [60 , 99, 99]  0.008445 + 0.000137 <  0.004234  :  30.250000  (2)
 [54 , 99, 99]  0.008445 + 0.000961 <  0.004234  :  14.812500  (9)
 [58 , 99, 99]  0.008445 + 0.000099 <  0.004234  :  11.968750  (3)
 [62 , 99, 99]  0.008445 + 0.000441 <  0.004234  :  11.703125  (5)
 [27 , 99, 99]  0.008445 + 0.000280 <  0.004234  :  11.140625  (6)
 [48 , 99, 99]  0.008445 + 0.000231 <  0.004234  :  7.890625  (4)
 [20 , 99, 99]  0.008445 + 0.000342 <  0.004234  :  7.734375  (6)
 [37 , 99, 99]  0.008445 + 0.000543 <  0.004234  :  6.687500  (5)
53, 54, 63