

 [80] ******************************************************

 [21 , 32, 47]  121891.745328 vs 117170.185444 >>  4721.559883  :  192.578125  (2)
 [755]    133.343750 (3)
 [978]    59.234375 (3)

 [70] ******************************************************

 [44 , 60, 61]  100181.443032 vs 97044.916917 >>  3136.526115  :  279.390625  (3)
 [994]    85.125000 (3)
 [1014]    62.562500 (1)
 [1022]    133.031250 (3)

 [60] ******************************************************

 [21 , 32, 60]  86232.334477 vs 83947.697896 >>  2284.636581  :  608.750000  (3)
 [722]    92.343750 (3)
 [755]    418.687500 (2)
 [1014]    97.718750 (1)

 [50] ******************************************************

 [21 , 32, 60]  75162.802696 vs 73600.300659 >>  1562.502037  :  719.671875  (3)
 [722]    176.546875 (3)
 [755]    410.093750 (2)
 [1014]    133.031250 (1)

 [40] ******************************************************

 [21 , 32, 60]  64956.747797 vs 63800.635301 >>  1156.112496  :  779.484375  (6)
 [536]    1.328125 (1)
 [722]    234.828125 (3)
 [755]    393.312500 (2)
 [777]    1.375000 (1)
 [794]    5.765625 (1)
 [1014]    143.328125 (1)

 [30] ******************************************************

 [21 , 32, 60]  54436.507764 vs 53641.678311 >>  794.829454  :  1207.390625  (11)
 [299]    9.625000 (1)
 [568]    6.312500 (1)
 [705]    1.843750 (1)
 [722]    308.859375 (3)
 [745]    5.421875 (1)
 [755]    592.312500 (2)
 [764]    0.062500 (1)
 [777]    0.375000 (1)
 [788]    103.859375 (2)
 [800]    2.390625 (1)
 [946]    9.609375 (1)
 [1014]    176.953125 (1)