

 [80] ******************************************************

 [11 , 15, 31]  121891.745328 vs 117218.848113 >>  4672.897215  :  140.437500  (2)
[306]    86  [11, 15, 31]
[397]    55  [11, 15]

 [70] ******************************************************

 [6 , 11, 31]  100181.443032 vs 97083.420425 >>  3098.022607  :  392.046875  (2)
[306]    166  [11, 31]
[366]    227  [6, 11, 31]

 [60] ******************************************************

 [6 , 15, 19]  86232.334477 vs 83905.308243 >>  2327.026233  :  640.281250  (3)
[366]    237  [6, 15, 19]
[397]    234  [6, 15, 19]
[690]    169  [15, 19]

 [50] ******************************************************

 [6 , 15, 52]  75162.802696 vs 73431.468188 >>  1731.334508  :  1047.578125  (3)
[366]    308  [6, 15]
[397]    410  [6, 15, 52]
[428]    330  [15, 52]

 [40] ******************************************************

 [6 , 32, 59]  64956.747797 vs 63730.592266 >>  1226.155531  :  1241.609375  (3)
[273]    306  [59]
[366]    472  [6, 32, 59]
[432]    463  [6, 32, 59]

 [30] ******************************************************

 [40 , 52, 59]  54436.507764 vs 53323.632954 >>  1112.874810  :  1752.859375  (4)
[273]    502  [40, 52, 59]
[428]    651  [40, 52, 59]
[755]    123  [40]
[788]    477  [40, 52, 59]