

 [80] ******************************************************

 [33 , 49, 58]  131347.645610 vs 127055.190962 >>  4292.454648  :  4.671875  (1)
 [389]    4.671875 (3)  [33, 49, 58]

 [70] ******************************************************

 [33 , 49, 58]  109138.657973 vs 106139.363404 >>  2999.294569  :  57.796875  (1)
 [389]    57.796875 (3)  [33, 49, 58]

 [60] ******************************************************

 [0 , 33, 58]  95498.035203 vs 92821.208128 >>  2676.827076  :  194.406250  (2)
 [389]    124.500000 (2)  [33, 58]
 [659]    69.906250 (1)  [0]

 [50] ******************************************************

 [0 , 33, 58]  84826.251863 vs 82636.543997 >>  2189.707866  :  246.953125  (2)
 [389]    149.484375 (2)  [33, 58]
 [659]    97.468750 (1)  [0]

 [40] ******************************************************

 [26 , 33, 58]  73554.422273 vs 71737.741567 >>  1816.680707  :  451.312500  (2)
 [389]    238.718750 (3)  [26, 33, 58]
 [390]    212.593750 (2)  [26, 58]

 [30] ******************************************************

 [26 , 33, 58]  62483.579989 vs 61275.708422 >>  1207.871567  :  504.046875  (2)
 [389]    246.265625 (3)  [26, 33, 58]
 [390]    257.781250 (2)  [26, 58]