 now Q is 10

basis_ent0 = 0.021279
 [28 , 33, 44]  0.021279 + 0.001381 >>  0.016101  :  5438.734375  (34)
 [8 , 33, 44]  0.021279 + 0.002293 <  0.016101  :  5408.484375  (53)
 [33 , 38, 44]  0.021279 + 0.001636 <  0.016101  :  5404.656250  (41)
 [33 , 34, 44]  0.021279 + 0.001398 <  0.016101  :  5339.968750  (37)
 [33 , 42, 44]  0.021279 + 0.001575 <  0.016101  :  5330.109375  (39)
 [33 , 39, 44]  0.021279 + 0.001293 <  0.016101  :  5320.328125  (37)
 [33 , 36, 44]  0.021279 + 0.001286 <  0.016101  :  5319.500000  (37)
 [33 , 43, 44]  0.021279 + 0.001315 <  0.016101  :  5305.281250  (37)
 [33 , 35, 44]  0.021279 + 0.001304 <  0.016101  :  5302.765625  (37)
 [33 , 37, 44]  0.021279 + 0.001287 <  0.016101  :  5291.984375  (36)

 [33 , 44, 99]  0.021279 + 0.001287 <  0.010734  :  5291.984375  (36)
 [8 , 33, 99]  0.021279 + 0.002137 <  0.010734  :  4298.609375  (48)
 [28 , 33, 99]  0.021279 + 0.001195 <  0.010734  :  3956.000000  (24)
 [9 , 33, 99]  0.021279 + 0.000973 <  0.010734  :  3541.437500  (23)
 [33 , 54, 99]  0.021279 + 0.000924 <  0.010734  :  3537.718750  (24)
 [10 , 33, 99]  0.021279 + 0.001178 <  0.010734  :  3495.234375  (32)
 [31 , 33, 99]  0.021279 + 0.001098 <  0.010734  :  3444.156250  (26)
 [33 , 55, 99]  0.021279 + 0.001068 <  0.010734  :  3436.281250  (26)
 [33 , 38, 99]  0.021279 + 0.001200 <  0.010734  :  3428.468750  (30)
 [13 , 33, 99]  0.021279 + 0.001068 <  0.010734  :  3414.937500  (26)

 [33 , 99, 99]  0.021279 + 0.000918 <  0.005367  :  3192.109375  (22)
 [44 , 99, 99]  0.021279 + 0.000369 <  0.005367  :  2099.875000  (14)
 [8 , 99, 99]  0.021279 + 0.001495 <  0.005367  :  883.609375  (26)
 [28 , 99, 99]  0.021279 + 0.000078 <  0.005367  :  464.453125  (1)
 [9 , 99, 99]  0.021279 + 0.000055 <  0.005367  :  349.328125  (1)
 [10 , 99, 99]  0.021279 + 0.000432 <  0.005367  :  279.531250  (10)
 [55 , 99, 99]  0.021279 + 0.000151 <  0.005367  :  244.171875  (4)
 [38 , 99, 99]  0.021279 + 0.000369 <  0.005367  :  234.562500  (8)
 [31 , 99, 99]  0.021279 + 0.000095 <  0.005367  :  212.781250  (3)
 [24 , 99, 99]  0.021279 + 0.000168 <  0.005367  :  171.390625  (4)
28, 33, 44