

 [80] ******************************************************

 [32 , 42, 56]  131347.645610 vs 127050.376733 >>  4297.268877  :  95.234375  (1)
[390]    95  [32, 42, 56]

 [70] ******************************************************

 [0 , 6, 16]  109138.657973 vs 105898.082964 >>  3240.575010  :  209.437500  (2)
[421]    134  [0, 6, 16]
[467]    76  [0, 6, 16]

 [60] ******************************************************

 [0 , 16, 62]  95498.035203 vs 92760.411856 >>  2737.623347  :  301.437500  (2)
[421]    166  [0, 16]
[650]    136  [0, 16, 62]

 [50] ******************************************************

 [0 , 16, 62]  84826.251863 vs 82647.563272 >>  2178.688592  :  497.734375  (2)
[421]    258  [0, 16]
[650]    240  [0, 16, 62]

 [40] ******************************************************

 [5 , 16, 32]  73554.422273 vs 71640.846429 >>  1913.575845  :  860.421875  (3)
[390]    359  [5, 32]
[421]    186  [16]
[466]    321  [5]

 [30] ******************************************************

 [5 , 16, 32]  62483.579989 vs 61228.857373 >>  1254.722616  :  1063.937500  (3)
[390]    405  [5, 32]
[421]    262  [16]
[466]    403  [5]