

 Use image  :  cameraman.bmp




  Basis used in the ICA area 


  Number of basis used : 0 ~ 64 


  Use basis -> $$ 



  Use Q rate : 105

----------------------------------------------------------------------------------


 +----+----+----+----+----+----+----+----+----+----+----+----+----+----+----+----+----+----+----+----+----+----+----+----+----+----+----+----+----+----+----+----+----+----+----+----+----+----+----+----+----+----+----+----+----+----+----+----+----+----+----+----+----+----+----+----+----+----+----+----+----+----+----+----+
 |[ 0]|[ 1]|[ 2]|[ 3]|[ 4]|[ 5]|[ 6]|[ 7]|[ 8]|[ 9]|[10]|[11]|[12]|[13]|[14]|[15]|[16]|[17]|[18]|[19]|[20]|[21]|[22]|[23]|[24]|[25]|[26]|[27]|[28]|[29]|[30]|[31]|[32]|[33]|[34]|[35]|[36]|[37]|[38]|[39]|[40]|[41]|[42]|[43]|[44]|[45]|[46]|[47]|[48]|[49]|[50]|[51]|[52]|[53]|[54]|[55]|[56]|[57]|[58]|[59]|[60]|[61]|[62]|[63]|
 +----+----+----+----+----+----+----+----+----+----+----+----+----+----+----+----+----+----+----+----+----+----+----+----+----+----+----+----+----+----+----+----+----+----+----+----+----+----+----+----+----+----+----+----+----+----+----+----+----+----+----+----+----+----+----+----+----+----+----+----+----+----+----+----+
 | -10|  -7| -17|  27|  -2|  -5| -14| -11|  -9|  -2|   4|  -5|  -8|   9|  13|  -7|  -3|   6| -17|  -5|  -1|  -6|  -2| -11|  16|   6| -17|  -2| -14|   0|  -1|  -8|  15|   4|  -8| -11|   9|   0|   2|  -7|  25|  20| -15|   3|  -1|   0|  16|  10| -31|   8|  -6| -20|  -1|  -8|  11|   5|  11|  42|   1|   8|   0|  -1| -11| -16|
 +----+----+----+----+----+----+----+----+----+----+----+----+----+----+----+----+----+----+----+----+----+----+----+----+----+----+----+----+----+----+----+----+----+----+----+----+----+----+----+----+----+----+----+----+----+----+----+----+----+----+----+----+----+----+----+----+----+----+----+----+----+----+----+----+





