
 now Q is 20

basis_ent0 = 0.012129
 [41 , 46, 54]  0.012129 + 0.005973 <  0.016067  :  2219.375000  (57)
 [22 , 46, 54]  0.012129 + 0.004518 <  0.016067  :  1985.296875  (49)
 [5 , 41, 54]  0.012129 + 0.004776 <  0.016067  :  1972.734375  (52)
 [26 , 41, 54]  0.012129 + 0.004107 <  0.016067  :  1964.000000  (47)
 [25 , 46, 54]  0.012129 + 0.004610 <  0.016067  :  1920.812500  (45)
 [33 , 46, 54]  0.012129 + 0.005163 <  0.016067  :  1920.312500  (45)
 [5 , 46, 54]  0.012129 + 0.004527 <  0.016067  :  1907.656250  (43)
 [22 , 41, 54]  0.012129 + 0.004191 <  0.016067  :  1903.750000  (48)
 [26 , 46, 54]  0.012129 + 0.004571 <  0.016067  :  1901.109375  (46)
 [33 , 41, 54]  0.012129 + 0.004730 <  0.016067  :  1892.265625  (50)

 [41 , 54, 99]  0.012129 + 0.004782 >>  0.010711  :  1697.796875  (40)
 [46 , 54, 99]  0.012129 + 0.005164 <  0.010711  :  1689.953125  (40)
 [26 , 54, 99]  0.012129 + 0.003826 <  0.010711  :  1665.218750  (34)
 [22 , 54, 99]  0.012129 + 0.003678 <  0.010711  :  1608.265625  (34)
 [54 , 62, 99]  0.012129 + 0.003917 <  0.010711  :  1536.562500  (32)
 [4 , 54, 99]  0.012129 + 0.004305 <  0.010711  :  1528.312500  (38)
 [47 , 54, 99]  0.012129 + 0.003263 <  0.010711  :  1524.453125  (27)
 [5 , 54, 99]  0.012129 + 0.003558 <  0.010711  :  1511.265625  (29)
 [25 , 54, 99]  0.012129 + 0.003823 <  0.010711  :  1508.703125  (30)
 [33 , 54, 99]  0.012129 + 0.003778 <  0.010711  :  1506.500000  (28)

 [54 , 99, 99]  0.012129 + 0.004276 <  0.005356  :  1402.296875  (26)
 [46 , 99, 99]  0.012129 + 0.001215 <  0.005356  :  160.640625  (14)
 [41 , 99, 99]  0.012129 + 0.001438 <  0.005356  :  149.093750  (17)
 [22 , 99, 99]  0.012129 + 0.000581 <  0.005356  :  105.796875  (10)
 [26 , 99, 99]  0.012129 + 0.000808 <  0.005356  :  83.171875  (12)
 [4 , 99, 99]  0.012129 + 0.000884 <  0.005356  :  79.250000  (14)
 [62 , 99, 99]  0.012129 + 0.000482 <  0.005356  :  62.500000  (8)
 [25 , 99, 99]  0.012129 + 0.000445 <  0.005356  :  48.437500  (7)
 [15 , 99, 99]  0.012129 + 0.000473 <  0.005356  :  47.437500  (10)
 [21 , 99, 99]  0.012129 + 0.000429 <  0.005356  :  46.671875  (7)
41, 54, 99