
 now Q is 70

 now outputing  - - - -> end


basis_ent0 = 0.013252
 [26 , 51, 55]  0.013252 + 0.003374 >>  0.016113  :  73.109375  (13)
 [26 , 44, 51]  0.013252 + 0.003396 <  0.016113  :  71.203125  (12)
 [26 , 30, 51]  0.013252 + 0.003686 <  0.016113  :  70.968750  (17)
 [26 , 42, 51]  0.013252 + 0.003371 <  0.016113  :  69.765625  (14)
 [12 , 26, 51]  0.013252 + 0.003254 <  0.016113  :  68.906250  (11)
 [26 , 46, 51]  0.013252 + 0.003553 <  0.016113  :  68.109375  (14)
 [26 , 51, 56]  0.013252 + 0.003453 <  0.016113  :  67.859375  (13)
 [26 , 51, 63]  0.013252 + 0.003823 <  0.016113  :  67.640625  (17)
 [26 , 28, 51]  0.013252 + 0.003303 <  0.016113  :  67.000000  (11)
 [3 , 26, 51]  0.013252 + 0.003108 <  0.016113  :  65.312500  (7)

 [26 , 51, 99]  0.013252 + 0.003403 <  0.010742  :  58.750000  (9)
 [26 , 40, 99]  0.013252 + 0.002409 <  0.010742  :  17.515625  (13)
 [30 , 63, 99]  0.013252 + 0.000836 <  0.010742  :  17.046875  (20)
 [19 , 63, 99]  0.013252 + 0.000837 <  0.010742  :  16.031250  (19)
 [17 , 63, 99]  0.013252 + 0.000912 <  0.010742  :  15.890625  (22)
 [62 , 63, 99]  0.013252 + 0.000927 <  0.010742  :  15.437500  (20)
 [40 , 63, 99]  0.013252 + 0.000505 <  0.010742  :  15.109375  (16)
 [59 , 63, 99]  0.013252 + 0.000837 <  0.010742  :  15.046875  (18)
 [13 , 63, 99]  0.013252 + 0.000737 <  0.010742  :  14.421875  (17)
 [14 , 63, 99]  0.013252 + 0.000940 <  0.010742  :  14.296875  (19)

 [63 , 99, 99]  0.013252 + 0.000473 <  0.005371  :  9.812500  (10)
 [30 , 99, 99]  0.013252 + 0.000507 <  0.005371  :  6.421875  (10)
 [40 , 99, 99]  0.013252 + 0.000339 <  0.005371  :  5.890625  (8)
 [19 , 99, 99]  0.013252 + 0.000456 <  0.005371  :  5.765625  (9)
 [22 , 99, 99]  0.013252 + 0.000333 <  0.005371  :  5.765625  (7)
 [59 , 99, 99]  0.013252 + 0.000632 <  0.005371  :  5.468750  (11)
 [13 , 99, 99]  0.013252 + 0.000550 <  0.005371  :  5.406250  (11)
 [14 , 99, 99]  0.013252 + 0.000577 <  0.005371  :  5.015625  (10)
 [62 , 99, 99]  0.013252 + 0.000656 <  0.005371  :  4.703125  (11)
 [17 , 99, 99]  0.013252 + 0.000589 <  0.005371  :  4.687500  (13)
26, 51, 55