basis_ent0 = 0.005439
 [8 , 14, 42]  0.005439 + 0.005706 <  0.012462  :  279.734375  (16)
 [8 , 11, 21]  0.005439 + 0.006640 <  0.012462  :  278.671875  (26)
 [8 , 35, 45]  0.005439 + 0.005388 <  0.012462  :  276.265625  (19)
 [8 , 42, 52]  0.005439 + 0.005834 <  0.012462  :  273.671875  (19)
 [8 , 35, 53]  0.005439 + 0.005210 <  0.012462  :  267.406250  (19)
 [8 , 21, 35]  0.005439 + 0.006005 <  0.012462  :  266.234375  (25)
 [8 , 13, 35]  0.005439 + 0.005596 <  0.012462  :  265.343750  (22)
 [8 , 33, 35]  0.005439 + 0.005221 <  0.012462  :  264.953125  (19)
 [8 , 9, 35]  0.005439 + 0.005021 <  0.012462  :  264.578125  (18)
 [8 , 19, 63]  0.005439 + 0.005338 <  0.012462  :  264.125000  (18)

 [8 , 35, 99]  0.005439 + 0.005537 >>  0.008308  :  254.312500  (17)
 [8 , 53, 99]  0.005439 + 0.005087 <  0.008308  :  247.578125  (17)
 [8 , 21, 99]  0.005439 + 0.006161 <  0.008308  :  246.406250  (22)
 [8 , 13, 99]  0.005439 + 0.005414 <  0.008308  :  245.281250  (19)
 [8 , 33, 99]  0.005439 + 0.005221 <  0.008308  :  244.609375  (17)
 [0 , 8, 99]  0.005439 + 0.005315 <  0.008308  :  243.531250  (18)
 [8 , 24, 99]  0.005439 + 0.005379 <  0.008308  :  243.484375  (16)
 [8 , 11, 99]  0.005439 + 0.005483 <  0.008308  :  243.296875  (18)
 [8 , 9, 99]  0.005439 + 0.005087 <  0.008308  :  242.859375  (15)
 [5 , 8, 99]  0.005439 + 0.005195 <  0.008308  :  242.843750  (16)

 [8 , 99, 99]  0.005439 + 0.005276 <  0.004154  :  235.656250  (14)
 [35 , 99, 99]  0.005439 + 0.000574 <  0.004154  :  16.937500  (4)
 [21 , 99, 99]  0.005439 + 0.001310 <  0.004154  :  11.218750  (11)
 [33 , 99, 99]  0.005439 + 0.000185 <  0.004154  :  5.890625  (3)
 [13 , 99, 99]  0.005439 + 0.000145 <  0.004154  :  5.484375  (2)
 [24 , 99, 99]  0.005439 + 0.000469 <  0.004154  :  4.406250  (4)
 [46 , 99, 99]  0.005439 + 0.000266 <  0.004154  :  4.093750  (3)
 [61 , 99, 99]  0.005439 + 0.000432 <  0.004154  :  3.078125  (7)
 [48 , 99, 99]  0.005439 + 0.000404 <  0.004154  :  2.906250  (5)
 [47 , 99, 99]  0.005439 + 0.000319 <  0.004154  :  2.859375  (5)
8, 35, 99