

 [80] ******************************************************

 [5 , 34, 49]  121891.745328 vs 117119.114270 >>  4772.631058  :  290.109375  (3)
[885]    92  [34, 49]
[978]    111  [5, 49]
[1018]    89  [34]

 [70] ******************************************************

 [2 , 57, 58]  100181.443032 vs 97133.326998 >>  3048.116034  :  473.640625  (3)
[987]    148  [57, 58]
[1011]    166  [2, 57, 58]
[1013]    162  [2, 57, 58]

 [60] ******************************************************

 [2 , 34, 58]  86232.334477 vs 84097.095864 >>  2135.238612  :  564.203125  (3)
[987]    162  [2, 58]
[1011]    228  [2, 34, 58]
[1018]    175  [34]

 [50] ******************************************************

 [2 , 34, 56]  75162.802696 vs 73750.036298 >>  1412.766398  :  635.109375  (3)
[992]    209  [2, 34, 56]
[1011]    241  [2, 34, 56]
[1018]    185  [34, 56]

 [40] ******************************************************

 [2 , 54, 58]  64956.747797 vs 63947.788520 >>  1008.959277  :  696.187500  (3)
[987]    224  [2, 58]
[1011]    244  [2, 54, 58]
[1019]    229  [54]

 [30] ******************************************************

 [2 , 47, 54]  54436.507764 vs 53695.733340 >>  740.774425  :  764.640625  (4)
[858]    0  [2]
[974]    231  [47, 54]
[1011]    278  [2, 47, 54]
[1019]    256  [47, 54]