

 [80] ******************************************************

 [10 , 35, 36]  131347.645610 vs 126997.282022 >>  4350.363587  :  53.687500  (1)
[389]    54  [10, 35, 36]
[465]    51  [5, 40, 56]
[465]    48  [5, 11, 40]
[465]    47  [5, 16, 40]
[467]    47  [3, 27, 35]

 [70] ******************************************************

 [3 , 35, 40]  109138.657973 vs 105697.475742 >>  3441.182231  :  304.859375  (3)
[421]    37  [35, 40]
[465]    94  [35, 40]
[467]    179  [3, 35]
[465]    99  [37, 40]
[467]    180  [3, 37]
[465]    104  [15, 40]
[467]    170  [3, 15]
[465]    108  [25, 40]
[467]    173  [3, 25]
[465]    93  [27, 40]
[467]    183  [3, 27]

 [60] ******************************************************

 [3 , 10, 35]  95498.035203 vs 92585.600703 >>  2912.434500  :  422.687500  (3)
[389]    149  [10, 35]
[421]    69  [35]
[467]    205  [3, 35]
[421]    70  [35, 40]
[465]    136  [35, 40]
[467]    205  [3, 35]
[465]    142  [37, 40]
[467]    206  [3, 37]
[389]    149  [10, 35]
[421]    70  [35, 40]
[465]    136  [35, 40]
[465]    146  [15, 40]
[467]    196  [3, 15]

 [50] ******************************************************

 [3 , 10, 35]  84826.251863 vs 82455.974406 >>  2370.277457  :  648.734375  (3)
[389]    174  [10, 35]
[421]    161  [35]
[467]    314  [3, 35]
[421]    162  [35, 40]
[465]    173  [35, 40]
[467]    314  [3, 35]
[467]    270  [3]
[650]    249  [29, 57]
[421]    187  [35, 50]
[467]    329  [3, 35, 50]
[421]    173  [35, 46]
[467]    340  [3, 35, 46]

 [40] ******************************************************

 [3 , 35, 40]  73554.422273 vs 71605.884292 >>  1948.537982  :  822.796875  (3)
[421]    189  [35, 40]
[465]    263  [35, 40]
[467]    376  [3, 35]
[389]    223  [10, 35]
[421]    189  [35]
[467]    376  [3, 35]
[466]    388  [37, 45]
[467]    377  [3, 37]
[465]    253  [40]
[467]    332  [3]
[647]    122  [40, 44]
[465]    253  [40]
[466]    116  [45]
[467]    332  [3]

 [30] ******************************************************

 [3 , 35, 40]  62483.579989 vs 61253.688038 >>  1229.891951  :  1023.437500  (3)
[421]    265  [35, 40]
[465]    395  [35, 40]
[467]    369  [3, 35]
[465]    385  [40]
[466]    199  [45]
[467]    325  [3]
[389]    231  [10, 35]
[421]    265  [35, 40]
[465]    395  [35, 40]
[465]    400  [37, 40]
[466]    475  [37, 40, 45]
[389]    231  [10, 35]
[421]    264  [35]
[467]    369  [3, 35]