

 [80] ******************************************************

 [10 , 44, 56]  121891.745328 vs 116826.966561 >>  5064.778767  :  303.171875  (3)
 [722]    77  [10, 44, 56]
 [755]    133  [10, 44, 56]
 [788]    94  [44, 56]

 [70] ******************************************************

 [10 , 44, 56]  100181.443032 vs 96829.832210 >>  3351.610822  :  553.125000  (3)
 [722]    187  [10, 44, 56]
 [755]    111  [10, 44, 56]
 [788]    254  [44, 56]

 [60] ******************************************************

 [10 , 44, 56]  86232.334477 vs 83922.213002 >>  2310.121475  :  1095.765625  (3)
 [722]    297  [10, 44, 56]
 [755]    420  [10, 44, 56]
 [788]    379  [44, 56]

 [50] ******************************************************

 [10 , 44, 56]  75162.802696 vs 73468.376465 >>  1694.426231  :  1288.781250  (4)
 [722]    381  [10, 44, 56]
 [755]    411  [10, 44, 56]
 [788]    395  [44, 56]
 [821]    101  [10, 44, 56]

 [40] ******************************************************

 [10 , 44, 56]  64956.747797 vs 63692.436770 >>  1264.311027  :  1436.515625  (7)
 [536]    1  [10]
 [722]    440  [10, 44, 56]
 [755]    394  [10, 44, 56]
 [777]    2  [10]
 [788]    373  [44, 56]
 [794]    5  [10]
 [821]    222  [10, 44, 56]

 [30] ******************************************************

 [10 , 44, 56]  54436.507764 vs 53576.225566 >>  860.282198  :  2228.062500  (11)
 [299]    9  [44]
 [568]    4  [10]
 [705]    2  [44]
 [722]    514  [10, 44, 56]
 [745]    5  [56]
 [755]    593  [10, 44, 56]
 [777]    1  [10]
 [788]    747  [44, 56]
 [800]    2  [10]
 [821]    347  [10, 44, 56]
 [946]    5  [10]