

 [80] ******************************************************

 [25 , 36, 43]  131347.645610 vs 127245.575865 >>  4102.069745  :  8.203125  (1)
[461]    8  [25, 36, 43]

 [70] ******************************************************

 [35 , 37, 61]  109138.657973 vs 106075.279088 >>  3063.378885  :  24.015625  (3)
[293]    6  [35, 37, 61]
[326]    16  [35, 37, 61]
[461]    1  [61]

 [60] ******************************************************

 [35 , 37, 61]  95498.035203 vs 92879.033576 >>  2619.001627  :  83.562500  (2)
[293]    54  [35, 37, 61]
[326]    30  [35, 37, 61]

 [50] ******************************************************

 [25 , 36, 41]  84826.251863 vs 82929.063213 >>  1897.188650  :  166.140625  (8)
[4]    13  [25, 36, 41]
[5]    32  [25, 36, 41]
[6]    42  [25, 36, 41]
[7]    12  [25, 36, 41]
[10]    24  [25, 36, 41]
[11]    41  [25, 36, 41]
[703]    0  [36]
[938]    3  [25]

 [40] ******************************************************

 [11 , 17, 34]  73554.422273 vs 71795.332252 >>  1759.090022  :  238.218750  (4)
[390]    229  [11, 17, 34]
[460]    6  [11, 17]
[926]    2  [11]
[938]    1  [34]

 [30] ******************************************************

 [22 , 31, 47]  62483.579989 vs 61456.504915 >>  1027.075074  :  322.015625  (4)
[376]    8  [22]
[460]    0  [22]
[466]    308  [22, 31, 47]
[918]    6  [31, 47]