

 [80] ******************************************************

 [20 , 52, 59]  121891.745328 vs 116931.329982 >>  4960.415346  :  194.468750  (3)
 [722]    8.000000 (3)
 [755]    135.296875 (3)
 [978]    51.171875 (1)

 [70] ******************************************************

 [41 , 52, 59]  100181.443032 vs 96801.504675 >>  3379.938357  :  304.890625  (3)
 [460]    78.781250 (1)
 [722]    116.203125 (3)
 [755]    109.906250 (2)

 [60] ******************************************************

 [39 , 52, 59]  86232.334477 vs 83995.461151 >>  2236.873325  :  731.140625  (3)
 [722]    225.187500 (2)
 [755]    418.031250 (2)
 [989]    93.937500 (3)

 [50] ******************************************************

 [4 , 52, 59]  75162.802696 vs 73554.564942 >>  1608.237754  :  886.703125  (3)
 [722]    309.390625 (2)
 [755]    415.656250 (3)
 [756]    167.343750 (2)

 [40] ******************************************************

 [4 , 52, 59]  64956.747797 vs 63734.419354 >>  1222.328443  :  945.796875  (5)
 [722]    367.671875 (2)
 [755]    398.875000 (3)
 [756]    178.953125 (2)
 [777]    1.046875 (1)
 [794]    4.937500 (1)

 [30] ******************************************************

 [4 , 52, 59]  54436.507764 vs 53554.525475 >>  881.982289  :  1610.953125  (14)
 [299]    8.250000 (1)
 [568]    5.812500 (1)
 [608]    5.046875 (3)
 [705]    2.656250 (1)
 [722]    441.703125 (2)
 [736]    0.203125 (1)
 [755]    597.875000 (3)
 [756]    217.093750 (2)
 [767]    1.296875 (1)
 [777]    0.046875 (1)
 [788]    334.000000 (2)
 [792]    0.234375 (1)
 [800]    2.765625 (1)
 [946]    0.359375 (1)