

 [80] ******************************************************

 [26 , 27, 28]  131347.645610 vs 126888.202051 >>  4459.443559  :  94.250000  (2)
[421]    44  [26, 27, 28]
[810]    50  [26, 27, 28]

 [70] ******************************************************

 [17 , 26, 27]  109138.657973 vs 105902.428047 >>  3236.229926  :  224.390625  (3)
[421]    139  [17, 26, 27]
[810]    21  [17, 26, 27]
[821]    65  [17, 27]

 [60] ******************************************************

 [17 , 26, 52]  95498.035203 vs 92675.195570 >>  2822.839634  :  305.718750  (3)
[421]    149  [17, 26, 52]
[821]    88  [17, 52]
[822]    68  [17, 26, 52]

 [50] ******************************************************

 [17 , 26, 52]  84826.251863 vs 82568.716804 >>  2257.535059  :  465.156250  (3)
[421]    241  [17, 26, 52]
[821]    109  [17, 52]
[822]    115  [17, 26, 52]

 [40] ******************************************************

 [17 , 26, 52]  73554.422273 vs 71720.338047 >>  1834.084227  :  560.703125  (3)
[421]    269  [17, 26, 52]
[821]    113  [17, 52]
[822]    178  [17, 26, 52]

 [30] ******************************************************

 [17 , 26, 52]  62483.579989 vs 61373.969685 >>  1109.610304  :  727.828125  (6)
[421]    345  [17, 26, 52]
[460]    0  [26]
[821]    173  [17, 52]
[822]    208  [17, 26, 52]
[918]    2  [52]
[921]    1  [17, 26]