basis_ent0 = 0.009615
 [0 , 39, 59]  0.009615 + 0.006158 <  0.016445  :  1261.468750  (83)
 [24 , 39, 59]  0.009615 + 0.004733 <  0.016445  :  1069.656250  (74)
 [2 , 39, 59]  0.009615 + 0.005521 <  0.016445  :  1056.046875  (73)
 [39 , 42, 59]  0.009615 + 0.006078 <  0.016445  :  1013.875000  (77)
 [39 , 48, 59]  0.009615 + 0.007015 >>  0.016445  :  1006.812500  (83)
 [31 , 39, 59]  0.009615 + 0.005867 <  0.016445  :  995.718750  (75)
 [8 , 39, 59]  0.009615 + 0.005584 <  0.016445  :  989.500000  (75)
 [6 , 39, 59]  0.009615 + 0.005551 <  0.016445  :  986.906250  (74)
 [5 , 39, 59]  0.009615 + 0.005219 <  0.016445  :  982.640625  (73)
 [39 , 52, 59]  0.009615 + 0.005280 <  0.016445  :  981.359375  (74)

 [39 , 59, 99]  0.009615 + 0.006913 <  0.010963  :  963.125000  (74)
 [0 , 59, 99]  0.009615 + 0.003785 <  0.010963  :  433.375000  (60)
 [31 , 39, 99]  0.009615 + 0.002691 <  0.010963  :  359.312500  (20)
 [2 , 59, 99]  0.009615 + 0.002061 <  0.010963  :  312.000000  (51)
 [48 , 59, 99]  0.009615 + 0.002244 <  0.010963  :  280.437500  (59)
 [39 , 56, 99]  0.009615 + 0.001781 <  0.010963  :  273.765625  (17)
 [0 , 39, 99]  0.009615 + 0.001987 <  0.010963  :  265.562500  (17)
 [39 , 48, 99]  0.009615 + 0.001834 <  0.010963  :  264.890625  (27)
 [8 , 39, 99]  0.009615 + 0.001701 <  0.010963  :  264.593750  (17)
 [2 , 39, 99]  0.009615 + 0.001800 <  0.010963  :  258.875000  (17)

 [59 , 99, 99]  0.009615 + 0.002129 <  0.005482  :  235.250000  (51)
 [39 , 99, 99]  0.009615 + 0.002270 <  0.005482  :  174.921875  (13)
 [0 , 99, 99]  0.009615 + 0.000692 <  0.005482  :  69.000000  (3)
 [48 , 99, 99]  0.009615 + 0.000270 <  0.005482  :  54.734375  (12)
 [2 , 99, 99]  0.009615 + 0.000187 <  0.005482  :  24.859375  (3)
 [42 , 99, 99]  0.009615 + 0.000148 <  0.005482  :  19.890625  (2)
 [60 , 99, 99]  0.009615 + 0.000104 <  0.005482  :  7.546875  (2)
 [14 , 99, 99]  0.009615 + 0.000049 <  0.005482  :  6.531250  (2)
 [8 , 99, 99]  0.009615 + 0.000033 <  0.005482  :  6.234375  (1)
 [31 , 99, 99]  0.009615 + 0.000044 <  0.005482  :  5.718750  (2)
39, 48, 59