

 [80] ******************************************************

 [32 , 47, 51]  121891.745328 vs 117282.204588 >>  4609.540739  :  86.531250  (2)
 [174]    0.453125 (1)
 [298]    0.546875 (1)
 [722]    86.078125 (3)

 [70] ******************************************************

 [32 , 47, 51]  100181.443032 vs 97168.538146 >>  3012.904886  :  196.703125  (1)
 [722]    196.703125 (3)

 [60] ******************************************************

 [15 , 32, 47]  86232.334477 vs 84038.029722 >>  2194.304755  :  503.796875  (2)
 [722]    298.578125 (3)
 [755]    205.218750 (3)

 [50] ******************************************************

 [15 , 32, 47]  75162.802696 vs 73680.785760 >>  1482.016936  :  579.406250  (2)
 [722]    382.781250 (3)
 [755]    196.625000 (3)

 [40] ******************************************************

 [15 , 32, 47]  64956.747797 vs 63812.234176 >>  1144.513620  :  620.906250  (2)
 [722]    441.062500 (3)
 [755]    179.843750 (3)

 [30] ******************************************************

 [32 , 43, 59]  54436.507764 vs 53493.523526 >>  942.984238  :  1024.140625  (3)
 [722]    265.281250 (1)
 [755]    245.453125 (3)
 [788]    513.406250 (3)