

 [80] ******************************************************

 [2 , 16, 50]  131347.645610 vs 126854.583776 >>  4493.061834  :  61.937500  (2)
[422]    23  [2, 16, 50]
[593]    39  [2, 50]

 [70] ******************************************************

 [45 , 53, 58]  109138.657973 vs 105871.992143 >>  3266.665830  :  238.250000  (3)
[592]    131  [45, 53, 58]
[818]    64  [45, 53]
[910]    43  [45, 53, 58]

 [60] ******************************************************

 [45 , 53, 58]  95498.035203 vs 92685.670219 >>  2812.364984  :  254.937500  (3)
[592]    116  [45, 53, 58]
[818]    76  [45, 53]
[910]    63  [45, 53, 58]

 [50] ******************************************************

 [45 , 53, 58]  84826.251863 vs 82525.298975 >>  2300.952888  :  365.906250  (3)
[592]    178  [45, 53, 58]
[818]    88  [45, 53]
[910]    100  [45, 53, 58]

 [40] ******************************************************

 [45 , 53, 58]  73554.422273 vs 71670.663515 >>  1883.758758  :  527.750000  (3)
[592]    238  [45, 53, 58]
[818]    114  [45, 53]
[910]    176  [45, 53, 58]

 [30] ******************************************************

 [45 , 53, 58]  62483.579989 vs 61293.786247 >>  1189.793741  :  666.625000  (3)
[592]    264  [45, 53, 58]
[818]    150  [45, 53]
[910]    253  [45, 53, 58]