basis_ent0 = 0.015039
 [46 , 48, 59]  0.015039 + 0.002244 >>  0.016445  :  2931.828125  (47)
 [39 , 46, 59]  0.015039 + 0.001708 <  0.016445  :  2714.000000  (46)
 [20 , 46, 59]  0.015039 + 0.001660 <  0.016445  :  2566.250000  (41)
 [46 , 55, 59]  0.015039 + 0.001606 <  0.016445  :  2561.359375  (45)
 [46 , 56, 59]  0.015039 + 0.001566 <  0.016445  :  2555.640625  (45)
 [46 , 48, 51]  0.015039 + 0.001247 <  0.016445  :  2553.296875  (26)
 [20 , 46, 48]  0.015039 + 0.001520 <  0.016445  :  2539.593750  (27)
 [46 , 47, 59]  0.015039 + 0.001485 <  0.016445  :  2499.843750  (44)
 [46 , 49, 59]  0.015039 + 0.001485 <  0.016445  :  2499.843750  (44)
 [46 , 50, 59]  0.015039 + 0.001485 <  0.016445  :  2499.843750  (44)

 [46 , 59, 99]  0.015039 + 0.001485 <  0.010963  :  2499.843750  (44)
 [46 , 48, 99]  0.015039 + 0.001543 <  0.010963  :  2142.421875  (26)
 [20 , 46, 99]  0.015039 + 0.000944 <  0.010963  :  2120.390625  (23)
 [39 , 46, 99]  0.015039 + 0.000725 <  0.010963  :  1977.953125  (24)
 [6 , 46, 99]  0.015039 + 0.000776 <  0.010963  :  1951.984375  (24)
 [24 , 46, 99]  0.015039 + 0.000739 <  0.010963  :  1935.406250  (24)
 [16 , 46, 99]  0.015039 + 0.000686 <  0.010963  :  1910.140625  (23)
 [0 , 46, 99]  0.015039 + 0.000682 <  0.010963  :  1910.109375  (23)
 [46 , 51, 99]  0.015039 + 0.000726 <  0.010963  :  1906.796875  (23)
 [31 , 46, 99]  0.015039 + 0.000761 <  0.010963  :  1886.031250  (24)

 [46 , 99, 99]  0.015039 + 0.000682 <  0.005482  :  1770.109375  (22)
 [59 , 99, 99]  0.015039 + 0.000879 <  0.005482  :  748.515625  (22)
 [20 , 99, 99]  0.015039 + 0.000262 <  0.005482  :  350.281250  (1)
 [48 , 99, 99]  0.015039 + 0.001121 <  0.005482  :  318.828125  (4)
 [39 , 99, 99]  0.015039 + 0.000067 <  0.005482  :  251.890625  (3)
 [0 , 99, 99]  0.015039 + 0.000007 <  0.005482  :  246.750000  (2)
 [24 , 99, 99]  0.015039 + 0.000057 <  0.005482  :  165.296875  (2)
 [6 , 99, 99]  0.015039 + 0.000181 <  0.005482  :  163.984375  (2)
 [16 , 99, 99]  0.015039 + 0.000004 <  0.005482  :  140.031250  (1)
 [51 , 99, 99]  0.015039 + 0.000044 <  0.005482  :  136.687500  (1)
46, 48, 59