

 [80] ******************************************************

 [10 , 23, 41]  131347.645610 vs 127072.559854 >>  4275.085756  :  38.875000  (1)
[756]    39  [10, 23, 41]

 [70] ******************************************************

 [8 , 29, 38]  109138.657973 vs 106171.937520 >>  2966.720453  :  158.140625  (1)
[467]    158  [8, 29, 38]

 [60] ******************************************************

 [8 , 13, 29]  95498.035203 vs 92814.225997 >>  2683.809206  :  247.671875  (2)
[467]    153  [8, 29]
[609]    94  [8, 13, 29]

 [50] ******************************************************

 [8 , 10, 35]  84826.251863 vs 82654.493056 >>  2171.758807  :  448.234375  (2)
[467]    216  [8, 10]
[650]    246  [10, 35]

 [40] ******************************************************

 [8 , 13, 33]  73554.422273 vs 71662.020670 >>  1892.401603  :  577.015625  (3)
[467]    268  [8, 33]
[468]    95  [8, 33]
[609]    213  [8, 13, 33]

 [30] ******************************************************

 [8 , 13, 19]  62483.579989 vs 61298.325774 >>  1185.254215  :  823.953125  (3)
[464]    141  [13, 19]
[467]    253  [8]
[609]    434  [8, 13, 19]