0 : 99 , 6.203125
1 : 46 , 317.125000
2 : 48 , 278.125000
3 : 0 , 213.625000
4 : 31 , 163.328125
5 : 4 , 144.578125
6 : 40 , 138.796875
7 : 24 , 121.468750
8 : 53 , 132.343750
9 : 62 , 118.906250
10 : 6 , 108.125000
11 : 44 , 99.921875
12 : 39 , 98.843750
13 : 56 , 90.187500
14 : 63 , 83.890625
15 : 43 , 76.015625
16 : 21 , 68.671875
17 : 51 , 58.015625
18 : 20 , 50.921875
19 : 59 , 45.609375
20 : 34 , 43.046875
21 : 45 , 38.281250
22 : 42 , 33.812500
23 : 32 , 28.578125
24 : 47 , 29.296875
25 : 30 , 27.375000
26 : 25 , 31.125000
27 : 8 , 28.875000
28 : 49 , 28.750000
29 : 36 , 25.437500
30 : 5 , 24.093750
31 : 61 , 23.453125
32 : 12 , 22.718750
33 : 16 , 21.265625
34 : 57 , 19.218750
35 : 55 , 16.343750
36 : 50 , 15.156250
37 : 37 , 12.515625
38 : 18 , 13.531250
39 : 27 , 11.125000
40 : 38 , 10.156250
41 : 26 , 10.390625
42 : 60 , 9.781250
43 : 1 , 8.328125
44 : 15 , 8.000000
45 : 52 , 6.390625
46 : 58 , 6.328125
47 : 9 , 4.703125
48 : 23 , 5.406250
49 : 13 , 4.781250
50 : 14 , 4.968750
51 : 54 , 4.296875
52 : 19 , 3.453125
53 : 33 , 4.031250
54 : 17 , 3.812500
55 : 41 , 3.609375
56 : 28 , 3.265625
57 : 35 , 3.687500
58 : 11 , 3.375000
59 : 2 , 3.453125
60 : 7 , 3.031250
61 : 10 , 2.968750
62 : 22 , 3.296875
63 : 29 , 4.406250
64 : 3 , 513.250000