0 : 99 , 1.578125
1 : 0 , 28.625000
2 : 24 , 23.093750
3 : 25 , 22.390625
4 : 15 , 19.718750
5 : 31 , 18.906250
6 : 27 , 14.937500
7 : 48 , 12.218750
8 : 5 , 10.437500
9 : 62 , 8.625000
10 : 45 , 9.140625
11 : 63 , 8.359375
12 : 36 , 6.656250
13 : 19 , 7.187500
14 : 41 , 5.984375
15 : 43 , 5.312500
16 : 40 , 6.609375
17 : 6 , 6.203125
18 : 10 , 6.078125
19 : 44 , 5.593750
20 : 59 , 5.390625
21 : 21 , 4.968750
22 : 17 , 5.187500
23 : 1 , 4.796875
24 : 61 , 5.312500
25 : 42 , 4.609375
26 : 30 , 4.703125
27 : 51 , 4.406250
28 : 13 , 5.375000
29 : 3 , 5.078125
30 : 12 , 4.640625
31 : 46 , 4.312500
32 : 8 , 4.015625
33 : 28 , 3.781250
34 : 29 , 4.640625
35 : 2 , 3.875000
36 : 16 , 3.609375
37 : 7 , 3.484375
38 : 53 , 2.828125
39 : 14 , 2.203125
40 : 39 , 2.406250
41 : 4 , 1.937500
42 : 38 , 2.281250
43 : 55 , 1.687500
44 : 58 , 2.203125
45 : 47 , 1.640625
46 : 11 , 1.718750
47 : 49 , 1.218750
48 : 23 , 1.625000
49 : 22 , 1.234375
50 : 56 , 1.390625
51 : 18 , 1.078125
52 : 34 , 1.375000
53 : 50 , 1.078125
54 : 60 , 1.171875
55 : 57 , 1.078125
56 : 52 , 0.875000
57 : 35 , 0.921875
58 : 33 , 0.671875
59 : 54 , 0.656250
60 : 37 , 0.640625
61 : 32 , 0.640625
62 : 26 , 0.640625
63 : 9 , 0.656250
64 : 20 , 206.359375