0 : 99 , 1.578125
1 : 63 , 0.796875
2 : 28 , 1.921875
3 : 2 , 2.906250
4 : 15 , 2.843750
5 : 49 , 2.796875
6 : 41 , 3.703125
7 : 6 , 3.000000
8 : 42 , 3.390625
9 : 59 , 2.906250
10 : 4 , 3.046875
11 : 5 , 3.656250
12 : 45 , 3.125000
13 : 57 , 3.562500
14 : 44 , 4.656250
15 : 20 , 3.578125
16 : 1 , 4.765625
17 : 27 , 3.968750
18 : 18 , 4.328125
19 : 40 , 3.890625
20 : 17 , 5.171875
21 : 61 , 5.718750
22 : 46 , 4.796875
23 : 29 , 5.781250
24 : 13 , 4.875000
25 : 21 , 5.890625
26 : 10 , 5.250000
27 : 54 , 4.875000
28 : 12 , 4.781250
29 : 53 , 4.515625
30 : 55 , 5.078125
31 : 34 , 4.953125
32 : 51 , 4.921875
33 : 3 , 5.140625
34 : 38 , 4.812500
35 : 47 , 5.250000
36 : 23 , 5.109375
37 : 60 , 4.734375
38 : 50 , 5.109375
39 : 56 , 5.031250
40 : 37 , 4.890625
41 : 32 , 4.953125
42 : 22 , 5.468750
43 : 58 , 5.406250
44 : 30 , 5.234375
45 : 9 , 5.156250
46 : 11 , 5.281250
47 : 14 , 5.671875
48 : 39 , 5.734375
49 : 26 , 5.734375
50 : 7 , 5.906250
51 : 35 , 5.937500
52 : 52 , 6.765625
53 : 25 , 6.765625
54 : 8 , 7.156250
55 : 33 , 8.734375
56 : 31 , 10.734375
57 : 62 , 11.953125
58 : 24 , 13.343750
59 : 19 , 14.281250
60 : 16 , 15.375000
61 : 43 , 18.203125
62 : 48 , 21.375000
63 : 36 , 28.625000
64 : 0 , 206.359375