

 [80] ******************************************************

 [28 , 35, 45]  131347.645610 vs 127080.062209 >>  4267.583400  :  18.734375  (7)
[5]    1  [28, 35]
[8]    3  [28, 35, 45]
[9]    2  [35, 45]
[10]    3  [35, 45]
[11]    4  [28, 35, 45]
[44]    2  [35, 45]
[461]    3  [28, 35]

 [70] ******************************************************

 [28 , 35, 40]  109138.657973 vs 106237.067342 >>  2901.590632  :  103.906250  (11)
[5]    1  [28, 35]
[8]    24  [28, 35, 40]
[9]    1  [35]
[12]    19  [35, 40]
[13]    16  [28, 35, 40]
[14]    11  [28, 35, 40]
[19]    23  [28, 35, 40]
[42]    0  [28, 35, 40]
[44]    4  [35]
[182]    1  [28, 40]
[395]    1  [28, 40]
[461]    4  [35]

 [60] ******************************************************

 [35 , 36, 37]  95498.035203 vs 93047.800897 >>  2450.234306  :  875.468750  (43)
[2]    13  [35, 36, 37]
[4]    26  [35, 36, 37]
[5]    38  [35, 36]
[6]    40  [35, 36]
[7]    43  [35, 36, 37]
[8]    52  [35]
[9]    41  [35, 37]
[10]    47  [35]
[11]    49  [35]
[12]    23  [35, 37]
[13]    26  [35, 37]
[14]    24  [35, 36, 37]
[19]    1  [35]
[42]    3  [35, 36]
[44]    8  [35]
[63]    1  [35]
[141]    2  [37]
[227]    0  [36, 37]
[334]    3  [35]
[354]    1  [35, 37]
[395]    3  [37]
[400]    3  [36]
[459]    6  [37]
[978]    2  [36]
[993]    27  [35, 36, 37]
[994]    27  [35, 36, 37]
[995]    37  [35, 36, 37]
[996]    20  [35, 36, 37]
[997]    17  [35, 36, 37]
[998]    29  [35, 36, 37]
[999]    27  [35, 36, 37]
[1000]    20  [35, 36, 37]
[1001]    5  [35, 36, 37]
[1002]    15  [35, 36, 37]
[1003]    9  [35, 36, 37]
[1004]    16  [35, 36, 37]
[1005]    12  [35, 36, 37]
[1006]    32  [35, 36, 37]
[1007]    18  [35, 36, 37]
[1008]    27  [35, 36, 37]
[1009]    28  [35, 36, 37]
[1010]    33  [35, 36, 37]
[1011]    22  [35, 36, 37]
[1012]    1  [35, 36, 37]

 [50] ******************************************************

 [35 , 36, 37]  84826.251863 vs 83146.206577 >>  1680.045286  :  1206.656250  (46)
[2]    51  [35, 36, 37]
[3]    32  [35]
[4]    58  [35, 36, 37]
[5]    69  [35, 36]
[6]    69  [35, 36]
[7]    45  [35, 36, 37]
[8]    55  [35]
[9]    66  [35, 37]
[10]    57  [35]
[11]    55  [35]
[12]    30  [35, 37]
[13]    33  [35, 37]
[14]    30  [35, 36, 37]
[44]    5  [35]
[54]    1  [35, 37]
[63]    3  [35]
[90]    0  [35, 37]
[179]    2  [35]
[227]    8  [36]
[237]    3  [37]
[459]    2  [37]
[807]    0  [37]
[859]    1  [35]
[938]    2  [35]
[940]    3  [36]
[971]    4  [36]
[993]    29  [35, 36, 37]
[994]    32  [35, 36, 37]
[995]    44  [35, 36, 37]
[996]    24  [35, 36, 37]
[997]    29  [35, 36, 37]
[998]    34  [35, 36, 37]
[999]    35  [35, 36, 37]
[1000]    21  [35, 36, 37]
[1001]    15  [35, 36, 37]
[1002]    23  [35, 36, 37]
[1003]    19  [35, 36, 37]
[1004]    29  [35, 36, 37]
[1005]    13  [35, 36, 37]
[1006]    33  [35, 36, 37]
[1007]    15  [35, 36, 37]
[1008]    27  [35, 36, 37]
[1009]    29  [35, 36, 37]
[1010]    37  [35, 36, 37]
[1011]    30  [35, 36, 37]
[1012]    11  [35, 36, 37]

 [40] ******************************************************

 [35 , 36, 37]  73554.422273 vs 72192.591413 >>  1361.830861  :  1361.984375  (42)
[2]    55  [35, 36, 37]
[3]    44  [35]
[4]    76  [35, 36, 37]
[5]    83  [35, 36]
[6]    72  [35, 36]
[7]    57  [35, 36, 37]
[8]    57  [35]
[9]    80  [35, 37]
[10]    67  [35]
[11]    53  [35]
[12]    35  [35, 37]
[13]    37  [35, 37]
[14]    35  [35, 36, 37]
[19]    3  [35]
[54]    8  [37]
[55]    1  [35]
[171]    2  [35]
[807]    4  [37]
[861]    2  [36]
[938]    0  [35]
[940]    1  [36]
[971]    1  [36]
[993]    41  [35, 36, 37]
[994]    42  [35, 36, 37]
[995]    52  [35, 36, 37]
[996]    29  [35, 36, 37]
[997]    38  [35, 36, 37]
[998]    35  [35, 36, 37]
[999]    35  [35, 36, 37]
[1000]    23  [35, 36, 37]
[1001]    13  [35, 36, 37]
[1002]    23  [35, 36, 37]
[1003]    16  [35, 36, 37]
[1004]    30  [35, 36, 37]
[1005]    20  [35, 36, 37]
[1006]    34  [35, 36, 37]
[1007]    21  [35, 36, 37]
[1008]    27  [35, 36, 37]
[1009]    29  [35, 36, 37]
[1010]    38  [35, 36, 37]
[1011]    27  [35, 36, 37]
[1012]    9  [35, 36, 37]
[1013]    8  [35, 36, 37]

 [30] ******************************************************

 [35 , 36, 37]  62483.579989 vs 62104.195964 >>  379.384024  :  1789.765625  (55)
[2]    63  [35, 36, 37]
[3]    56  [35]
[4]    67  [35, 36, 37]
[5]    74  [35, 36]
[6]    91  [35, 36]
[7]    64  [35, 36, 37]
[8]    53  [35]
[9]    76  [35, 37]
[10]    59  [35]
[11]    55  [35]
[12]    36  [35, 37]
[13]    34  [35, 37]
[14]    32  [35, 36, 37]
[15]    12  [35, 37]
[18]    2  [35, 37]
[19]    30  [35]
[38]    0  [35]
[54]    12  [37]
[55]    5  [35]
[62]    0  [35]
[72]    1  [37]
[90]    3  [37]
[92]    2  [35, 37]
[175]    5  [35]
[179]    5  [35]
[210]    0  [36]
[443]    3  [36, 37]
[602]    4  [36]
[675]    0  [37]
[775]    4  [36]
[782]    5  [35]
[806]    0  [35, 37]
[861]    0  [36]
[940]    6  [36]
[993]    40  [35, 36, 37]
[994]    38  [35, 36, 37]
[995]    41  [35, 36, 37]
[996]    32  [35, 36, 37]
[997]    41  [35, 36, 37]
[998]    37  [35, 36, 37]
[999]    37  [35, 36, 37]
[1000]    64  [35, 36, 37]
[1001]    20  [35, 36, 37]
[1002]    33  [35, 36, 37]
[1003]    57  [35, 36, 37]
[1004]    45  [35, 36, 37]
[1005]    41  [35, 36, 37]
[1006]    60  [35, 36, 37]
[1007]    49  [35, 36, 37]
[1008]    53  [35, 36, 37]
[1009]    56  [35, 36, 37]
[1010]    35  [35, 36, 37]
[1011]    47  [35, 36, 37]
[1012]    44  [35, 36, 37]
[1013]    31  [35, 36, 37]
[1014]    32  [35, 36, 37]