

 [80] ******************************************************

 [1 , 4, 61]  131347.645610 vs 127072.361980 >>  4275.283630  :  29.078125  (1)
[662]    29  [1, 4, 61]

 [70] ******************************************************

 [4 , 54, 61]  109138.657973 vs 105989.544046 >>  3149.113928  :  115.015625  (2)
[650]    72  [4, 54]
[662]    43  [4, 54, 61]

 [60] ******************************************************

 [4 , 54, 61]  95498.035203 vs 92818.588377 >>  2679.446826  :  256.718750  (2)
[650]    182  [4, 54]
[662]    75  [4, 54, 61]

 [50] ******************************************************

 [4 , 54, 61]  84826.251863 vs 82691.874980 >>  2134.376883  :  367.296875  (2)
[650]    286  [4, 54]
[662]    81  [4, 54, 61]

 [40] ******************************************************

 [4 , 54, 61]  73554.422273 vs 71745.637103 >>  1808.785171  :  476.781250  (3)
[650]    284  [4, 54]
[658]    13  [4, 54, 61]
[662]    179  [4, 54, 61]

 [30] ******************************************************

 [4 , 54, 61]  62483.579989 vs 61343.029840 >>  1140.550149  :  734.453125  (3)
[650]    357  [4, 54]
[658]    123  [4, 54, 61]
[662]    254  [4, 54, 61]