

 [80] ******************************************************

 [3 , 7, 9]  121891.745328 vs 117102.504987 >>  4789.240341  :  310.312500  (3)
[978]    108  [3, 7, 9]
[1018]    104  [7, 9]
[1020]    98  [9]
[1011]    103  [9, 32, 38]
[1019]    101  [9, 32, 38]
[1020]    100  [9, 32, 38]
[1011]    103  [32, 38]
[1018]    104  [7]
[1019]    95  [32, 38]
[950]    89  [20, 32, 38]
[1011]    106  [20, 32, 38]
[1019]    105  [20, 32, 38]
[978]    108  [3, 7, 38]
[1011]    89  [7, 38]
[1018]    104  [7]

 [70] ******************************************************

 [32 , 38, 45]  100181.443032 vs 97086.807908 >>  3094.635124  :  485.921875  (3)
[1011]    197  [32, 38]
[1013]    144  [45]
[1019]    145  [32, 38]
[981]    127  [32, 38, 51]
[1011]    197  [32, 38, 51]
[1019]    152  [32, 38, 51]
[1011]    197  [9, 32, 38]
[1019]    151  [9, 32, 38]
[1020]    127  [9, 32, 38]
[950]    117  [20, 32, 38]
[1011]    200  [20, 32, 38]
[1019]    155  [20, 32, 38]
[975]    129  [32, 57]
[1011]    197  [32, 38]
[1019]    145  [32, 38]

 [60] ******************************************************

 [7 , 38, 45]  86232.334477 vs 84088.334238 >>  2144.000238  :  579.031250  (3)
[1011]    224  [7, 38]
[1013]    165  [7, 45]
[1018]    190  [7]
[1011]    238  [32, 38]
[1018]    190  [7]
[1019]    152  [32, 38]
[1011]    226  [7, 9, 38]
[1018]    190  [7, 9]
[1020]    159  [9, 38]
[989]    160  [7, 36]
[1011]    224  [7, 38]
[1018]    190  [7]
[981]    156  [38, 51]
[1011]    233  [38, 51]
[1018]    190  [7]

 [50] ******************************************************

 [7 , 32, 38]  75162.802696 vs 73721.551866 >>  1441.250830  :  624.718750  (3)
[1011]    253  [32, 38]
[1018]    197  [7]
[1019]    174  [32, 38]
[1011]    241  [7, 9, 38]
[1018]    197  [7, 9]
[1020]    183  [9, 38]
[1011]    254  [9, 32, 38]
[1019]    180  [9, 32, 38]
[1020]    183  [9, 32, 38]
[1011]    240  [7, 38]
[1013]    175  [7, 45]
[1018]    197  [7]
[981]    169  [38, 51]
[1011]    249  [38, 51]
[1018]    197  [7]

 [40] ******************************************************

 [7 , 32, 38]  64956.747797 vs 63864.898452 >>  1091.849345  :  719.484375  (3)
[1011]    263  [32, 38]
[1018]    214  [7]
[1019]    243  [32, 38]
[1011]    263  [9, 32, 38]
[1019]    248  [9, 32, 38]
[1020]    191  [9, 32, 38]
[981]    175  [32, 38, 51]
[1011]    263  [32, 38, 51]
[1019]    250  [32, 38, 51]
[989]    177  [32, 36]
[1011]    263  [32, 38]
[1019]    243  [32, 38]
[1011]    263  [32, 38]
[1014]    182  [16, 32, 38]
[1019]    243  [32, 38]

 [30] ******************************************************

 [7 , 32, 38]  54436.507764 vs 53626.796604 >>  809.711160  :  785.671875  (4)
[800]    2  [32]
[1011]    289  [32, 38]
[1018]    228  [7]
[1019]    268  [32, 38]
[800]    2  [49]
[974]    222  [32, 38, 49]
[1011]    289  [32, 38]
[1019]    268  [32, 38, 49]
[800]    2  [32]
[931]    3  [16]
[1011]    289  [32, 38]
[1014]    214  [16, 32]
[1019]    268  [32, 38]
[800]    4  [9]
[931]    3  [9, 32]
[1011]    289  [9, 32, 38]
[1019]    273  [9, 32, 38]
[1020]    201  [9, 32, 38]
[800]    3  [45]
[946]    1  [45]
[1011]    289  [32, 38]
[1013]    198  [45]
[1019]    268  [32, 38]