

 [80] ******************************************************

 [15 , 23, 46]  121891.745328 vs 117116.324072 >>  4775.421255  :  121.265625  (2)
 [432]    39.171875 (2)  [15, 46]
 [1011]    82.093750 (1)  [23]

 [70] ******************************************************

 [21 , 23, 58]  100181.443032 vs 96964.161071 >>  3217.281961  :  305.546875  (3)
 [428]    76.609375 (2)  [21, 58]
 [723]    49.250000 (2)  [23, 58]
 [1011]    181.562500 (2)  [21, 23]

 [60] ******************************************************

 [4 , 23, 46]  86232.334477 vs 84072.890022 >>  2159.444455  :  608.171875  (3)
 [432]    170.359375 (2)  [4, 46]
 [755]    218.875000 (3)  [4, 23, 46]
 [1011]    218.937500 (2)  [4, 23]

 [50] ******************************************************

 [4 , 21, 31]  75162.802696 vs 73425.287076 >>  1737.515620  :  928.250000  (4)
 [428]    300.750000 (3)  [4, 21, 31]
 [722]    213.031250 (2)  [4, 31]
 [755]    205.406250 (1)  [4]
 [821]    209.062500 (1)  [31]

 [40] ******************************************************

 [4 , 31, 46]  64956.747797 vs 63707.606512 >>  1249.141285  :  1250.250000  (4)
 [432]    456.281250 (3)  [4, 31, 46]
 [722]    276.015625 (3)  [4, 31, 46]
 [755]    190.578125 (2)  [4, 46]
 [821]    330.250000 (1)  [31]

 [30] ******************************************************

 [4 , 12, 31]  54436.507764 vs 53468.751177 >>  967.756587  :  2138.609375  (5)
 [274]    627.765625 (2)  [12, 31]
 [722]    352.031250 (3)  [4, 12, 31]
 [755]    389.562500 (2)  [4, 12]
 [788]    314.015625 (3)  [4, 12, 31]
 [821]    455.234375 (1)  [31]