

 [80] ******************************************************

 [10 , 29, 39]  131347.645610 vs 126672.114014 >>  4675.531595  :  118.781250  (2)
 [391]    39.000000 (2)  [10, 39]
 [466]    79.781250 (3)  [10, 29, 39]

 [70] ******************************************************

 [14 , 29, 40]  109138.657973 vs 105865.829346 >>  3272.828628  :  326.109375  (2)
 [466]    183.546875 (3)  [14, 29, 40]
 [467]    142.562500 (2)  [14, 40]

 [60] ******************************************************

 [14 , 29, 40]  95498.035203 vs 92725.451968 >>  2772.583235  :  421.625000  (2)
 [466]    253.375000 (3)  [14, 29, 40]
 [467]    168.250000 (2)  [14, 40]

 [50] ******************************************************

 [10 , 29, 39]  84826.251863 vs 82533.212069 >>  2293.039795  :  590.984375  (2)
 [391]    290.281250 (2)  [10, 39]
 [466]    300.703125 (3)  [10, 29, 39]

 [40] ******************************************************

 [14 , 29, 40]  73554.422273 vs 71767.794290 >>  1786.627983  :  879.312500  (2)
 [466]    540.281250 (3)  [14, 29, 40]
 [467]    339.031250 (2)  [14, 40]

 [30] ******************************************************

 [14 , 29, 40]  62483.579989 vs 61332.901041 >>  1150.678947  :  955.203125  (2)
 [466]    622.953125 (3)  [14, 29, 40]
 [467]    332.250000 (2)  [14, 40]