
[0] : 130.593750,  137.593750  (7.000000)
[1] : 78.890625,  76.593750  (-2.296875)
[2] : 91.656250,  92.859375  (1.203125)
[3] : 84.343750,  84.343750  (0.000000)
[4] : 90.421875,  90.875000  (0.453125)
[5] : 87.468750,  87.890625  (0.421875)
[6] : 89.671875,  88.500000  (-1.171875)
[7] : 69.875000,  69.875000  (0.000000)
[8] : 67.906250,  67.906250  (0.000000)
[9] : 82.406250,  81.406250  (-1.000000)
[10] : 74.234375,  73.250000  (-0.984375)
[11] : 71.296875,  71.656250  (0.359375)
[12] : 56.406250,  53.546875  (-2.859375)
[13] : 68.250000,  68.250000  (0.000000)
[14] : 64.843750,  64.843750  (0.000000)
[15] : 40.593750,  41.062500  (0.468750)
[16] : 52.750000,  52.750000  (0.000000)
[17] : 41.796875,  38.484375  (-3.312500)
[18] : 68.140625,  68.296875  (0.156250)
[19] : 47.109375,  47.187500  (0.078125)
[20] : 54.859375,  55.437500  (0.578125)
[21] : 57.734375,  55.968750  (-1.765625)
[22] : 55.390625,  77.937500  (22.546875)
[23] : 34.171875,  31.562500  (-2.609375)
[24] : 27.296875,  26.781250  (-0.515625)
[25] : 38.921875,  34.703125  (-4.218750)
[26] : 60.093750,  60.328125  (0.234375)
[27] : 32.015625,  31.750000  (-0.265625)
[28] : 95.203125,  94.656250  (-0.546875)
[29] : 100.453125,  100.453125  (0.000000)
[30] : 42.750000,  45.156250  (2.406250)
[31] : 90.312500,  93.265625  (2.953125)
[32] : 81.671875,  77.625000  (-4.046875)
[33] : 32.000000,  32.000000  (0.000000)
[34] : 30.296875,  30.296875  (0.000000)
[35] : 30.265625,  29.531250  (-0.734375)
[36] : 42.500000,  42.140625  (-0.359375)
[37] : 41.156250,  41.890625  (0.734375)
[38] : 19.875000,  19.875000  (0.000000)
[39] : 9.265625,  8.609375  (-0.656250)
[40] : 10.906250,  10.921875  (0.015625)
[41] : 14.828125,  14.828125  (0.000000)
[42] : 13.390625,  11.500000  (-1.890625)
[43] : 8.500000,  8.500000  (0.000000)
[44] : 10.421875,  10.343750  (-0.078125)
[45] : 16.343750,  16.343750  (0.000000)
[46] : 10.015625,  9.937500  (-0.078125)
[47] : 10.546875,  10.546875  (0.000000)
[48] : 10.593750,  10.390625  (-0.203125)
[49] : 14.968750,  12.093750  (-2.875000)
[50] : 14.828125,  14.828125  (0.000000)
[51] : 9.703125,  9.703125  (0.000000)
[52] : 18.968750,  17.687500  (-1.281250)
[53] : 16.328125,  14.671875  (-1.656250)
[54] : 13.843750,  13.843750  (0.000000)
[55] : 15.359375,  15.359375  (0.000000)
[56] : 26.390625,  26.500000  (0.109375)
[57] : 32.343750,  31.484375  (-0.859375)
[58] : 27.781250,  27.781250  (0.000000)
[59] : 28.234375,  23.156250  (-5.078125)
[60] : 30.531250,  29.890625  (-0.640625)
[61] : 24.546875,  23.328125  (-1.218750)
[62] : 32.859375,  33.671875  (0.812500)
[63] : 18.984375,  18.984375  (0.000000)
[64] : 85.843750,  85.843750  (0.000000)
[65] : 21.593750,  22.062500  (0.468750)
[66] : 26.281250,  25.328125  (-0.953125)
[67] : 25.656250,  24.015625  (-1.640625)
[68] : 25.656250,  24.515625  (-1.140625)
[69] : 37.406250,  36.031250  (-1.375000)
[70] : 34.656250,  30.203125  (-4.453125)
[71] : 32.187500,  32.140625  (-0.046875)
[72] : 14.031250,  14.031250  (0.000000)
[73] : 14.671875,  14.671875  (0.000000)
[74] : 16.453125,  16.203125  (-0.250000)
[75] : 8.921875,  8.921875  (0.000000)
[76] : 7.187500,  5.718750  (-1.468750)
[77] : 11.750000,  11.750000  (0.000000)
[78] : 15.812500,  15.593750  (-0.218750)
[79] : 9.046875,  9.046875  (0.000000)
[80] : 7.062500,  7.062500  (0.000000)
[81] : 10.750000,  10.750000  (0.000000)
[82] : 11.515625,  11.515625  (0.000000)
[83] : 17.953125,  16.828125  (-1.125000)
[84] : 12.250000,  12.250000  (0.000000)
[85] : 10.312500,  7.609375  (-2.703125)
[86] : 7.625000,  7.625000  (0.000000)
[87] : 9.468750,  9.468750  (0.000000)
[88] : 7.796875,  7.796875  (0.000000)
[89] : 8.968750,  8.968750  (0.000000)
[90] : 15.781250,  15.984375  (0.203125)
[91] : 12.500000,  12.640625  (0.140625)
[92] : 20.171875,  20.171875  (0.000000)
[93] : 27.750000,  27.421875  (-0.328125)
[94] : 28.328125,  28.328125  (0.000000)
[95] : 29.140625,  27.234375  (-1.906250)
[96] : 64.187500,  76.828125  (12.640625)
[97] : 38.593750,  38.484375  (-0.109375)
[98] : 38.375000,  38.328125  (-0.046875)
[99] : 37.078125,  37.093750  (0.015625)
[100] : 37.875000,  35.359375  (-2.515625)
[101] : 38.953125,  42.296875  (3.343750)
[102] : 19.140625,  19.484375  (0.343750)
[103] : 20.765625,  19.515625  (-1.250000)
[104] : 41.156250,  41.156250  (0.000000)
[105] : 51.531250,  53.859375  (2.328125)
[106] : 31.671875,  31.515625  (-0.156250)
[107] : 23.093750,  22.968750  (-0.125000)
[108] : 11.031250,  10.906250  (-0.125000)
[109] : 15.031250,  14.734375  (-0.296875)
[110] : 7.656250,  7.343750  (-0.312500)
[111] : 8.578125,  8.500000  (-0.078125)
[112] : 9.671875,  9.328125  (-0.343750)
[113] : 7.656250,  7.656250  (0.000000)
[114] : 7.562500,  7.562500  (0.000000)
[115] : 8.593750,  8.156250  (-0.437500)
[116] : 5.843750,  5.843750  (0.000000)
[117] : 4.281250,  4.281250  (0.000000)
[118] : 4.218750,  4.218750  (0.000000)
[119] : 6.062500,  5.562500  (-0.500000)
[120] : 6.984375,  7.546875  (0.562500)
[121] : 5.312500,  5.265625  (-0.046875)
[122] : 6.437500,  6.437500  (0.000000)
[123] : 12.375000,  12.375000  (0.000000)
[124] : 6.750000,  6.750000  (0.000000)
[125] : 5.656250,  5.218750  (-0.437500)
[126] : 7.671875,  7.671875  (0.000000)
[127] : 10.031250,  10.031250  (0.000000)
[128] : 55.937500,  50.875000  (-5.062500)
[129] : 22.046875,  21.593750  (-0.453125)
[130] : 16.296875,  14.812500  (-1.484375)
[131] : 23.078125,  23.156250  (0.078125)
[132] : 19.578125,  24.546875  (4.968750)
[133] : 6.593750,  5.281250  (-1.312500)
[134] : 8.593750,  8.593750  (0.000000)
[135] : 6.328125,  6.328125  (0.000000)
[136] : 11.281250,  8.843750  (-2.437500)
[137] : 20.750000,  20.515625  (-0.234375)
[138] : 12.828125,  11.687500  (-1.140625)
[139] : 18.140625,  30.500000  (12.359375)
[140] : 8.546875,  8.515625  (-0.031250)
[141] : 11.437500,  10.687500  (-0.750000)
[142] : 16.078125,  15.906250  (-0.171875)
[143] : 33.875000,  33.125000  (-0.750000)
[144] : 45.593750,  45.609375  (0.015625)
[145] : 18.109375,  17.812500  (-0.296875)
[146] : 13.406250,  13.406250  (0.000000)
[147] : 10.828125,  10.750000  (-0.078125)
[148] : 14.265625,  13.953125  (-0.312500)
[149] : 19.703125,  19.765625  (0.062500)
[150] : 14.312500,  14.312500  (0.000000)
[151] : 7.000000,  7.000000  (0.000000)
[152] : 6.828125,  6.828125  (0.000000)
[153] : 9.828125,  9.765625  (-0.062500)
[154] : 5.703125,  5.703125  (0.000000)
[155] : 3.515625,  3.515625  (0.000000)
[156] : 6.968750,  6.968750  (0.000000)
[157] : 6.015625,  6.093750  (0.078125)
[158] : 4.484375,  4.484375  (0.000000)
[159] : 11.156250,  11.156250  (0.000000)
[160] : 30.515625,  28.984375  (-1.531250)
[161] : 12.484375,  12.484375  (0.000000)
[162] : 9.703125,  9.703125  (0.000000)
[163] : 12.640625,  12.640625  (0.000000)
[164] : 12.515625,  12.515625  (0.000000)
[165] : 8.265625,  8.265625  (0.000000)
[166] : 9.765625,  7.515625  (-2.250000)
[167] : 13.406250,  13.265625  (-0.140625)
[168] : 10.984375,  10.671875  (-0.312500)
[169] : 7.156250,  7.203125  (0.046875)
[170] : 8.406250,  8.296875  (-0.109375)
[171] : 11.968750,  11.937500  (-0.031250)
[172] : 11.343750,  9.343750  (-2.000000)
[173] : 6.421875,  6.468750  (0.046875)
[174] : 13.640625,  13.640625  (0.000000)
[175] : 19.937500,  19.937500  (0.000000)
[176] : 15.828125,  15.484375  (-0.343750)
[177] : 10.500000,  10.390625  (-0.109375)
[178] : 12.906250,  11.750000  (-1.156250)
[179] : 22.593750,  17.546875  (-5.046875)
[180] : 20.421875,  20.421875  (0.000000)
[181] : 15.390625,  13.406250  (-1.984375)
[182] : 13.125000,  10.578125  (-2.546875)
[183] : 7.250000,  7.250000  (0.000000)
[184] : 9.750000,  9.750000  (0.000000)
[185] : 6.781250,  6.734375  (-0.046875)
[186] : 9.250000,  9.187500  (-0.062500)
[187] : 8.265625,  8.250000  (-0.015625)
[188] : 5.953125,  5.953125  (0.000000)
[189] : 6.093750,  6.093750  (0.000000)
[190] : 6.546875,  6.109375  (-0.437500)
[191] : 10.250000,  10.250000  (0.000000)
[192] : 33.078125,  29.000000  (-4.078125)
[193] : 9.296875,  9.156250  (-0.140625)
[194] : 7.140625,  7.140625  (0.000000)
[195] : 10.546875,  10.531250  (-0.015625)
[196] : 9.734375,  9.734375  (0.000000)
[197] : 6.343750,  6.359375  (0.015625)
[198] : 9.140625,  6.812500  (-2.328125)
[199] : 16.765625,  16.765625  (0.000000)
[200] : 12.671875,  12.250000  (-0.421875)
[201] : 10.125000,  9.781250  (-0.343750)
[202] : 9.062500,  9.062500  (0.000000)
[203] : 12.750000,  12.687500  (-0.062500)
[204] : 16.937500,  15.781250  (-1.156250)
[205] : 13.500000,  13.390625  (-0.109375)
[206] : 10.203125,  10.109375  (-0.093750)
[207] : 19.812500,  17.062500  (-2.750000)
[208] : 13.312500,  13.234375  (-0.078125)
[209] : 17.125000,  17.062500  (-0.062500)
[210] : 17.125000,  17.343750  (0.218750)
[211] : 8.968750,  8.984375  (0.015625)
[212] : 13.312500,  13.109375  (-0.203125)
[213] : 10.250000,  10.250000  (0.000000)
[214] : 6.843750,  5.906250  (-0.937500)
[215] : 6.859375,  6.859375  (0.000000)
[216] : 7.281250,  7.218750  (-0.062500)
[217] : 10.359375,  10.062500  (-0.296875)
[218] : 12.453125,  12.468750  (0.015625)
[219] : 7.265625,  6.328125  (-0.937500)
[220] : 11.171875,  11.171875  (0.000000)
[221] : 8.000000,  7.343750  (-0.656250)
[222] : 5.937500,  6.296875  (0.359375)
[223] : 9.156250,  9.203125  (0.046875)
[224] : 28.734375,  29.015625  (0.281250)
[225] : 6.218750,  6.171875  (-0.046875)
[226] : 10.984375,  10.062500  (-0.921875)
[227] : 19.734375,  19.734375  (0.000000)
[228] : 10.953125,  10.953125  (0.000000)
[229] : 12.859375,  12.859375  (0.000000)
[230] : 13.171875,  9.500000  (-3.671875)
[231] : 7.875000,  7.937500  (0.062500)
[232] : 10.750000,  10.750000  (0.000000)
[233] : 13.343750,  9.093750  (-4.250000)
[234] : 11.828125,  11.828125  (0.000000)
[235] : 6.687500,  6.796875  (0.109375)
[236] : 18.468750,  18.468750  (0.000000)
[237] : 17.484375,  16.531250  (-0.953125)
[238] : 10.921875,  10.343750  (-0.578125)
[239] : 7.750000,  7.750000  (0.000000)
[240] : 12.421875,  12.421875  (0.000000)
[241] : 13.562500,  11.140625  (-2.421875)
[242] : 10.968750,  10.968750  (0.000000)
[243] : 11.453125,  11.343750  (-0.109375)
[244] : 11.156250,  11.156250  (0.000000)
[245] : 14.484375,  14.484375  (0.000000)
[246] : 9.421875,  9.421875  (0.000000)
[247] : 14.828125,  14.828125  (0.000000)
[248] : 7.843750,  6.171875  (-1.671875)
[249] : 4.531250,  4.390625  (-0.140625)
[250] : 10.656250,  10.703125  (0.046875)
[251] : 8.375000,  6.468750  (-1.906250)
[252] : 6.156250,  6.156250  (0.000000)
[253] : 8.093750,  8.093750  (0.000000)
[254] : 5.437500,  5.437500  (0.000000)
[255] : 5.625000,  5.625000  (0.000000)
[256] : 29.718750,  26.593750  (-3.125000)
[257] : 149.296875,  161.312500  (12.015625)
[258] : 94.093750,  93.843750  (-0.250000)
[259] : 106.046875,  103.437500  (-2.609375)
[260] : 153.390625,  146.578125  (-6.812500)
[261] : 81.171875,  84.312500  (3.140625)
[262] : 10.078125,  10.078125  (0.000000)
[263] : 12.046875,  12.046875  (0.000000)
[264] : 8.328125,  7.218750  (-1.109375)
[265] : 13.187500,  10.593750  (-2.593750)
[266] : 13.593750,  13.609375  (0.015625)
[267] : 6.046875,  5.984375  (-0.062500)
[268] : 11.765625,  11.765625  (0.000000)
[269] : 8.078125,  8.078125  (0.000000)
[270] : 16.421875,  16.531250  (0.109375)
[271] : 6.421875,  6.421875  (0.000000)
[272] : 10.796875,  9.750000  (-1.046875)
[273] : 8.203125,  8.203125  (0.000000)
[274] : 15.937500,  12.359375  (-3.578125)
[275] : 12.359375,  12.359375  (0.000000)
[276] : 7.109375,  7.406250  (0.296875)
[277] : 10.265625,  10.265625  (0.000000)
[278] : 3.812500,  3.812500  (0.000000)
[279] : 6.187500,  5.328125  (-0.859375)
[280] : 3.750000,  2.656250  (-1.093750)
[281] : 10.171875,  10.171875  (0.000000)
[282] : 9.125000,  9.125000  (0.000000)
[283] : 5.593750,  5.593750  (0.000000)
[284] : 7.171875,  7.171875  (0.000000)
[285] : 4.343750,  4.343750  (0.000000)
[286] : 10.046875,  10.093750  (0.046875)
[287] : 8.296875,  8.296875  (0.000000)
[288] : 31.078125,  26.453125  (-4.625000)
[289] : 17.562500,  17.000000  (-0.562500)
[290] : 95.546875,  96.625000  (1.078125)
[291] : 12.312500,  12.265625  (-0.046875)
[292] : 11.953125,  11.953125  (0.000000)
[293] : 157.062500,  154.500000  (-2.562500)
[294] : 80.812500,  83.875000  (3.062500)
[295] : 9.843750,  9.765625  (-0.078125)
[296] : 9.937500,  10.078125  (0.140625)
[297] : 10.484375,  10.484375  (0.000000)
[298] : 11.078125,  10.968750  (-0.109375)
[299] : 11.640625,  11.640625  (0.000000)
[300] : 6.421875,  6.421875  (0.000000)
[301] : 7.750000,  8.656250  (0.906250)
[302] : 6.875000,  6.875000  (0.000000)
[303] : 12.484375,  12.484375  (0.000000)
[304] : 9.781250,  8.781250  (-1.000000)
[305] : 16.406250,  15.937500  (-0.468750)
[306] : 9.468750,  9.250000  (-0.218750)
[307] : 11.609375,  11.609375  (0.000000)
[308] : 9.609375,  9.625000  (0.015625)
[309] : 9.890625,  8.000000  (-1.890625)
[310] : 13.093750,  13.109375  (0.015625)
[311] : 10.812500,  10.812500  (0.000000)
[312] : 10.218750,  10.218750  (0.000000)
[313] : 5.968750,  5.984375  (0.015625)
[314] : 10.906250,  10.906250  (0.000000)
[315] : 8.781250,  7.593750  (-1.187500)
[316] : 4.890625,  4.890625  (0.000000)
[317] : 9.859375,  9.859375  (0.000000)
[318] : 10.234375,  10.234375  (0.000000)
[319] : 9.625000,  9.625000  (0.000000)
[320] : 34.437500,  30.843750  (-3.593750)
[321] : 10.812500,  10.812500  (0.000000)
[322] : 148.343750,  151.921875  (3.578125)
[323] : 14.375000,  14.375000  (0.000000)
[324] : 13.265625,  13.265625  (0.000000)
[325] : 7.187500,  7.187500  (0.000000)
[326] : 140.156250,  138.093750  (-2.062500)
[327] : 85.328125,  78.890625  (-6.437500)
[328] : 5.953125,  5.953125  (0.000000)
[329] : 6.640625,  6.421875  (-0.218750)
[330] : 10.281250,  10.281250  (0.000000)
[331] : 12.921875,  12.937500  (0.015625)
[332] : 12.500000,  12.500000  (0.000000)
[333] : 7.515625,  6.390625  (-1.125000)
[334] : 13.578125,  12.921875  (-0.656250)
[335] : 9.500000,  9.203125  (-0.296875)
[336] : 9.562500,  9.218750  (-0.343750)
[337] : 7.531250,  7.312500  (-0.218750)
[338] : 5.984375,  6.000000  (0.015625)
[339] : 11.531250,  9.687500  (-1.843750)
[340] : 13.718750,  12.625000  (-1.093750)
[341] : 9.109375,  9.109375  (0.000000)
[342] : 6.484375,  6.484375  (0.000000)
[343] : 2.625000,  2.625000  (0.000000)
[344] : 7.218750,  7.218750  (0.000000)
[345] : 8.875000,  8.796875  (-0.078125)
[346] : 3.625000,  3.625000  (0.000000)
[347] : 9.250000,  9.250000  (0.000000)
[348] : 7.921875,  7.921875  (0.000000)
[349] : 4.234375,  4.234375  (0.000000)
[350] : 8.781250,  8.781250  (0.000000)
[351] : 7.859375,  7.859375  (0.000000)
[352] : 36.312500,  33.500000  (-2.812500)
[353] : 6.593750,  5.062500  (-1.531250)
[354] : 29.296875,  29.296875  (0.000000)
[355] : 170.093750,  170.093750  (0.000000)
[356] : 195.218750,  259.843750  (64.625000)
[357] : 261.687500,  265.281250  (3.593750)
[358] : 200.156250,  206.890625  (6.734375)
[359] : 186.546875,  187.515625  (0.968750)
[360] : 13.828125,  13.828125  (0.000000)
[361] : 8.656250,  8.609375  (-0.046875)
[362] : 5.046875,  5.046875  (0.000000)
[363] : 6.968750,  6.968750  (0.000000)
[364] : 10.484375,  10.375000  (-0.109375)
[365] : 9.578125,  9.875000  (0.296875)
[366] : 7.859375,  7.859375  (0.000000)
[367] : 7.546875,  6.734375  (-0.812500)
[368] : 10.500000,  10.718750  (0.218750)
[369] : 13.921875,  13.546875  (-0.375000)
[370] : 8.406250,  8.062500  (-0.343750)
[371] : 5.562500,  5.562500  (0.000000)
[372] : 8.000000,  8.000000  (0.000000)
[373] : 3.671875,  3.671875  (0.000000)
[374] : 4.578125,  4.578125  (0.000000)
[375] : 3.875000,  3.875000  (0.000000)
[376] : 33.968750,  41.578125  (7.609375)
[377] : 7.968750,  7.859375  (-0.109375)
[378] : 8.140625,  8.140625  (0.000000)
[379] : 7.312500,  7.312500  (0.000000)
[380] : 4.546875,  4.546875  (0.000000)
[381] : 8.875000,  7.562500  (-1.312500)
[382] : 7.687500,  7.609375  (-0.078125)
[383] : 11.328125,  7.203125  (-4.125000)
[384] : 184.921875,  265.218750  (80.296875)
[385] : 4.781250,  3.578125  (-1.203125)
[386] : 4.687500,  4.687500  (0.000000)
[387] : 164.234375,  168.375000  (4.140625)
[388] : 201.156250,  201.140625  (-0.015625)
[389] : 320.265625,  325.031250  (4.765625)
[390] : 434.625000,  442.515625  (7.890625)
[391] : 388.437500,  399.890625  (11.453125)
[392] : 65.968750,  67.203125  (1.234375)
[393] : 91.421875,  89.156250  (-2.265625)
[394] : 10.296875,  8.250000  (-2.046875)
[395] : 17.328125,  13.250000  (-4.078125)
[396] : 3.968750,  3.968750  (0.000000)
[397] : 9.171875,  9.125000  (-0.046875)
[398] : 16.062500,  16.015625  (-0.046875)
[399] : 11.968750,  11.968750  (0.000000)
[400] : 12.906250,  12.906250  (0.000000)
[401] : 9.109375,  9.406250  (0.296875)
[402] : 10.296875,  8.609375  (-1.687500)
[403] : 7.812500,  7.718750  (-0.093750)
[404] : 73.000000,  74.046875  (1.046875)
[405] : 121.171875,  132.109375  (10.937500)
[406] : 44.265625,  45.609375  (1.343750)
[407] : 169.609375,  170.156250  (0.546875)
[408] : 139.890625,  144.593750  (4.703125)
[409] : 73.093750,  72.750000  (-0.343750)
[410] : 21.218750,  19.515625  (-1.703125)
[411] : 17.890625,  18.062500  (0.171875)
[412] : 9.953125,  9.953125  (0.000000)
[413] : 8.671875,  8.671875  (0.000000)
[414] : 13.343750,  13.343750  (0.000000)
[415] : 17.703125,  17.656250  (-0.046875)
[416] : 133.093750,  187.750000  (54.656250)
[417] : 6.140625,  6.140625  (0.000000)
[418] : 13.593750,  10.187500  (-3.406250)
[419] : 138.671875,  132.343750  (-6.328125)
[420] : 159.921875,  217.031250  (57.109375)
[421] : 318.671875,  314.468750  (-4.203125)
[422] : 230.156250,  230.156250  (0.000000)
[423] : 150.046875,  150.500000  (0.453125)
[424] : 67.093750,  79.937500  (12.843750)
[425] : 125.109375,  186.187500  (61.078125)
[426] : 97.562500,  98.000000  (0.437500)
[427] : 207.828125,  209.000000  (1.171875)
[428] : 202.765625,  204.265625  (1.500000)
[429] : 209.187500,  216.015625  (6.828125)
[430] : 74.328125,  75.437500  (1.109375)
[431] : 145.765625,  145.578125  (-0.187500)
[432] : 175.625000,  175.625000  (0.000000)
[433] : 79.890625,  89.703125  (9.812500)
[434] : 64.062500,  64.312500  (0.250000)
[435] : 79.687500,  105.140625  (25.453125)
[436] : 119.343750,  120.953125  (1.609375)
[437] : 224.125000,  254.031250  (29.906250)
[438] : 232.687500,  841.484375  (608.796875)
[439] : 257.218750,  256.156250  (-1.062500)
[440] : 313.921875,  318.671875  (4.750000)
[441] : 122.093750,  148.828125  (26.734375)
[442] : 21.265625,  21.265625  (0.000000)
[443] : 13.453125,  12.671875  (-0.781250)
[444] : 20.109375,  20.093750  (-0.015625)
[445] : 20.796875,  18.484375  (-2.312500)
[446] : 14.500000,  14.500000  (0.000000)
[447] : 13.062500,  12.343750  (-0.718750)
[448] : 144.046875,  146.421875  (2.375000)
[449] : 85.750000,  83.500000  (-2.250000)
[450] : 178.687500,  175.156250  (-3.531250)
[451] : 116.453125,  116.562500  (0.109375)
[452] : 119.484375,  119.484375  (0.000000)
[453] : 149.859375,  221.359375  (71.500000)
[454] : 15.421875,  15.421875  (0.000000)
[455] : 86.968750,  87.875000  (0.906250)
[456] : 382.890625,  399.000000  (16.109375)
[457] : 448.562500,  1156.562500  (708.000000)
[458] : 81.781250,  80.593750  (-1.187500)
[459] : 15.359375,  15.359375  (0.000000)
[460] : 49.921875,  45.546875  (-4.375000)
[461] : 30.312500,  30.062500  (-0.250000)
[462] : 168.843750,  339.875000  (171.031250)
[463] : 298.421875,  330.968750  (32.546875)
[464] : 257.812500,  303.562500  (45.750000)
[465] : 268.281250,  274.937500  (6.656250)
[466] : 381.609375,  380.968750  (-0.640625)
[467] : 446.593750,  457.281250  (10.687500)
[468] : 323.000000,  321.203125  (-1.796875)
[469] : 107.515625,  101.578125  (-5.937500)
[470] : 183.187500,  184.140625  (0.953125)
[471] : 52.718750,  215.687500  (162.968750)
[472] : 99.953125,  99.953125  (0.000000)
[473] : 146.453125,  146.140625  (-0.312500)
[474] : 155.687500,  157.328125  (1.640625)
[475] : 165.140625,  167.359375  (2.218750)
[476] : 133.703125,  136.406250  (2.703125)
[477] : 46.312500,  46.703125  (0.390625)
[478] : 23.906250,  23.484375  (-0.421875)
[479] : 17.187500,  17.187500  (0.000000)
[480] : 186.468750,  185.359375  (-1.109375)
[481] : 165.890625,  165.968750  (0.078125)
[482] : 74.156250,  73.968750  (-0.187500)
[483] : 222.953125,  224.156250  (1.203125)
[484] : 86.812500,  86.328125  (-0.484375)
[485] : 151.812500,  152.062500  (0.250000)
[486] : 38.218750,  37.859375  (-0.359375)
[487] : 56.515625,  56.031250  (-0.484375)
[488] : 64.609375,  65.015625  (0.406250)
[489] : 77.859375,  236.140625  (158.281250)
[490] : 49.515625,  49.515625  (0.000000)
[491] : 43.937500,  43.937500  (0.000000)
[492] : 51.875000,  52.468750  (0.593750)
[493] : 44.687500,  44.796875  (0.109375)
[494] : 37.671875,  37.718750  (0.046875)
[495] : 53.437500,  53.218750  (-0.218750)
[496] : 56.625000,  56.359375  (-0.265625)
[497] : 76.843750,  76.453125  (-0.390625)
[498] : 49.843750,  65.312500  (15.468750)
[499] : 48.468750,  48.468750  (0.000000)
[500] : 73.500000,  75.140625  (1.640625)
[501] : 36.968750,  36.968750  (0.000000)
[502] : 59.468750,  54.375000  (-5.093750)
[503] : 35.093750,  35.750000  (0.656250)
[504] : 33.687500,  30.921875  (-2.765625)
[505] : 41.328125,  41.328125  (0.000000)
[506] : 197.125000,  197.203125  (0.078125)
[507] : 156.437500,  156.156250  (-0.281250)
[508] : 69.171875,  69.468750  (0.296875)
[509] : 46.734375,  43.390625  (-3.343750)
[510] : 52.671875,  52.843750  (0.171875)
[511] : 55.796875,  56.437500  (0.640625)
[512] : 196.828125,  197.812500  (0.984375)
[513] : 140.296875,  186.625000  (46.328125)
[514] : 177.296875,  175.500000  (-1.796875)
[515] : 262.421875,  262.859375  (0.437500)
[516] : 6.453125,  5.468750  (-0.984375)
[517] : 16.750000,  16.765625  (0.015625)
[518] : 61.921875,  60.046875  (-1.875000)
[519] : 94.281250,  90.234375  (-4.046875)
[520] : 122.000000,  120.906250  (-1.093750)
[521] : 57.781250,  55.656250  (-2.125000)
[522] : 56.125000,  54.015625  (-2.109375)
[523] : 48.484375,  45.640625  (-2.843750)
[524] : 187.968750,  196.390625  (8.421875)
[525] : 78.859375,  78.968750  (0.109375)
[526] : 55.390625,  59.234375  (3.843750)
[527] : 44.390625,  43.015625  (-1.375000)
[528] : 62.156250,  60.421875  (-1.734375)
[529] : 51.984375,  51.906250  (-0.078125)
[530] : 25.468750,  24.890625  (-0.578125)
[531] : 30.203125,  29.750000  (-0.453125)
[532] : 27.000000,  27.000000  (0.000000)
[533] : 121.406250,  121.375000  (-0.031250)
[534] : 122.703125,  163.828125  (41.125000)
[535] : 55.078125,  55.078125  (0.000000)
[536] : 26.218750,  23.765625  (-2.453125)
[537] : 5.703125,  5.703125  (0.000000)
[538] : 15.656250,  15.656250  (0.000000)
[539] : 2.015625,  2.015625  (0.000000)
[540] : 4.671875,  4.671875  (0.000000)
[541] : 2.562500,  2.562500  (0.000000)
[542] : 4.531250,  4.531250  (0.000000)
[543] : 27.750000,  27.671875  (-0.078125)
[544] : 267.156250,  268.890625  (1.734375)
[545] : 180.953125,  183.875000  (2.921875)
[546] : 35.812500,  35.609375  (-0.203125)
[547] : 172.718750,  181.765625  (9.046875)
[548] : 206.312500,  205.062500  (-1.250000)
[549] : 148.718750,  147.562500  (-1.156250)
[550] : 221.281250,  223.609375  (2.328125)
[551] : 195.234375,  214.640625  (19.406250)
[552] : 116.281250,  108.406250  (-7.875000)
[553] : 16.781250,  16.781250  (0.000000)
[554] : 181.781250,  380.984375  (199.203125)
[555] : 63.703125,  125.953125  (62.250000)
[556] : 115.046875,  112.500000  (-2.546875)
[557] : 171.656250,  169.640625  (-2.015625)
[558] : 152.500000,  152.703125  (0.203125)
[559] : 122.921875,  367.187500  (244.265625)
[560] : 139.578125,  140.187500  (0.609375)
[561] : 190.640625,  190.265625  (-0.375000)
[562] : 124.031250,  124.921875  (0.890625)
[563] : 13.328125,  13.328125  (0.000000)
[564] : 14.890625,  9.812500  (-5.078125)
[565] : 231.875000,  235.859375  (3.984375)
[566] : 10.187500,  8.406250  (-1.781250)
[567] : 22.828125,  22.843750  (0.015625)
[568] : 13.093750,  13.093750  (0.000000)
[569] : 5.625000,  5.578125  (-0.046875)
[570] : 3.796875,  3.796875  (0.000000)
[571] : 6.515625,  6.515625  (0.000000)
[572] : 13.015625,  13.015625  (0.000000)
[573] : 1.687500,  1.687500  (0.000000)
[574] : 2.828125,  2.828125  (0.000000)
[575] : 8.703125,  7.968750  (-0.734375)
[576] : 245.640625,  256.093750  (10.453125)
[577] : 164.765625,  366.843750  (202.078125)
[578] : 52.234375,  52.250000  (0.015625)
[579] : 248.562500,  247.718750  (-0.843750)
[580] : 154.703125,  151.578125  (-3.125000)
[581] : 154.171875,  151.968750  (-2.203125)
[582] : 316.578125,  319.156250  (2.578125)
[583] : 217.531250,  216.718750  (-0.812500)
[584] : 158.031250,  193.187500  (35.156250)
[585] : 124.781250,  124.906250  (0.125000)
[586] : 132.187500,  133.031250  (0.843750)
[587] : 57.687500,  71.218750  (13.531250)
[588] : 145.656250,  145.265625  (-0.390625)
[589] : 69.531250,  109.890625  (40.359375)
[590] : 124.593750,  124.406250  (-0.187500)
[591] : 91.015625,  94.015625  (3.000000)
[592] : 260.812500,  392.500000  (131.687500)
[593] : 238.671875,  263.609375  (24.937500)
[594] : 168.375000,  171.562500  (3.187500)
[595] : 103.281250,  103.281250  (0.000000)
[596] : 33.968750,  67.640625  (33.671875)
[597] : 68.312500,  69.906250  (1.593750)
[598] : 11.062500,  10.890625  (-0.171875)
[599] : 9.250000,  9.156250  (-0.093750)
[600] : 13.953125,  13.953125  (0.000000)
[601] : 104.390625,  102.156250  (-2.234375)
[602] : 25.390625,  24.812500  (-0.578125)
[603] : 3.390625,  3.234375  (-0.156250)
[604] : 5.359375,  5.156250  (-0.203125)
[605] : 8.125000,  7.703125  (-0.421875)
[606] : 2.203125,  2.203125  (0.000000)
[607] : 13.343750,  10.296875  (-3.046875)
[608] : 215.859375,  229.312500  (13.453125)
[609] : 289.859375,  288.750000  (-1.109375)
[610] : 81.734375,  81.703125  (-0.031250)
[611] : 169.296875,  168.906250  (-0.390625)
[612] : 56.484375,  56.484375  (0.000000)
[613] : 162.750000,  163.078125  (0.328125)
[614] : 115.156250,  119.140625  (3.984375)
[615] : 290.937500,  4368.906250  (4077.968750)
[616] : 264.265625,  264.500000  (0.234375)
[617] : 225.015625,  228.750000  (3.734375)
[618] : 323.906250,  329.546875  (5.640625)
[619] : 277.015625,  276.437500  (-0.578125)
[620] : 24.296875,  24.296875  (0.000000)
[621] : 134.937500,  135.703125  (0.765625)
[622] : 140.859375,  141.625000  (0.765625)
[623] : 153.953125,  163.656250  (9.703125)
[624] : 198.734375,  198.093750  (-0.640625)
[625] : 155.937500,  151.890625  (-4.046875)
[626] : 252.218750,  280.875000  (28.656250)
[627] : 260.078125,  259.093750  (-0.984375)
[628] : 114.968750,  114.656250  (-0.312500)
[629] : 269.906250,  279.468750  (9.562500)
[630] : 95.640625,  103.875000  (8.234375)
[631] : 43.468750,  47.312500  (3.843750)
[632] : 7.281250,  7.875000  (0.593750)
[633] : 59.578125,  58.546875  (-1.031250)
[634] : 5.859375,  5.859375  (0.000000)
[635] : 9.625000,  6.828125  (-2.796875)
[636] : 3.359375,  3.359375  (0.000000)
[637] : 3.390625,  3.390625  (0.000000)
[638] : 6.921875,  6.921875  (0.000000)
[639] : 14.781250,  10.968750  (-3.812500)
[640] : 227.765625,  223.250000  (-4.515625)
[641] : 248.937500,  269.609375  (20.671875)
[642] : 45.921875,  46.937500  (1.015625)
[643] : 49.875000,  49.812500  (-0.062500)
[644] : 63.828125,  89.328125  (25.500000)
[645] : 130.140625,  134.406250  (4.265625)
[646] : 189.187500,  189.187500  (0.000000)
[647] : 258.375000,  277.234375  (18.859375)
[648] : 154.171875,  167.328125  (13.156250)
[649] : 233.859375,  245.406250  (11.546875)
[650] : 405.031250,  404.703125  (-0.328125)
[651] : 186.031250,  186.031250  (0.000000)
[652] : 133.562500,  133.734375  (0.171875)
[653] : 159.671875,  160.656250  (0.984375)
[654] : 118.765625,  118.343750  (-0.421875)
[655] : 123.375000,  271.343750  (147.968750)
[656] : 106.484375,  107.187500  (0.703125)
[657] : 177.578125,  396.812500  (219.234375)
[658] : 209.968750,  205.906250  (-4.062500)
[659] : 210.031250,  224.984375  (14.953125)
[660] : 188.078125,  200.921875  (12.843750)
[661] : 182.375000,  243.125000  (60.750000)
[662] : 205.750000,  203.359375  (-2.390625)
[663] : 131.390625,  228.390625  (97.000000)
[664] : 97.562500,  97.562500  (0.000000)
[665] : 97.437500,  97.437500  (0.000000)
[666] : 7.031250,  7.031250  (0.000000)
[667] : 7.937500,  7.937500  (0.000000)
[668] : 3.734375,  3.734375  (0.000000)
[669] : 4.265625,  4.250000  (-0.015625)
[670] : 68.593750,  70.203125  (1.609375)
[671] : 62.484375,  62.484375  (0.000000)
[672] : 61.484375,  61.562500  (0.078125)
[673] : 80.531250,  83.125000  (2.593750)
[674] : 170.828125,  172.265625  (1.437500)
[675] : 48.437500,  48.437500  (0.000000)
[676] : 65.468750,  65.656250  (0.187500)
[677] : 180.906250,  173.625000  (-7.281250)
[678] : 152.437500,  152.437500  (0.000000)
[679] : 122.593750,  121.656250  (-0.937500)
[680] : 278.937500,  279.265625  (0.328125)
[681] : 224.750000,  767.890625  (543.140625)
[682] : 161.671875,  163.859375  (2.187500)
[683] : 233.890625,  235.765625  (1.875000)
[684] : 192.796875,  189.812500  (-2.984375)
[685] : 131.468750,  132.281250  (0.812500)
[686] : 205.921875,  201.765625  (-4.156250)
[687] : 106.890625,  156.703125  (49.812500)
[688] : 205.500000,  358.718750  (153.218750)
[689] : 153.015625,  153.015625  (0.000000)
[690] : 180.296875,  245.140625  (64.843750)
[691] : 155.234375,  156.468750  (1.234375)
[692] : 94.593750,  94.593750  (0.000000)
[693] : 223.687500,  223.250000  (-0.437500)
[694] : 148.671875,  136.875000  (-11.796875)
[695] : 263.000000,  263.062500  (0.062500)
[696] : 166.171875,  167.421875  (1.250000)
[697] : 20.343750,  19.812500  (-0.531250)
[698] : 10.031250,  10.468750  (0.437500)
[699] : 13.968750,  13.968750  (0.000000)
[700] : 1.921875,  1.921875  (0.000000)
[701] : 2.281250,  1.218750  (-1.062500)
[702] : 16.062500,  16.062500  (0.000000)
[703] : 32.015625,  28.828125  (-3.187500)
[704] : 37.156250,  32.546875  (-4.609375)
[705] : 11.921875,  11.750000  (-0.171875)
[706] : 93.062500,  91.265625  (-1.796875)
[707] : 86.390625,  96.296875  (9.906250)
[708] : 81.718750,  80.343750  (-1.375000)
[709] : 148.703125,  151.828125  (3.125000)
[710] : 46.046875,  45.500000  (-0.546875)
[711] : 139.250000,  139.250000  (0.000000)
[712] : 136.609375,  136.625000  (0.015625)
[713] : 167.593750,  184.734375  (17.140625)
[714] : 136.171875,  134.546875  (-1.625000)
[715] : 76.531250,  82.906250  (6.375000)
[716] : 274.015625,  270.468750  (-3.546875)
[717] : 96.796875,  238.796875  (142.000000)
[718] : 60.437500,  60.437500  (0.000000)
[719] : 138.828125,  141.671875  (2.843750)
[720] : 99.140625,  94.640625  (-4.500000)
[721] : 160.140625,  159.171875  (-0.968750)
[722] : 136.687500,  135.609375  (-1.078125)
[723] : 96.453125,  155.562500  (59.109375)
[724] : 203.140625,  204.062500  (0.921875)
[725] : 220.390625,  220.031250  (-0.359375)
[726] : 161.750000,  171.390625  (9.640625)
[727] : 137.406250,  136.593750  (-0.812500)
[728] : 137.218750,  137.484375  (0.265625)
[729] : 60.125000,  57.406250  (-2.718750)
[730] : 51.406250,  67.015625  (15.609375)
[731] : 9.875000,  7.937500  (-1.937500)
[732] : 7.875000,  7.796875  (-0.078125)
[733] : 1.859375,  1.859375  (0.000000)
[734] : 2.843750,  2.843750  (0.000000)
[735] : 12.218750,  12.218750  (0.000000)
[736] : 33.343750,  29.296875  (-4.046875)
[737] : 9.671875,  9.671875  (0.000000)
[738] : 9.359375,  9.062500  (-0.296875)
[739] : 13.328125,  13.437500  (0.109375)
[740] : 195.406250,  195.343750  (-0.062500)
[741] : 209.468750,  206.281250  (-3.187500)
[742] : 175.437500,  179.656250  (4.218750)
[743] : 54.359375,  51.031250  (-3.328125)
[744] : 18.000000,  18.046875  (0.046875)
[745] : 130.187500,  129.968750  (-0.218750)
[746] : 29.953125,  29.718750  (-0.234375)
[747] : 121.921875,  121.593750  (-0.328125)
[748] : 239.968750,  790.609375  (550.640625)
[749] : 100.390625,  100.781250  (0.390625)
[750] : 109.062500,  108.921875  (-0.140625)
[751] : 85.421875,  59.375000  (-26.046875)
[752] : 64.078125,  65.390625  (1.312500)
[753] : 141.078125,  136.687500  (-4.390625)
[754] : 139.312500,  138.687500  (-0.625000)
[755] : 130.890625,  390.156250  (259.265625)
[756] : 210.296875,  212.187500  (1.890625)
[757] : 157.062500,  465.343750  (308.281250)
[758] : 248.843750,  248.578125  (-0.265625)
[759] : 173.953125,  172.859375  (-1.093750)
[760] : 189.562500,  194.203125  (4.640625)
[761] : 159.234375,  157.687500  (-1.546875)
[762] : 142.875000,  142.875000  (0.000000)
[763] : 34.593750,  34.671875  (0.078125)
[764] : 4.687500,  4.671875  (-0.015625)
[765] : 5.265625,  4.687500  (-0.578125)
[766] : 2.421875,  2.421875  (0.000000)
[767] : 7.921875,  7.921875  (0.000000)
[768] : 25.343750,  22.109375  (-3.234375)
[769] : 3.828125,  3.875000  (0.046875)
[770] : 6.718750,  6.718750  (0.000000)
[771] : 5.921875,  5.921875  (0.000000)
[772] : 11.562500,  11.562500  (0.000000)
[773] : 16.265625,  16.265625  (0.000000)
[774] : 22.234375,  22.859375  (0.625000)
[775] : 14.812500,  9.781250  (-5.031250)
[776] : 27.500000,  27.375000  (-0.125000)
[777] : 45.156250,  46.015625  (0.859375)
[778] : 42.531250,  42.531250  (0.000000)
[779] : 70.000000,  70.015625  (0.015625)
[780] : 101.406250,  101.984375  (0.578125)
[781] : 56.734375,  56.734375  (0.000000)
[782] : 46.859375,  47.031250  (0.171875)
[783] : 58.671875,  59.281250  (0.609375)
[784] : 103.765625,  100.890625  (-2.875000)
[785] : 216.421875,  215.515625  (-0.906250)
[786] : 103.765625,  521.843750  (418.078125)
[787] : 159.046875,  159.046875  (0.000000)
[788] : 183.718750,  183.953125  (0.234375)
[789] : 123.453125,  124.140625  (0.687500)
[790] : 196.187500,  192.906250  (-3.281250)
[791] : 186.890625,  186.812500  (-0.078125)
[792] : 278.734375,  278.734375  (0.000000)
[793] : 172.890625,  206.140625  (33.250000)
[794] : 99.578125,  99.578125  (0.000000)
[795] : 73.890625,  81.000000  (7.109375)
[796] : 14.906250,  12.828125  (-2.078125)
[797] : 12.140625,  12.140625  (0.000000)
[798] : 9.843750,  9.843750  (0.000000)
[799] : 8.156250,  8.109375  (-0.046875)
[800] : 24.515625,  24.468750  (-0.046875)
[801] : 9.734375,  9.734375  (0.000000)
[802] : 6.343750,  6.328125  (-0.015625)
[803] : 6.515625,  6.437500  (-0.078125)
[804] : 2.703125,  2.687500  (-0.015625)
[805] : 7.312500,  6.921875  (-0.390625)
[806] : 20.984375,  20.031250  (-0.953125)
[807] : 18.125000,  18.109375  (-0.015625)
[808] : 23.906250,  25.156250  (1.250000)
[809] : 97.734375,  105.781250  (8.046875)
[810] : 131.812500,  132.015625  (0.203125)
[811] : 115.640625,  115.640625  (0.000000)
[812] : 183.484375,  183.984375  (0.500000)
[813] : 44.250000,  44.921875  (0.671875)
[814] : 34.515625,  34.500000  (-0.015625)
[815] : 46.265625,  47.593750  (1.328125)
[816] : 119.859375,  221.468750  (101.609375)
[817] : 186.250000,  186.531250  (0.281250)
[818] : 284.515625,  287.453125  (2.937500)
[819] : 105.406250,  105.781250  (0.375000)
[820] : 185.015625,  185.640625  (0.625000)
[821] : 177.828125,  185.984375  (8.156250)
[822] : 235.781250,  234.171875  (-1.609375)
[823] : 119.937500,  121.109375  (1.171875)
[824] : 146.015625,  165.765625  (19.750000)
[825] : 141.875000,  141.968750  (0.093750)
[826] : 111.187500,  117.062500  (5.875000)
[827] : 90.906250,  82.171875  (-8.734375)
[828] : 62.000000,  61.984375  (-0.015625)
[829] : 9.640625,  9.640625  (0.000000)
[830] : 9.437500,  9.390625  (-0.046875)
[831] : 8.984375,  8.875000  (-0.109375)
[832] : 18.250000,  17.109375  (-1.140625)
[833] : 3.328125,  2.359375  (-0.968750)
[834] : 4.046875,  4.046875  (0.000000)
[835] : 5.359375,  5.359375  (0.000000)
[836] : 4.953125,  4.390625  (-0.562500)
[837] : 5.406250,  5.406250  (0.000000)
[838] : 33.609375,  33.609375  (0.000000)
[839] : 25.578125,  25.578125  (0.000000)
[840] : 9.578125,  9.578125  (0.000000)
[841] : 40.187500,  39.406250  (-0.781250)
[842] : 65.671875,  63.296875  (-2.375000)
[843] : 74.531250,  73.484375  (-1.046875)
[844] : 26.984375,  26.000000  (-0.984375)
[845] : 44.671875,  48.578125  (3.906250)
[846] : 44.906250,  46.046875  (1.140625)
[847] : 94.953125,  90.359375  (-4.593750)
[848] : 165.984375,  165.984375  (0.000000)
[849] : 138.828125,  135.156250  (-3.671875)
[850] : 101.640625,  91.859375  (-9.781250)
[851] : 107.453125,  105.703125  (-1.750000)
[852] : 95.250000,  98.031250  (2.781250)
[853] : 82.250000,  82.250000  (0.000000)
[854] : 161.328125,  161.859375  (0.531250)
[855] : 47.984375,  47.062500  (-0.921875)
[856] : 139.578125,  139.812500  (0.234375)
[857] : 165.593750,  166.046875  (0.453125)
[858] : 110.625000,  109.734375  (-0.890625)
[859] : 22.796875,  21.890625  (-0.906250)
[860] : 50.828125,  51.406250  (0.578125)
[861] : 25.921875,  40.390625  (14.468750)
[862] : 4.890625,  4.890625  (0.000000)
[863] : 8.171875,  8.171875  (0.000000)
[864] : 22.984375,  22.750000  (-0.234375)
[865] : 3.218750,  3.203125  (-0.015625)
[866] : 8.328125,  8.328125  (0.000000)
[867] : 2.078125,  2.078125  (0.000000)
[868] : 2.750000,  2.750000  (0.000000)
[869] : 8.453125,  7.265625  (-1.187500)
[870] : 5.765625,  5.765625  (0.000000)
[871] : 5.390625,  4.328125  (-1.062500)
[872] : 16.015625,  16.015625  (0.000000)
[873] : 15.890625,  15.843750  (-0.046875)
[874] : 10.312500,  7.984375  (-2.328125)
[875] : 11.453125,  10.140625  (-1.312500)
[876] : 7.328125,  6.890625  (-0.437500)
[877] : 15.859375,  16.062500  (0.203125)
[878] : 73.968750,  75.703125  (1.734375)
[879] : 180.031250,  181.234375  (1.203125)
[880] : 199.546875,  206.078125  (6.531250)
[881] : 119.796875,  136.453125  (16.656250)
[882] : 80.000000,  98.062500  (18.062500)
[883] : 113.890625,  108.265625  (-5.625000)
[884] : 146.421875,  145.312500  (-1.109375)
[885] : 189.359375,  189.359375  (0.000000)
[886] : 204.750000,  202.796875  (-1.953125)
[887] : 117.593750,  132.593750  (15.000000)
[888] : 74.843750,  58.359375  (-16.484375)
[889] : 93.125000,  91.625000  (-1.500000)
[890] : 140.171875,  137.640625  (-2.531250)
[891] : 83.656250,  84.421875  (0.765625)
[892] : 23.031250,  22.421875  (-0.609375)
[893] : 43.625000,  45.609375  (1.984375)
[894] : 13.625000,  13.437500  (-0.187500)
[895] : 3.609375,  3.531250  (-0.078125)
[896] : 21.312500,  20.140625  (-1.171875)
[897] : 7.703125,  7.703125  (0.000000)
[898] : 7.109375,  7.109375  (0.000000)
[899] : 8.375000,  8.375000  (0.000000)
[900] : 3.828125,  3.828125  (0.000000)
[901] : 3.296875,  3.296875  (0.000000)
[902] : 2.984375,  2.937500  (-0.046875)
[903] : 5.046875,  5.046875  (0.000000)
[904] : 7.468750,  4.859375  (-2.609375)
[905] : 13.984375,  14.015625  (0.031250)
[906] : 11.546875,  11.546875  (0.000000)
[907] : 5.109375,  5.109375  (0.000000)
[908] : 11.781250,  11.781250  (0.000000)
[909] : 70.375000,  69.968750  (-0.406250)
[910] : 234.953125,  258.937500  (23.984375)
[911] : 147.500000,  147.500000  (0.000000)
[912] : 139.171875,  215.453125  (76.281250)
[913] : 81.953125,  77.203125  (-4.750000)
[914] : 117.687500,  116.375000  (-1.312500)
[915] : 115.046875,  141.171875  (26.125000)
[916] : 118.687500,  119.250000  (0.562500)
[917] : 99.984375,  94.718750  (-5.265625)
[918] : 93.906250,  131.984375  (38.078125)
[919] : 102.843750,  103.015625  (0.171875)
[920] : 62.562500,  61.656250  (-0.906250)
[921] : 70.062500,  68.296875  (-1.765625)
[922] : 197.828125,  197.000000  (-0.828125)
[923] : 175.203125,  422.609375  (247.406250)
[924] : 119.609375,  118.062500  (-1.546875)
[925] : 174.078125,  434.437500  (260.359375)
[926] : 31.531250,  31.796875  (0.265625)
[927] : 6.703125,  6.703125  (0.000000)
[928] : 37.609375,  37.796875  (0.187500)
[929] : 12.515625,  12.515625  (0.000000)
[930] : 7.453125,  7.453125  (0.000000)
[931] : 3.781250,  3.781250  (0.000000)
[932] : 3.859375,  3.859375  (0.000000)
[933] : 6.828125,  6.828125  (0.000000)
[934] : 11.000000,  11.000000  (0.000000)
[935] : 5.421875,  5.421875  (0.000000)
[936] : 10.609375,  10.609375  (0.000000)
[937] : 15.609375,  12.203125  (-3.406250)
[938] : 28.953125,  23.718750  (-5.234375)
[939] : 12.578125,  11.828125  (-0.750000)
[940] : 24.078125,  24.078125  (0.000000)
[941] : 123.593750,  123.734375  (0.140625)
[942] : 26.875000,  24.703125  (-2.171875)
[943] : 27.312500,  27.312500  (0.000000)
[944] : 50.718750,  50.718750  (0.000000)
[945] : 21.781250,  21.859375  (0.078125)
[946] : 39.171875,  39.171875  (0.000000)
[947] : 45.218750,  45.781250  (0.562500)
[948] : 128.906250,  128.062500  (-0.843750)
[949] : 67.859375,  68.093750  (0.234375)
[950] : 109.671875,  109.250000  (-0.421875)
[951] : 35.062500,  34.796875  (-0.265625)
[952] : 67.718750,  62.468750  (-5.250000)
[953] : 57.546875,  72.015625  (14.468750)
[954] : 54.171875,  59.906250  (5.734375)
[955] : 178.937500,  177.125000  (-1.812500)
[956] : 56.015625,  56.015625  (0.000000)
[957] : 173.375000,  180.843750  (7.468750)
[958] : 98.859375,  98.859375  (0.000000)
[959] : 69.546875,  69.546875  (0.000000)
[960] : 38.843750,  38.843750  (0.000000)
[961] : 11.812500,  10.531250  (-1.281250)
[962] : 12.500000,  11.000000  (-1.500000)
[963] : 8.515625,  8.468750  (-0.046875)
[964] : 6.343750,  6.343750  (0.000000)
[965] : 9.546875,  9.546875  (0.000000)
[966] : 10.250000,  10.250000  (0.000000)
[967] : 7.390625,  7.390625  (0.000000)
[968] : 7.671875,  7.671875  (0.000000)
[969] : 29.921875,  29.078125  (-0.843750)
[970] : 58.296875,  57.281250  (-1.015625)
[971] : 21.281250,  19.593750  (-1.687500)
[972] : 13.000000,  13.000000  (0.000000)
[973] : 30.843750,  30.078125  (-0.765625)
[974] : 12.062500,  12.062500  (0.000000)
[975] : 7.734375,  5.921875  (-1.812500)
[976] : 8.328125,  7.484375  (-0.843750)
[977] : 4.953125,  4.343750  (-0.609375)
[978] : 13.421875,  13.421875  (0.000000)
[979] : 18.359375,  18.359375  (0.000000)
[980] : 71.234375,  70.468750  (-0.765625)
[981] : 93.296875,  113.703125  (20.406250)
[982] : 71.578125,  70.937500  (-0.640625)
[983] : 73.546875,  73.671875  (0.125000)
[984] : 47.234375,  42.734375  (-4.500000)
[985] : 38.828125,  38.406250  (-0.421875)
[986] : 51.750000,  49.859375  (-1.890625)
[987] : 126.296875,  125.734375  (-0.562500)
[988] : 60.187500,  62.937500  (2.750000)
[989] : 155.171875,  154.109375  (-1.062500)
[990] : 107.484375,  125.875000  (18.390625)
[991] : 109.375000,  109.140625  (-0.234375)
[992] : 106.078125,  106.078125  (0.000000)
[993] : 70.406250,  70.281250  (-0.125000)
[994] : 70.437500,  70.406250  (-0.031250)
[995] : 78.843750,  78.781250  (-0.062500)
[996] : 73.687500,  73.703125  (0.015625)
[997] : 75.906250,  75.906250  (0.000000)
[998] : 83.281250,  82.796875  (-0.484375)
[999] : 66.265625,  65.937500  (-0.328125)
[1000] : 48.312500,  48.046875  (-0.265625)
[1001] : 70.609375,  70.906250  (0.296875)
[1002] : 66.843750,  66.046875  (-0.796875)
[1003] : 62.187500,  62.218750  (0.031250)
[1004] : 60.859375,  60.187500  (-0.671875)
[1005] : 43.640625,  43.593750  (-0.046875)
[1006] : 46.906250,  46.312500  (-0.593750)
[1007] : 35.968750,  36.046875  (0.078125)
[1008] : 50.296875,  50.390625  (0.093750)
[1009] : 58.765625,  58.781250  (0.015625)
[1010] : 68.640625,  68.703125  (0.062500)
[1011] : 59.359375,  59.437500  (0.078125)
[1012] : 71.906250,  71.937500  (0.031250)
[1013] : 54.875000,  54.437500  (-0.437500)
[1014] : 71.125000,  68.843750  (-2.281250)
[1015] : 88.140625,  89.718750  (1.578125)
[1016] : 84.875000,  87.328125  (2.453125)
[1017] : 79.906250,  79.609375  (-0.296875)
[1018] : 114.953125,  113.156250  (-1.796875)
[1019] : 118.437500,  117.828125  (-0.609375)
[1020] : 103.343750,  103.062500  (-0.281250)
[1021] : 122.875000,  122.046875  (-0.828125)
[1022] : 103.281250,  106.453125  (3.171875)
[1023] : 50.750000,  50.468750  (-0.281250)
