   DCT only, opt basis No.6 (MSE)

[0] : 29.046875,  53.734375
[1] : 6.625000,  6.546875
[2] : 8.687500,  9.015625
[3] : 7.765625,  7.765625
[4] : 6.437500,  6.578125
[5] : 7.203125,  7.406250
[6] : 6.625000,  8.015625
[7] : 5.406250,  5.406250
[8] : 7.218750,  7.218750
[9] : 5.671875,  6.078125
[10] : 6.781250,  6.515625
[11] : 5.937500,  6.109375
[12] : 9.125000,  9.109375
[13] : 7.609375,  7.609375
[14] : 8.406250,  8.406250
[15] : 9.203125,  9.296875
[16] : 12.156250,  12.156250
[17] : 13.015625,  12.578125
[18] : 16.625000,  17.218750
[19] : 8.265625,  8.343750
[20] : 12.640625,  14.093750
[21] : 17.859375,  19.093750
[22] : 8.718750,  38.640625
[23] : 10.234375,  10.375000
[24] : 9.734375,  9.812500
[25] : 11.640625,  15.890625
[26] : 12.203125,  12.343750
[27] : 10.203125,  10.125000
[28] : 13.500000,  13.359375
[29] : 17.078125,  17.078125
[30] : 14.078125,  14.859375
[31] : 26.484375,  28.343750
[32] : 14.390625,  20.062500
[33] : 9.375000,  9.375000
[34] : 9.375000,  9.375000
[35] : 8.484375,  8.312500
[36] : 16.015625,  15.781250
[37] : 10.125000,  10.359375
[38] : 6.875000,  6.875000
[39] : 6.046875,  6.765625
[40] : 6.406250,  6.359375
[41] : 5.312500,  5.312500
[42] : 5.046875,  4.906250
[43] : 5.187500,  5.187500
[44] : 5.250000,  5.203125
[45] : 5.640625,  5.640625
[46] : 4.953125,  5.125000
[47] : 5.046875,  5.046875
[48] : 5.093750,  5.015625
[49] : 3.921875,  3.359375
[50] : 6.281250,  6.281250
[51] : 5.718750,  5.718750
[52] : 7.656250,  8.468750
[53] : 6.281250,  6.031250
[54] : 4.937500,  4.937500
[55] : 4.093750,  4.093750
[56] : 8.593750,  8.609375
[57] : 10.156250,  9.734375
[58] : 6.765625,  6.765625
[59] : 8.437500,  7.890625
[60] : 10.359375,  10.406250
[61] : 11.500000,  11.687500
[62] : 8.390625,  8.671875
[63] : 7.296875,  7.296875
[64] : 27.562500,  27.562500
[65] : 7.281250,  7.468750
[66] : 9.140625,  8.906250
[67] : 12.062500,  11.859375
[68] : 9.281250,  9.203125
[69] : 12.031250,  13.281250
[70] : 11.828125,  12.187500
[71] : 11.703125,  11.656250
[72] : 4.828125,  4.828125
[73] : 3.656250,  3.656250
[74] : 4.312500,  4.218750
[75] : 3.375000,  3.375000
[76] : 3.453125,  3.359375
[77] : 3.000000,  3.000000
[78] : 4.750000,  4.625000
[79] : 3.093750,  3.093750
[80] : 4.140625,  4.140625
[81] : 3.125000,  3.125000
[82] : 3.125000,  3.125000
[83] : 3.203125,  3.109375
[84] : 3.546875,  3.546875
[85] : 3.531250,  3.046875
[86] : 3.718750,  3.718750
[87] : 3.296875,  3.296875
[88] : 3.468750,  3.468750
[89] : 4.265625,  4.265625
[90] : 4.500000,  4.546875
[91] : 4.109375,  4.218750
[92] : 6.687500,  6.687500
[93] : 8.562500,  8.515625
[94] : 8.250000,  8.250000
[95] : 11.109375,  10.453125
[96] : 9.093750,  34.609375
[97] : 13.984375,  14.000000
[98] : 12.671875,  12.718750
[99] : 19.062500,  19.546875
[100] : 15.734375,  16.625000
[101] : 9.359375,  16.328125
[102] : 7.109375,  7.015625
[103] : 6.546875,  7.671875
[104] : 10.109375,  10.109375
[105] : 11.765625,  12.500000
[106] : 11.578125,  11.296875
[107] : 6.062500,  6.093750
[108] : 4.328125,  4.328125
[109] : 3.921875,  3.812500
[110] : 4.328125,  4.390625
[111] : 3.296875,  3.281250
[112] : 3.968750,  4.031250
[113] : 2.671875,  2.671875
[114] : 3.062500,  3.062500
[115] : 3.906250,  4.062500
[116] : 2.781250,  2.781250
[117] : 3.281250,  3.281250
[118] : 2.640625,  2.640625
[119] : 2.062500,  2.062500
[120] : 2.890625,  3.078125
[121] : 2.593750,  2.578125
[122] : 3.187500,  3.187500
[123] : 2.937500,  2.937500
[124] : 2.687500,  2.687500
[125] : 3.250000,  3.000000
[126] : 2.406250,  2.406250
[127] : 4.015625,  4.015625
[128] : 11.531250,  12.312500
[129] : 7.656250,  7.546875
[130] : 6.281250,  5.546875
[131] : 7.890625,  7.906250
[132] : 5.812500,  17.968750
[133] : 3.343750,  3.343750
[134] : 2.406250,  2.406250
[135] : 3.125000,  3.125000
[136] : 4.046875,  3.796875
[137] : 3.968750,  3.890625
[138] : 4.921875,  4.875000
[139] : 4.609375,  20.562500
[140] : 3.843750,  3.843750
[141] : 6.515625,  5.984375
[142] : 5.656250,  5.640625
[143] : 10.968750,  13.937500
[144] : 11.218750,  11.328125
[145] : 8.062500,  8.015625
[146] : 4.890625,  4.890625
[147] : 4.203125,  4.250000
[148] : 5.125000,  5.000000
[149] : 5.062500,  5.031250
[150] : 2.468750,  2.468750
[151] : 3.375000,  3.375000
[152] : 2.593750,  2.593750
[153] : 3.437500,  3.562500
[154] : 2.328125,  2.328125
[155] : 2.703125,  2.703125
[156] : 3.171875,  3.171875
[157] : 2.390625,  2.437500
[158] : 2.875000,  2.875000
[159] : 3.125000,  3.125000
[160] : 3.890625,  3.515625
[161] : 3.906250,  3.906250
[162] : 2.906250,  2.906250
[163] : 3.250000,  3.250000
[164] : 3.281250,  3.281250
[165] : 3.859375,  3.859375
[166] : 2.703125,  2.828125
[167] : 3.984375,  4.000000
[168] : 2.781250,  2.750000
[169] : 4.812500,  7.484375
[170] : 4.265625,  4.187500
[171] : 4.062500,  3.937500
[172] : 5.015625,  4.421875
[173] : 4.140625,  4.125000
[174] : 4.109375,  4.109375
[175] : 5.218750,  5.218750
[176] : 5.015625,  4.984375
[177] : 5.265625,  5.218750
[178] : 7.578125,  7.765625
[179] : 8.328125,  9.906250
[180] : 6.265625,  6.265625
[181] : 6.828125,  8.281250
[182] : 3.250000,  5.703125
[183] : 2.562500,  2.562500
[184] : 2.968750,  2.968750
[185] : 3.812500,  3.828125
[186] : 3.296875,  3.296875
[187] : 3.390625,  3.375000
[188] : 2.765625,  2.765625
[189] : 2.687500,  2.687500
[190] : 1.671875,  1.359375
[191] : 2.406250,  2.406250
[192] : 3.984375,  6.375000
[193] : 2.359375,  2.312500
[194] : 3.750000,  3.750000
[195] : 3.093750,  3.140625
[196] : 2.093750,  2.093750
[197] : 3.015625,  2.968750
[198] : 3.187500,  2.796875
[199] : 4.812500,  4.812500
[200] : 4.796875,  4.812500
[201] : 5.062500,  5.093750
[202] : 3.593750,  3.593750
[203] : 3.859375,  3.796875
[204] : 4.265625,  4.234375
[205] : 5.296875,  5.312500
[206] : 3.359375,  4.203125
[207] : 6.453125,  6.421875
[208] : 4.296875,  4.281250
[209] : 8.859375,  8.140625
[210] : 5.890625,  5.265625
[211] : 5.109375,  5.125000
[212] : 6.125000,  6.203125
[213] : 3.750000,  3.750000
[214] : 3.875000,  3.781250
[215] : 3.796875,  3.796875
[216] : 4.062500,  4.031250
[217] : 3.390625,  3.406250
[218] : 3.390625,  3.437500
[219] : 3.921875,  3.640625
[220] : 3.390625,  3.390625
[221] : 3.171875,  3.046875
[222] : 2.437500,  2.453125
[223] : 2.468750,  2.515625
[224] : 6.531250,  11.031250
[225] : 4.218750,  4.171875
[226] : 6.390625,  5.937500
[227] : 5.250000,  5.250000
[228] : 3.875000,  3.875000
[229] : 3.031250,  3.031250
[230] : 4.250000,  4.078125
[231] : 4.593750,  4.562500
[232] : 3.296875,  3.296875
[233] : 5.343750,  4.937500
[234] : 5.203125,  5.203125
[235] : 4.328125,  4.406250
[236] : 5.546875,  5.546875
[237] : 4.515625,  4.437500
[238] : 4.546875,  4.406250
[239] : 3.890625,  3.890625
[240] : 3.859375,  3.859375
[241] : 4.250000,  3.890625
[242] : 3.203125,  3.203125
[243] : 4.359375,  4.343750
[244] : 3.281250,  3.281250
[245] : 4.703125,  4.703125
[246] : 4.687500,  4.687500
[247] : 2.781250,  2.781250
[248] : 3.125000,  2.703125
[249] : 3.562500,  3.703125
[250] : 3.375000,  3.484375
[251] : 3.390625,  4.515625
[252] : 3.359375,  3.359375
[253] : 2.250000,  2.250000
[254] : 2.250000,  2.250000
[255] : 1.671875,  1.671875
[256] : 4.078125,  7.515625
[257] : 28.781250,  55.203125
[258] : 26.781250,  27.656250
[259] : 22.781250,  23.078125
[260] : 34.109375,  36.109375
[261] : 25.312500,  41.140625
[262] : 5.265625,  5.265625
[263] : 3.828125,  3.828125
[264] : 4.640625,  4.218750
[265] : 3.625000,  3.000000
[266] : 5.000000,  5.015625
[267] : 3.734375,  3.765625
[268] : 3.125000,  3.125000
[269] : 3.578125,  3.578125
[270] : 4.375000,  4.421875
[271] : 3.281250,  3.281250
[272] : 3.062500,  2.953125
[273] : 2.562500,  2.562500
[274] : 4.796875,  4.593750
[275] : 2.984375,  2.984375
[276] : 2.203125,  2.250000
[277] : 2.640625,  2.640625
[278] : 3.156250,  3.156250
[279] : 1.578125,  1.218750
[280] : 2.484375,  1.828125
[281] : 1.812500,  1.812500
[282] : 3.281250,  3.281250
[283] : 2.140625,  2.140625
[284] : 2.156250,  2.156250
[285] : 2.312500,  2.312500
[286] : 1.921875,  2.000000
[287] : 1.765625,  1.765625
[288] : 2.500000,  4.125000
[289] : 5.203125,  5.546875
[290] : 16.093750,  16.265625
[291] : 4.890625,  5.125000
[292] : 4.593750,  4.593750
[293] : 48.218750,  48.843750
[294] : 25.593750,  43.843750
[295] : 4.734375,  4.687500
[296] : 4.000000,  4.078125
[297] : 3.140625,  3.140625
[298] : 5.875000,  5.828125
[299] : 4.437500,  4.437500
[300] : 3.609375,  3.609375
[301] : 3.593750,  3.437500
[302] : 5.921875,  5.921875
[303] : 4.140625,  4.140625
[304] : 3.093750,  3.281250
[305] : 3.046875,  3.078125
[306] : 2.781250,  2.750000
[307] : 3.906250,  3.906250
[308] : 3.953125,  4.000000
[309] : 3.250000,  2.921875
[310] : 3.343750,  3.359375
[311] : 1.890625,  1.890625
[312] : 2.109375,  2.109375
[313] : 3.640625,  3.687500
[314] : 2.781250,  2.781250
[315] : 2.625000,  2.500000
[316] : 2.671875,  2.671875
[317] : 2.031250,  2.031250
[318] : 2.156250,  2.156250
[319] : 1.796875,  1.796875
[320] : 5.421875,  5.515625
[321] : 3.843750,  3.843750
[322] : 14.296875,  30.781250
[323] : 8.859375,  8.859375
[324] : 3.203125,  3.203125
[325] : 3.453125,  3.453125
[326] : 34.218750,  34.593750
[327] : 29.671875,  30.953125
[328] : 3.796875,  3.796875
[329] : 3.015625,  3.078125
[330] : 4.343750,  4.343750
[331] : 4.750000,  4.734375
[332] : 2.906250,  2.906250
[333] : 4.703125,  6.453125
[334] : 5.406250,  5.531250
[335] : 3.890625,  3.843750
[336] : 3.703125,  3.546875
[337] : 3.109375,  4.515625
[338] : 4.062500,  4.078125
[339] : 3.515625,  3.765625
[340] : 3.187500,  2.656250
[341] : 1.968750,  1.968750
[342] : 2.765625,  2.765625
[343] : 1.515625,  1.515625
[344] : 1.671875,  1.671875
[345] : 1.625000,  1.640625
[346] : 1.843750,  1.843750
[347] : 2.656250,  2.656250
[348] : 2.375000,  2.375000
[349] : 2.093750,  2.093750
[350] : 2.375000,  2.375000
[351] : 1.843750,  1.843750
[352] : 3.125000,  8.031250
[353] : 2.015625,  2.109375
[354] : 10.187500,  10.187500
[355] : 26.609375,  26.609375
[356] : 40.812500,  113.937500
[357] : 39.718750,  40.656250
[358] : 51.640625,  73.656250
[359] : 56.531250,  62.312500
[360] : 3.203125,  3.203125
[361] : 3.359375,  3.343750
[362] : 3.046875,  3.046875
[363] : 3.578125,  3.578125
[364] : 2.234375,  2.218750
[365] : 5.531250,  5.578125
[366] : 4.703125,  4.703125
[367] : 3.828125,  3.859375
[368] : 3.500000,  3.718750
[369] : 4.953125,  4.796875
[370] : 4.156250,  4.156250
[371] : 2.718750,  2.718750
[372] : 2.140625,  2.140625
[373] : 1.906250,  1.906250
[374] : 2.312500,  2.312500
[375] : 2.000000,  2.000000
[376] : 8.687500,  29.046875
[377] : 1.468750,  1.421875
[378] : 1.453125,  1.453125
[379] : 1.593750,  1.593750
[380] : 2.109375,  2.109375
[381] : 2.453125,  2.109375
[382] : 1.531250,  1.484375
[383] : 1.796875,  1.359375
[384] : 39.734375,  156.562500
[385] : 1.468750,  1.265625
[386] : 3.125000,  3.125000
[387] : 24.109375,  26.062500
[388] : 29.781250,  31.296875
[389] : 34.500000,  36.515625
[390] : 41.562500,  52.921875
[391] : 41.312500,  58.515625
[392] : 9.031250,  9.734375
[393] : 14.515625,  13.718750
[394] : 4.093750,  3.890625
[395] : 6.640625,  6.843750
[396] : 3.203125,  3.203125
[397] : 4.890625,  4.906250
[398] : 3.281250,  3.328125
[399] : 5.265625,  5.265625
[400] : 4.718750,  4.718750
[401] : 5.171875,  5.250000
[402] : 4.812500,  5.656250
[403] : 6.062500,  5.906250
[404] : 21.343750,  22.046875
[405] : 29.031250,  47.125000
[406] : 6.593750,  8.625000
[407] : 39.203125,  43.406250
[408] : 33.078125,  48.843750
[409] : 16.015625,  15.890625
[410] : 4.281250,  4.421875
[411] : 4.265625,  4.187500
[412] : 3.312500,  3.312500
[413] : 3.109375,  3.109375
[414] : 5.046875,  5.046875
[415] : 6.484375,  6.437500
[416] : 31.781250,  90.281250
[417] : 2.328125,  2.328125
[418] : 4.125000,  4.125000
[419] : 30.531250,  30.515625
[420] : 22.515625,  83.937500
[421] : 29.171875,  28.531250
[422] : 53.125000,  53.187500
[423] : 37.484375,  37.531250
[424] : 9.359375,  38.328125
[425] : 20.546875,  94.343750
[426] : 17.187500,  17.937500
[427] : 30.453125,  30.656250
[428] : 15.078125,  25.234375
[429] : 31.156250,  37.796875
[430] : 11.546875,  12.093750
[431] : 40.578125,  40.484375
[432] : 37.640625,  37.640625
[433] : 13.250000,  32.750000
[434] : 17.000000,  17.218750
[435] : 22.531250,  51.328125
[436] : 17.062500,  21.109375
[437] : 48.234375,  82.921875
[438] : 50.890625,  76.781250
[439] : 44.234375,  44.140625
[440] : 43.312500,  43.843750
[441] : 29.812500,  57.265625
[442] : 9.156250,  9.156250
[443] : 7.218750,  6.750000
[444] : 7.031250,  7.109375
[445] : 7.796875,  8.546875
[446] : 5.562500,  5.562500
[447] : 7.406250,  7.000000
[448] : 47.937500,  54.562500
[449] : 25.312500,  29.593750
[450] : 34.578125,  37.578125
[451] : 14.875000,  21.984375
[452] : 33.656250,  33.656250
[453] : 23.546875,  104.109375
[454] : 10.656250,  10.656250
[455] : 21.015625,  29.296875
[456] : 46.453125,  71.156250
[457] : 48.203125,  75.890625
[458] : 15.296875,  15.796875
[459] : 6.562500,  6.562500
[460] : 12.125000,  14.187500
[461] : 6.875000,  7.062500
[462] : 22.750000,  216.656250
[463] : 59.000000,  118.453125
[464] : 51.140625,  97.515625
[465] : 49.656250,  52.343750
[466] : 46.828125,  46.875000
[467] : 48.203125,  65.984375
[468] : 44.328125,  43.937500
[469] : 28.890625,  30.859375
[470] : 21.187500,  21.203125
[471] : 17.937500,  198.437500
[472] : 19.031250,  19.031250
[473] : 23.328125,  24.984375
[474] : 13.609375,  13.968750
[475] : 23.843750,  27.687500
[476] : 17.812500,  18.484375
[477] : 10.750000,  10.484375
[478] : 11.828125,  11.718750
[479] : 8.750000,  8.750000
[480] : 40.812500,  41.859375
[481] : 29.312500,  29.921875
[482] : 11.500000,  11.406250
[483] : 41.546875,  43.250000
[484] : 8.359375,  8.281250
[485] : 20.421875,  20.484375
[486] : 10.812500,  10.671875
[487] : 14.765625,  14.781250
[488] : 22.890625,  22.796875
[489] : 20.093750,  237.125000
[490] : 16.359375,  16.359375
[491] : 8.859375,  8.890625
[492] : 15.390625,  15.515625
[493] : 7.484375,  7.437500
[494] : 5.140625,  5.343750
[495] : 12.890625,  12.765625
[496] : 14.468750,  14.328125
[497] : 10.312500,  10.796875
[498] : 10.890625,  35.703125
[499] : 11.500000,  11.500000
[500] : 10.578125,  11.718750
[501] : 10.046875,  10.046875
[502] : 12.218750,  11.656250
[503] : 9.437500,  13.031250
[504] : 6.359375,  14.093750
[505] : 12.859375,  12.859375
[506] : 34.812500,  34.953125
[507] : 22.937500,  22.906250
[508] : 15.671875,  15.875000
[509] : 15.609375,  16.296875
[510] : 13.281250,  13.359375
[511] : 16.156250,  17.171875
[512] : 31.140625,  31.281250
[513] : 45.093750,  126.921875
[514] : 22.187500,  22.265625
[515] : 32.109375,  34.421875
[516] : 5.265625,  4.718750
[517] : 7.187500,  7.234375
[518] : 25.781250,  25.937500
[519] : 20.640625,  25.750000
[520] : 27.921875,  27.953125
[521] : 15.421875,  15.671875
[522] : 20.406250,  20.453125
[523] : 13.265625,  12.859375
[524] : 30.953125,  36.343750
[525] : 22.875000,  22.390625
[526] : 24.015625,  25.265625
[527] : 14.265625,  13.890625
[528] : 11.421875,  11.625000
[529] : 16.531250,  16.796875
[530] : 13.125000,  13.484375
[531] : 12.593750,  12.453125
[532] : 12.343750,  12.343750
[533] : 30.437500,  31.250000
[534] : 32.796875,  81.015625
[535] : 15.390625,  15.390625
[536] : 12.828125,  11.656250
[537] : 2.890625,  2.890625
[538] : 9.281250,  9.281250
[539] : 2.015625,  2.015625
[540] : 2.859375,  2.859375
[541] : 2.562500,  2.562500
[542] : 2.218750,  2.218750
[543] : 7.640625,  7.656250
[544] : 46.859375,  49.156250
[545] : 32.812500,  35.046875
[546] : 16.515625,  16.500000
[547] : 24.250000,  41.796875
[548] : 35.171875,  37.796875
[549] : 39.125000,  46.031250
[550] : 60.921875,  80.343750
[551] : 31.953125,  87.796875
[552] : 36.031250,  38.375000
[553] : 7.140625,  7.140625
[554] : 32.906250,  303.671875
[555] : 19.500000,  108.593750
[556] : 28.687500,  28.234375
[557] : 24.843750,  25.046875
[558] : 25.031250,  25.234375
[559] : 31.109375,  318.625000
[560] : 29.140625,  29.343750
[561] : 42.187500,  42.312500
[562] : 41.328125,  41.125000
[563] : 7.109375,  7.109375
[564] : 5.531250,  12.890625
[565] : 20.156250,  23.515625
[566] : 3.500000,  3.187500
[567] : 2.984375,  3.031250
[568] : 4.500000,  4.500000
[569] : 2.406250,  2.515625
[570] : 1.750000,  1.750000
[571] : 1.078125,  1.078125
[572] : 3.234375,  3.234375
[573] : 1.687500,  1.687500
[574] : 1.859375,  1.859375
[575] : 6.468750,  7.078125
[576] : 39.140625,  44.531250
[577] : 33.515625,  249.187500
[578] : 15.875000,  15.890625
[579] : 47.250000,  50.375000
[580] : 41.531250,  45.031250
[581] : 34.062500,  34.484375
[582] : 41.812500,  55.578125
[583] : 40.500000,  40.281250
[584] : 28.062500,  85.250000
[585] : 26.000000,  26.000000
[586] : 30.359375,  37.203125
[587] : 15.281250,  32.312500
[588] : 35.687500,  35.578125
[589] : 30.859375,  106.281250
[590] : 35.343750,  36.281250
[591] : 25.187500,  26.875000
[592] : 34.687500,  160.968750
[593] : 43.609375,  67.109375
[594] : 26.578125,  29.546875
[595] : 24.250000,  24.250000
[596] : 15.187500,  44.078125
[597] : 19.593750,  20.968750
[598] : 4.531250,  4.546875
[599] : 1.765625,  1.828125
[600] : 3.156250,  3.156250
[601] : 29.609375,  29.812500
[602] : 8.828125,  8.468750
[603] : 1.265625,  1.390625
[604] : 1.796875,  1.812500
[605] : 1.125000,  1.140625
[606] : 1.109375,  1.109375
[607] : 4.953125,  4.375000
[608] : 36.437500,  56.203125
[609] : 29.328125,  31.187500
[610] : 20.453125,  20.265625
[611] : 29.531250,  29.671875
[612] : 16.609375,  16.609375
[613] : 35.343750,  54.859375
[614] : 35.359375,  39.562500
[615] : 41.343750,  5043.250000
[616] : 38.718750,  44.578125
[617] : 34.203125,  41.187500
[618] : 49.218750,  55.546875
[619] : 35.156250,  35.328125
[620] : 12.531250,  12.531250
[621] : 37.437500,  37.703125
[622] : 38.984375,  39.343750
[623] : 39.953125,  51.843750
[624] : 39.093750,  38.984375
[625] : 47.796875,  47.750000
[626] : 49.234375,  84.171875
[627] : 35.484375,  42.156250
[628] : 31.937500,  33.625000
[629] : 41.015625,  48.515625
[630] : 25.031250,  34.265625
[631] : 12.359375,  16.203125
[632] : 2.671875,  2.796875
[633] : 20.234375,  19.671875
[634] : 2.546875,  2.546875
[635] : 1.593750,  1.328125
[636] : 1.203125,  1.203125
[637] : 1.234375,  1.234375
[638] : 2.234375,  2.234375
[639] : 7.750000,  7.312500
[640] : 37.640625,  37.593750
[641] : 44.843750,  70.203125
[642] : 13.546875,  13.531250
[643] : 21.859375,  22.984375
[644] : 19.421875,  74.640625
[645] : 32.953125,  33.968750
[646] : 39.640625,  39.640625
[647] : 44.812500,  75.859375
[648] : 41.593750,  51.218750
[649] : 43.125000,  48.109375
[650] : 48.281250,  48.140625
[651] : 43.781250,  43.781250
[652] : 25.656250,  25.890625
[653] : 40.265625,  40.500000
[654] : 35.000000,  34.859375
[655] : 42.703125,  232.453125
[656] : 38.734375,  39.406250
[657] : 36.203125,  309.500000
[658] : 34.828125,  43.484375
[659] : 27.734375,  37.187500
[660] : 48.359375,  87.828125
[661] : 30.718750,  101.718750
[662] : 41.906250,  41.078125
[663] : 27.531250,  134.468750
[664] : 33.687500,  33.687500
[665] : 33.921875,  33.921875
[666] : 3.015625,  3.015625
[667] : 1.125000,  1.125000
[668] : 1.265625,  1.265625
[669] : 1.546875,  1.562500
[670] : 24.500000,  27.109375
[671] : 27.031250,  27.031250
[672] : 22.078125,  22.031250
[673] : 16.843750,  18.156250
[674] : 27.968750,  28.781250
[675] : 23.578125,  23.578125
[676] : 24.312500,  24.375000
[677] : 37.546875,  47.140625
[678] : 30.593750,  30.593750
[679] : 28.453125,  28.453125
[680] : 32.937500,  33.484375
[681] : 47.687500,  1318.453125
[682] : 41.640625,  44.890625
[683] : 46.796875,  55.359375
[684] : 46.093750,  46.234375
[685] : 26.171875,  26.421875
[686] : 35.765625,  37.015625
[687] : 24.671875,  101.203125
[688] : 40.390625,  252.484375
[689] : 32.390625,  32.390625
[690] : 46.906250,  123.312500
[691] : 32.687500,  48.828125
[692] : 26.406250,  26.406250
[693] : 33.953125,  34.203125
[694] : 31.593750,  33.109375
[695] : 33.875000,  39.375000
[696] : 35.031250,  37.093750
[697] : 4.343750,  4.218750
[698] : 3.328125,  5.015625
[699] : 3.750000,  3.750000
[700] : 0.984375,  0.984375
[701] : 0.843750,  0.718750
[702] : 5.609375,  5.609375
[703] : 14.765625,  14.421875
[704] : 7.500000,  11.421875
[705] : 2.500000,  2.453125
[706] : 28.703125,  28.593750
[707] : 25.015625,  39.328125
[708] : 13.859375,  14.046875
[709] : 21.953125,  27.828125
[710] : 16.937500,  17.078125
[711] : 40.328125,  40.328125
[712] : 39.187500,  39.234375
[713] : 41.671875,  88.312500
[714] : 40.359375,  40.328125
[715] : 22.703125,  49.046875
[716] : 36.531250,  36.515625
[717] : 39.390625,  183.953125
[718] : 27.187500,  27.187500
[719] : 50.328125,  52.171875
[720] : 27.218750,  26.687500
[721] : 40.546875,  40.921875
[722] : 25.437500,  35.234375
[723] : 41.921875,  139.937500
[724] : 43.109375,  43.625000
[725] : 30.875000,  30.984375
[726] : 30.265625,  44.500000
[727] : 34.812500,  34.781250
[728] : 33.687500,  33.578125
[729] : 15.421875,  15.109375
[730] : 21.859375,  46.000000
[731] : 2.359375,  2.171875
[732] : 1.453125,  1.437500
[733] : 1.296875,  1.296875
[734] : 1.343750,  1.343750
[735] : 2.843750,  2.843750
[736] : 3.187500,  6.921875
[737] : 2.156250,  2.156250
[738] : 3.781250,  3.703125
[739] : 5.093750,  5.171875
[740] : 28.406250,  28.312500
[741] : 36.796875,  38.296875
[742] : 30.218750,  41.718750
[743] : 14.171875,  14.656250
[744] : 9.843750,  9.890625
[745] : 42.828125,  43.015625
[746] : 9.046875,  8.937500
[747] : 25.546875,  25.187500
[748] : 29.296875,  625.687500
[749] : 29.046875,  29.500000
[750] : 24.484375,  24.375000
[751] : 26.406250,  38.359375
[752] : 26.156250,  27.093750
[753] : 26.265625,  33.687500
[754] : 31.031250,  31.687500
[755] : 45.640625,  346.500000
[756] : 29.843750,  41.296875
[757] : 34.578125,  422.765625
[758] : 31.671875,  31.656250
[759] : 28.578125,  29.984375
[760] : 36.515625,  39.750000
[761] : 22.250000,  22.890625
[762] : 29.234375,  29.234375
[763] : 8.359375,  8.406250
[764] : 2.250000,  2.265625
[765] : 2.125000,  1.890625
[766] : 0.640625,  0.640625
[767] : 3.687500,  3.687500
[768] : 2.421875,  3.156250
[769] : 2.531250,  2.578125
[770] : 2.562500,  2.562500
[771] : 2.046875,  2.046875
[772] : 2.656250,  2.656250
[773] : 4.718750,  4.718750
[774] : 4.828125,  4.984375
[775] : 5.421875,  6.265625
[776] : 4.937500,  4.843750
[777] : 20.734375,  20.906250
[778] : 19.375000,  19.375000
[779] : 25.031250,  25.109375
[780] : 32.828125,  33.500000
[781] : 23.125000,  23.125000
[782] : 17.375000,  17.390625
[783] : 20.828125,  21.156250
[784] : 26.546875,  32.078125
[785] : 44.031250,  43.937500
[786] : 35.093750,  527.671875
[787] : 51.625000,  51.625000
[788] : 21.765625,  22.000000
[789] : 28.359375,  28.578125
[790] : 48.281250,  51.812500
[791] : 37.031250,  37.453125
[792] : 31.921875,  31.921875
[793] : 26.203125,  48.515625
[794] : 39.109375,  39.109375
[795] : 12.750000,  20.671875
[796] : 5.843750,  5.171875
[797] : 4.750000,  4.750000
[798] : 1.000000,  1.000000
[799] : 1.906250,  1.921875
[800] : 2.265625,  3.656250
[801] : 2.468750,  2.468750
[802] : 2.843750,  2.890625
[803] : 1.609375,  1.625000
[804] : 1.828125,  1.812500
[805] : 2.671875,  2.593750
[806] : 3.546875,  3.500000
[807] : 5.546875,  5.562500
[808] : 6.718750,  11.125000
[809] : 32.578125,  53.343750
[810] : 53.171875,  53.156250
[811] : 23.656250,  23.656250
[812] : 27.265625,  29.890625
[813] : 19.453125,  20.593750
[814] : 9.375000,  9.453125
[815] : 21.343750,  22.890625
[816] : 37.265625,  150.593750
[817] : 32.640625,  32.984375
[818] : 53.437500,  56.500000
[819] : 41.015625,  41.296875
[820] : 33.578125,  35.015625
[821] : 27.984375,  45.390625
[822] : 47.968750,  47.828125
[823] : 39.953125,  40.375000
[824] : 44.546875,  94.609375
[825] : 46.718750,  46.843750
[826] : 34.859375,  50.515625
[827] : 22.734375,  35.062500
[828] : 11.546875,  11.656250
[829] : 3.484375,  3.484375
[830] : 1.265625,  1.281250
[831] : 1.140625,  1.093750
[832] : 4.562500,  7.265625
[833] : 1.734375,  1.671875
[834] : 1.796875,  1.796875
[835] : 1.312500,  1.312500
[836] : 2.109375,  2.046875
[837] : 1.828125,  1.828125
[838] : 9.281250,  9.281250
[839] : 11.078125,  11.078125
[840] : 4.406250,  4.406250
[841] : 13.359375,  13.171875
[842] : 24.906250,  25.093750
[843] : 29.203125,  28.750000
[844] : 11.062500,  11.109375
[845] : 17.296875,  33.171875
[846] : 14.984375,  21.875000
[847] : 28.578125,  30.515625
[848] : 38.968750,  38.968750
[849] : 35.890625,  35.781250
[850] : 35.953125,  39.078125
[851] : 23.375000,  24.406250
[852] : 21.343750,  27.000000
[853] : 27.093750,  27.093750
[854] : 27.578125,  30.203125
[855] : 17.296875,  17.500000
[856] : 38.765625,  39.093750
[857] : 62.031250,  63.140625
[858] : 30.671875,  30.843750
[859] : 10.375000,  10.031250
[860] : 23.421875,  25.312500
[861] : 12.468750,  24.781250
[862] : 0.890625,  0.890625
[863] : 1.234375,  1.234375
[864] : 3.453125,  3.343750
[865] : 1.546875,  1.531250
[866] : 1.937500,  1.937500
[867] : 1.171875,  1.171875
[868] : 1.562500,  1.562500
[869] : 1.796875,  1.546875
[870] : 1.765625,  1.765625
[871] : 1.468750,  1.312500
[872] : 3.203125,  3.203125
[873] : 2.984375,  2.937500
[874] : 4.546875,  4.593750
[875] : 2.609375,  2.296875
[876] : 4.484375,  4.359375
[877] : 5.046875,  5.031250
[878] : 24.140625,  24.781250
[879] : 38.875000,  41.203125
[880] : 35.390625,  47.015625
[881] : 34.203125,  59.265625
[882] : 27.187500,  70.093750
[883] : 30.750000,  30.375000
[884] : 30.578125,  30.968750
[885] : 35.515625,  35.515625
[886] : 38.078125,  37.843750
[887] : 17.359375,  58.265625
[888] : 29.609375,  36.000000
[889] : 27.625000,  28.687500
[890] : 37.343750,  37.187500
[891] : 23.703125,  24.000000
[892] : 8.703125,  8.500000
[893] : 17.171875,  20.375000
[894] : 3.125000,  3.062500
[895] : 1.203125,  1.156250
[896] : 2.312500,  3.828125
[897] : 1.859375,  1.859375
[898] : 2.515625,  2.515625
[899] : 1.500000,  1.500000
[900] : 2.312500,  2.312500
[901] : 1.921875,  1.921875
[902] : 1.734375,  1.656250
[903] : 1.968750,  1.968750
[904] : 2.484375,  2.468750
[905] : 4.015625,  4.078125
[906] : 2.687500,  2.687500
[907] : 2.578125,  2.578125
[908] : 3.281250,  3.281250
[909] : 18.890625,  18.609375
[910] : 44.515625,  78.406250
[911] : 27.812500,  27.812500
[912] : 34.343750,  150.750000
[913] : 30.859375,  30.359375
[914] : 42.234375,  43.265625
[915] : 39.984375,  72.359375
[916] : 42.375000,  43.000000
[917] : 25.281250,  24.546875
[918] : 27.343750,  83.796875
[919] : 25.406250,  25.359375
[920] : 25.906250,  29.156250
[921] : 22.593750,  23.015625
[922] : 38.718750,  38.796875
[923] : 36.500000,  304.343750
[924] : 37.328125,  37.093750
[925] : 36.765625,  314.125000
[926] : 11.734375,  11.468750
[927] : 1.671875,  1.671875
[928] : 5.781250,  5.812500
[929] : 3.812500,  3.812500
[930] : 2.625000,  2.625000
[931] : 2.484375,  2.484375
[932] : 2.609375,  2.609375
[933] : 2.812500,  2.812500
[934] : 2.718750,  2.718750
[935] : 1.734375,  1.734375
[936] : 2.281250,  2.281250
[937] : 2.843750,  2.593750
[938] : 9.656250,  12.734375
[939] : 6.734375,  6.328125
[940] : 6.187500,  6.187500
[941] : 31.578125,  31.625000
[942] : 10.656250,  10.203125
[943] : 10.593750,  10.593750
[944] : 19.015625,  19.015625
[945] : 7.562500,  7.609375
[946] : 16.140625,  16.140625
[947] : 21.703125,  21.984375
[948] : 26.656250,  28.250000
[949] : 26.234375,  26.187500
[950] : 40.562500,  40.140625
[951] : 14.359375,  14.250000
[952] : 19.531250,  23.187500
[953] : 18.875000,  35.468750
[954] : 23.890625,  43.906250
[955] : 33.140625,  34.078125
[956] : 19.406250,  19.343750
[957] : 25.984375,  43.390625
[958] : 27.984375,  27.984375
[959] : 22.031250,  22.031250
[960] : 11.734375,  11.734375
[961] : 6.812500,  6.625000
[962] : 3.750000,  3.750000
[963] : 4.578125,  4.562500
[964] : 3.718750,  3.718750
[965] : 4.421875,  4.421875
[966] : 5.218750,  5.218750
[967] : 3.546875,  3.546875
[968] : 3.078125,  3.078125
[969] : 13.062500,  12.656250
[970] : 20.156250,  19.890625
[971] : 7.468750,  7.281250
[972] : 4.687500,  4.687500
[973] : 19.031250,  18.171875
[974] : 2.640625,  2.640625
[975] : 3.250000,  2.562500
[976] : 4.765625,  5.484375
[977] : 3.328125,  3.406250
[978] : 6.484375,  6.484375
[979] : 8.750000,  8.750000
[980] : 20.531250,  27.234375
[981] : 32.468750,  82.375000
[982] : 18.671875,  19.125000
[983] : 17.296875,  17.421875
[984] : 11.281250,  12.156250
[985] : 15.937500,  15.734375
[986] : 16.859375,  19.093750
[987] : 28.015625,  28.890625
[988] : 22.875000,  46.843750
[989] : 36.640625,  36.578125
[990] : 35.781250,  61.890625
[991] : 30.000000,  29.953125
[992] : 18.328125,  18.328125
[993] : 4.000000,  4.281250
[994] : 3.578125,  3.609375
[995] : 3.421875,  3.546875
[996] : 4.218750,  4.234375
[997] : 3.296875,  3.296875
[998] : 5.031250,  5.015625
[999] : 3.328125,  3.375000
[1000] : 3.171875,  3.187500
[1001] : 4.031250,  4.484375
[1002] : 2.984375,  2.687500
[1003] : 2.406250,  2.531250
[1004] : 6.000000,  5.828125
[1005] : 4.359375,  4.375000
[1006] : 5.531250,  5.500000
[1007] : 3.593750,  3.640625
[1008] : 5.718750,  5.687500
[1009] : 2.343750,  2.453125
[1010] : 3.265625,  3.296875
[1011] : 5.546875,  5.906250
[1012] : 6.609375,  6.765625
[1013] : 7.562500,  7.531250
[1014] : 12.328125,  14.140625
[1015] : 15.671875,  16.156250
[1016] : 15.343750,  21.046875
[1017] : 19.765625,  19.843750
[1018] : 32.781250,  41.796875
[1019] : 21.953125,  22.812500
[1020] : 22.156250,  22.500000
[1021] : 20.890625,  20.312500
[1022] : 35.000000,  39.453125
[1023] : 17.921875,  18.453125