

 [80] ******************************************************

 [99 , 99, 99]  131347.645610 vs 126915.527170 >>  4432.118440  :  0.000000  (0)

 [70] ******************************************************

 [99 , 99, 99]  109138.657973 vs 105967.759317 >>  3170.898657  :  0.000000  (0)

 [60] ******************************************************

 [99 , 99, 99]  95498.035203 vs 92754.271743 >>  2743.763461  :  0.000000  (0)

 [50] ******************************************************

 [99 , 99, 99]  84826.251863 vs 82556.229214 >>  2270.022649  :  0.000000  (0)

 [40] ******************************************************

 [14 , 59, 61]  73554.422273 vs 71845.548116 >>  1708.874157  :  85.546875  (1)
[465]    86  [14, 59, 61]

 [30] ******************************************************

 [58 , 59, 61]  62483.579989 vs 61302.141027 >>  1181.438961  :  224.265625  (2)
[456]    10  [58, 61]
[465]    214  [58, 59, 61]