 now Q is 30

basis_ent0 = 0.010714
 [22 , 51, 55]  0.010714 + 0.006940 >>  0.016170  :  1080.250000  (61)
 [51 , 55, 62]  0.010714 + 0.007585 <  0.016170  :  1035.046875  (51)
 [22 , 49, 55]  0.010714 + 0.005845 <  0.016170  :  972.656250  (57)
 [22 , 43, 55]  0.010714 + 0.005044 <  0.016170  :  958.093750  (52)
 [49 , 51, 55]  0.010714 + 0.006770 <  0.016170  :  957.906250  (53)
 [22 , 25, 55]  0.010714 + 0.005173 <  0.016170  :  953.906250  (54)
 [22 , 34, 55]  0.010714 + 0.005494 <  0.016170  :  950.093750  (54)
 [22 , 31, 55]  0.010714 + 0.005221 <  0.016170  :  943.625000  (53)
 [22 , 32, 55]  0.010714 + 0.005782 <  0.016170  :  941.765625  (54)
 [22 , 26, 55]  0.010714 + 0.005153 <  0.016170  :  939.890625  (53)

 [22 , 55, 99]  0.010714 + 0.006097 <  0.010780  :  912.859375  (52)
 [51 , 55, 99]  0.010714 + 0.006187 <  0.010780  :  838.375000  (40)
 [49 , 55, 99]  0.010714 + 0.005169 <  0.010780  :  764.671875  (39)
 [43 , 55, 99]  0.010714 + 0.004146 <  0.010780  :  751.453125  (32)
 [50 , 55, 99]  0.010714 + 0.004487 <  0.010780  :  737.515625  (35)
 [10 , 55, 99]  0.010714 + 0.005181 <  0.010780  :  724.750000  (32)
 [21 , 55, 99]  0.010714 + 0.004703 <  0.010780  :  724.187500  (32)
 [27 , 55, 99]  0.010714 + 0.004438 <  0.010780  :  723.218750  (31)
 [25 , 55, 99]  0.010714 + 0.004556 <  0.010780  :  721.312500  (32)
 [8 , 55, 99]  0.010714 + 0.004155 <  0.010780  :  718.468750  (30)

 [55 , 99, 99]  0.010714 + 0.005117 <  0.005390  :  676.531250  (30)
 [51 , 99, 99]  0.010714 + 0.002258 <  0.005390  :  133.812500  (13)
 [22 , 99, 99]  0.010714 + 0.001669 <  0.005390  :  123.343750  (30)
 [49 , 99, 99]  0.010714 + 0.000482 <  0.005390  :  47.812500  (15)
 [10 , 99, 99]  0.010714 + 0.000715 <  0.005390  :  35.656250  (3)
 [43 , 99, 99]  0.010714 + 0.000117 <  0.005390  :  26.953125  (6)
 [30 , 99, 99]  0.010714 + 0.000123 <  0.005390  :  20.906250  (5)
 [56 , 99, 99]  0.010714 + 0.000085 <  0.005390  :  19.156250  (7)
 [16 , 99, 99]  0.010714 + 0.000106 <  0.005390  :  18.343750  (5)
 [9 , 99, 99]  0.010714 + 0.000093 <  0.005390  :  18.125000  (5)
22, 51, 55