

 [80] ******************************************************

 [10 , 11, 35]  121891.745328 vs 117397.795534 >>  4493.949794  :  52.437500  (9)
 [45]    0.062500 (1)
 [111]    0.625000 (1)
 [113]    0.312500 (1)
 [146]    0.234375 (1)
 [166]    0.281250 (1)
 [177]    0.093750 (1)
 [210]    0.406250 (1)
 [298]    0.437500 (1)
 [722]    49.984375 (3)

 [70] ******************************************************

 [10 , 11, 35]  100181.443032 vs 97187.259591 >>  2994.183441  :  161.796875  (2)
 [177]    1.187500 (1)
 [722]    160.609375 (3)

 [60] ******************************************************

 [10 , 35, 54]  86232.334477 vs 84038.029722 >>  2194.304755  :  417.390625  (2)
 [722]    165.703125 (3)
 [755]    251.687500 (3)

 [50] ******************************************************

 [10 , 35, 54]  75162.802696 vs 73680.785760 >>  1482.016936  :  493.000000  (2)
 [722]    249.906250 (3)
 [755]    243.093750 (3)

 [40] ******************************************************

 [10 , 35, 54]  64956.747797 vs 63812.234176 >>  1144.513620  :  534.500000  (2)
 [722]    308.187500 (3)
 [755]    226.312500 (3)

 [30] ******************************************************

 [10 , 12, 35]  54436.507764 vs 53493.523526 >>  942.984238  :  1050.531250  (3)
 [722]    142.875000 (1)
 [755]    406.000000 (3)
 [788]    501.656250 (3)