

 [80] ******************************************************

 [99 , 99, 99]  152718.430809 vs 150164.197719 >>  2554.233090  :  0.000000  (0)

 [70] ******************************************************

 [99 , 99, 99]  131002.014504 vs 129174.000657 >>  1828.013847  :  0.000000  (0)

 [60] ******************************************************

 [99 , 99, 99]  116495.898057 vs 115168.145794 >>  1327.752263  :  0.000000  (0)

 [50] ******************************************************

 [99 , 99, 99]  102911.142500 vs 101175.345697 >>  1735.796803  :  0.000000  (0)

 [40] ******************************************************

 [0 , 1, 22]  88822.025518 vs 87193.017797 >>  1629.007721  :  130.437500  (1)
 [674]    130.437500 (1)  [22]

 [30] ******************************************************

 [22 , 38, 63]  72878.288091 vs 71531.191078 >>  1347.097012  :  318.718750  (2)
 [343]    89.531250 (2)  [38, 63]
 [674]    229.187500 (1)  [22]