

 [80] ******************************************************

 [37 , 56, 59]  131347.645610 vs 127093.217785 >>  4254.427825  :  86.015625  (1)
[857]    86  [37, 56, 59]

 [70] ******************************************************

 [12 , 20, 50]  109138.657973 vs 106080.397560 >>  3058.260413  :  138.046875  (2)
[750]    51  [12, 20]
[788]    87  [20, 50]

 [60] ******************************************************

 [1 , 55, 58]  95498.035203 vs 92787.713963 >>  2710.321240  :  211.750000  (3)
[468]    140  [1, 55, 58]
[915]    30  [1, 55, 58]
[918]    42  [58]

 [50] ******************************************************

 [1 , 55, 58]  84826.251863 vs 82693.231328 >>  2133.020535  :  293.593750  (3)
[468]    170  [1, 55, 58]
[915]    60  [1, 55, 58]
[918]    64  [58]

 [40] ******************************************************

 [1 , 55, 58]  73554.422273 vs 71814.957615 >>  1739.464659  :  333.781250  (3)
[468]    217  [1, 55, 58]
[915]    59  [1, 55, 58]
[918]    58  [58]

 [30] ******************************************************

 [1 , 55, 58]  62483.579989 vs 61439.451282 >>  1044.128706  :  465.078125  (4)
[62]    3  [55]
[468]    260  [1, 55, 58]
[915]    97  [1, 55, 58]
[918]    105  [58]