basis_ent0 = 0.015039
 [21 , 43, 48]  0.015039 + 0.002458 >>  0.015604  :  3440.125000  (43)
 [21 , 43, 49]  0.015039 + 0.001781 <  0.015604  :  3063.484375  (39)
 [21 , 26, 48]  0.015039 + 0.003126 <  0.015604  :  2929.296875  (34)
 [21 , 26, 43]  0.015039 + 0.002811 <  0.015604  :  2884.171875  (40)
 [19 , 21, 43]  0.015039 + 0.002026 <  0.015604  :  2857.656250  (41)
 [16 , 21, 43]  0.015039 + 0.001370 <  0.015604  :  2832.484375  (35)
 [21 , 43, 46]  0.015039 + 0.002330 <  0.015604  :  2820.015625  (36)
 [21 , 46, 48]  0.015039 + 0.002140 <  0.015604  :  2815.296875  (29)
 [21 , 26, 60]  0.015039 + 0.002553 <  0.015604  :  2765.046875  (21)
 [21 , 32, 43]  0.015039 + 0.002514 <  0.015604  :  2761.187500  (40)

 [21 , 48, 99]  0.015039 + 0.001965 <  0.010403  :  2133.171875  (23)
 [21 , 43, 99]  0.015039 + 0.002211 <  0.010403  :  2130.093750  (29)
 [21 , 46, 99]  0.015039 + 0.001895 <  0.010403  :  2058.734375  (18)
 [21 , 32, 99]  0.015039 + 0.002099 <  0.010403  :  1927.125000  (23)
 [21 , 49, 99]  0.015039 + 0.001293 <  0.010403  :  1924.859375  (19)
 [11 , 21, 99]  0.015039 + 0.001319 <  0.010403  :  1921.171875  (16)
 [21 , 26, 99]  0.015039 + 0.001908 <  0.010403  :  1898.125000  (21)
 [21 , 56, 99]  0.015039 + 0.001570 <  0.010403  :  1811.156250  (14)
 [21 , 60, 99]  0.015039 + 0.001250 <  0.010403  :  1810.625000  (16)
 [4 , 21, 99]  0.015039 + 0.001277 <  0.010403  :  1788.453125  (15)

 [21 , 99, 99]  0.015039 + 0.001292 <  0.005201  :  1508.421875  (12)
 [46 , 99, 99]  0.015039 + 0.000876 <  0.005201  :  474.109375  (5)
 [43 , 99, 99]  0.015039 + 0.001179 <  0.005201  :  428.781250  (13)
 [11 , 99, 99]  0.015039 + 0.000272 <  0.005201  :  357.078125  (2)
 [32 , 99, 99]  0.015039 + 0.000866 <  0.005201  :  320.765625  (10)
 [48 , 99, 99]  0.015039 + 0.000958 <  0.005201  :  304.859375  (8)
 [60 , 99, 99]  0.015039 + 0.000433 <  0.005201  :  236.609375  (3)
 [56 , 99, 99]  0.015039 + 0.000378 <  0.005201  :  229.875000  (2)
 [26 , 99, 99]  0.015039 + 0.000411 <  0.005201  :  199.531250  (8)
 [59 , 99, 99]  0.015039 + 0.000266 <  0.005201  :  197.734375  (6)
21, 43, 48