
 now Q is 30

 now outputing  - - - -> end


basis_ent0 = 0.010908
 [28 , 53, 58]  0.010908 + 0.002735 >>  0.012983  :  1630.046875  (5)
 [53 , 58, 62]  0.010908 + 0.002465 <  0.012983  :  1486.156250  (6)
 [8 , 53, 58]  0.010908 + 0.002119 <  0.012983  :  1469.625000  (3)
 [48 , 53, 58]  0.010908 + 0.002829 <  0.012983  :  1450.531250  (6)
 [53 , 54, 58]  0.010908 + 0.002306 <  0.012983  :  1450.093750  (5)
 [29 , 53, 58]  0.010908 + 0.002559 <  0.012983  :  1445.453125  (6)
 [33 , 53, 58]  0.010908 + 0.002563 <  0.012983  :  1439.984375  (7)
 [44 , 53, 58]  0.010908 + 0.002563 <  0.012983  :  1439.921875  (5)
 [11 , 53, 58]  0.010908 + 0.002607 <  0.012983  :  1425.296875  (6)
 [43 , 53, 58]  0.010908 + 0.002219 <  0.012983  :  1415.062500  (4)

 [53 , 58, 99]  0.010908 + 0.002195 <  0.008655  :  1225.328125  (3)
 [28 , 58, 99]  0.010908 + 0.002162 <  0.008655  :  939.890625  (4)
 [8 , 58, 99]  0.010908 + 0.001589 <  0.008655  :  854.171875  (2)
 [54 , 58, 99]  0.010908 + 0.001733 <  0.008655  :  824.296875  (4)
 [43 , 58, 99]  0.010908 + 0.001646 <  0.008655  :  789.234375  (3)
 [48 , 58, 99]  0.010908 + 0.002259 <  0.008655  :  777.484375  (5)
 [58 , 62, 99]  0.010908 + 0.001965 <  0.008655  :  766.437500  (6)
 [44 , 58, 99]  0.010908 + 0.001994 <  0.008655  :  764.921875  (4)
 [11 , 58, 99]  0.010908 + 0.002011 <  0.008655  :  751.578125  (4)
 [1 , 58, 99]  0.010908 + 0.002018 <  0.008655  :  739.312500  (4)

 [58 , 99, 99]  0.010908 + 0.001608 <  0.004328  :  539.156250  (2)
 [28 , 99, 99]  0.010908 + 0.000530 <  0.004328  :  328.593750  (1)
 [48 , 99, 99]  0.010908 + 0.000600 <  0.004328  :  211.828125  (2)
 [53 , 99, 99]  0.010908 + 0.000620 <  0.004328  :  198.546875  (1)
 [56 , 99, 99]  0.010908 + 0.000405 <  0.004328  :  175.687500  (1)
 [62 , 99, 99]  0.010908 + 0.000372 <  0.004328  :  167.781250  (3)
 [29 , 99, 99]  0.010908 + 0.000369 <  0.004328  :  166.156250  (2)
 [33 , 99, 99]  0.010908 + 0.000367 <  0.004328  :  140.375000  (3)
 [16 , 99, 99]  0.010908 + 0.000247 <  0.004328  :  127.359375  (1)
 [11 , 99, 99]  0.010908 + 0.000371 <  0.004328  :  123.171875  (1)
28, 53, 58