

 [80] ******************************************************

 [99 , 99, 99]  152718.430809 vs 149461.962712 >>  3256.468097  :  0.000000  (0)

 [70] ******************************************************

 [3 , 10, 15]  131002.014504 vs 128656.948192 >>  2345.066313  :  114.890625  (1)
[423]    115  [3, 10, 15]

 [60] ******************************************************

 [3 , 10, 15]  116495.898057 vs 114659.372549 >>  1836.525508  :  119.609375  (1)
[423]    120  [3, 10, 15]

 [50] ******************************************************

 [3 , 10, 15]  102911.142500 vs 100712.248269 >>  2198.894231  :  209.046875  (1)
[423]    209  [3, 10, 15]

 [40] ******************************************************

 [10 , 15, 20]  88822.025518 vs 86668.755842 >>  2153.269676  :  530.937500  (4)
[423]    213  [10, 15, 20]
[678]    34  [10, 15]
[740]    132  [10, 15, 20]
[837]    152  [20]

 [30] ******************************************************

 [10 , 15, 20]  72878.288091 vs 71080.582796 >>  1797.705295  :  1377.265625  (6)
[343]    124  [10, 15, 20]
[423]    336  [10, 15, 20]
[455]    56  [10, 15]
[678]    205  [10, 15]
[740]    393  [10, 15, 20]
[837]    262  [20]