

 [80] ******************************************************

 [99 , 99, 99]  131347.645610 vs 126915.527170 >>  4432.118440  :  0.000000  (0)

 [70] ******************************************************

 [13 , 15, 35]  109138.657973 vs 106136.832998 >>  3001.824976  :  71.515625  (1)
[818]    72  [13, 15, 35]

 [60] ******************************************************

 [13 , 15, 35]  95498.035203 vs 92940.674007 >>  2557.361197  :  83.531250  (1)
[818]    84  [13, 15, 35]

 [50] ******************************************************

 [17 , 44, 63]  84826.251863 vs 82867.458806 >>  1958.793057  :  96.046875  (1)
[627]    96  [17, 44, 63]

 [40] ******************************************************

 [13 , 15, 35]  73554.422273 vs 71854.225439 >>  1700.196835  :  121.484375  (1)
[818]    121  [13, 15, 35]

 [30] ******************************************************

 [11 , 23, 55]  62483.579989 vs 61474.791043 >>  1008.788946  :  218.828125  (1)
[465]    219  [11, 23, 55]