

 [80] ******************************************************

 [45 , 60, 62]  152718.430809 vs 149271.987073 >>  3446.443735  :  135.875000  (3)
[709]    40  [45, 60]
[740]    61  [45, 60, 62]
[932]    34  [60, 62]
[312]    73  [5, 15]
[740]    57  [5, 15, 62]
[312]    73  [5, 15, 45]
[709]    53  [5, 15, 45]
[312]    73  [5, 15]
[771]    51  [5, 15, 52]
[517]    30  [12, 60, 62]
[740]    60  [60, 62]
[932]    34  [60, 62]

 [70] ******************************************************

 [12 , 60, 62]  131002.014504 vs 128359.801438 >>  2642.213067  :  368.531250  (3)
[517]    111  [12, 60, 62]
[740]    177  [60, 62]
[932]    87  [60, 62]
[468]    63  [57, 60]
[740]    181  [57, 60, 62]
[932]    87  [57, 60, 62]
[646]    70  [29, 60, 62]
[740]    177  [60, 62]
[932]    87  [60, 62]
[709]    53  [45, 60]
[740]    178  [45, 60, 62]
[932]    87  [60, 62]
[740]    179  [32, 60, 62]
[932]    87  [60, 62]
[989]    48  [32, 60, 62]

 [60] ******************************************************

 [52 , 60, 62]  116495.898057 vs 114375.338584 >>  2120.559473  :  545.375000  (3)
[740]    208  [52, 60, 62]
[771]    171  [52, 60, 62]
[932]    166  [52, 60, 62]
[517]    155  [12, 60, 62]
[740]    208  [60, 62]
[932]    166  [60, 62]
[340]    123  [49]
[740]    208  [60, 62]
[932]    166  [60, 62]
[468]    117  [57, 60]
[740]    212  [57, 60, 62]
[932]    167  [57, 60, 62]
[340]    170  [12, 49]
[517]    151  [12, 49, 62]
[740]    170  [62]

 [50] ******************************************************

 [12 , 49, 62]  102911.142500 vs 100499.340366 >>  2411.802134  :  617.609375  (3)
[340]    241  [12, 49]
[517]    203  [12, 49, 62]
[740]    173  [62]
[340]    241  [12, 49]
[517]    207  [12, 49, 60]
[932]    150  [60]
[93]    87  [14]
[340]    277  [12, 14, 49]
[517]    206  [12, 14, 49]
[517]    207  [12, 60, 62]
[740]    211  [60, 62]
[932]    157  [60, 62]
[340]    259  [0, 12, 49]
[517]    195  [12, 49]
[990]    113  [0]

 [40] ******************************************************

 [52 , 60, 62]  88822.025518 vs 86659.165408 >>  2162.860109  :  1188.437500  (3)
[740]    495  [52, 60, 62]
[771]    373  [52, 60, 62]
[932]    320  [52, 60, 62]
[423]    254  [50, 60, 62]
[736]    5  [50]
[740]    495  [60, 62]
[768]    0  [50]
[800]    7  [50, 60, 62]
[932]    319  [60, 62]
[673]    212  [25, 52]
[675]    13  [25, 62]
[740]    475  [25, 52, 62]
[771]    297  [25, 52, 62]
[931]    43  [25, 52]
[517]    222  [12, 60, 62]
[736]    6  [12]
[740]    495  [60, 62]
[932]    319  [60, 62]
[517]    223  [12, 25, 62]
[673]    212  [12, 25]
[675]    13  [25, 62]
[736]    6  [12]
[740]    474  [25, 62]
[931]    110  [12, 25]

 [30] ******************************************************

 [25 , 52, 62]  72878.288091 vs 71167.879603 >>  1710.408488  :  2013.390625  (6)
[673]    436  [25, 52]
[678]    10  [25, 52, 62]
[740]    737  [25, 52, 62]
[771]    563  [25, 52, 62]
[800]    5  [62]
[931]    263  [25, 52]
[740]    756  [52, 60, 62]
[771]    640  [52, 60, 62]
[800]    5  [62]
[932]    489  [52, 60, 62]
[673]    419  [25, 60, 62]
[740]    756  [60, 62]
[800]    5  [62]
[931]    188  [25]
[932]    489  [60, 62]
[93]    166  [14, 25]
[673]    416  [25]
[740]    737  [14, 25, 62]
[800]    5  [62]
[931]    416  [14, 25]
[946]    63  [14, 62]
[517]    292  [12, 25, 62]
[673]    435  [12, 25]
[740]    735  [25, 62]
[800]    5  [62]
[931]    331  [12, 25]