
 [99 , 99, 99]  351669.645418 vs 348032.402595 >>  3637.242822  :  0.000000  (0)
 [99 , 99, 99]  351669.645418 vs 348032.402595 <  3637.242822  :  0.000000  (0)
 [99 , 99, 99]  351669.645418 vs 348032.402595 <  3637.242822  :  0.000000  (0)
 [99 , 99, 99]  351669.645418 vs 348032.402595 <  3637.242822  :  0.000000  (0)
 [99 , 99, 99]  351669.645418 vs 348032.402595 <  3637.242822  :  0.000000  (0)
 [99 , 99, 99]  351669.645418 vs 348032.402595 <  3637.242822  :  0.000000  (0)
 [99 , 99, 99]  351669.645418 vs 348032.402595 <  3637.242822  :  0.000000  (0)
 [99 , 99, 99]  351669.645418 vs 348032.402595 <  3637.242822  :  0.000000  (0)
 [99 , 99, 99]  351669.645418 vs 348032.402595 <  3637.242822  :  0.000000  (0)
 [99 , 99, 99]  351669.645418 vs 348032.402595 <  3637.242822  :  0.000000  (0)

 [99 , 99, 99]  351669.645418 vs 347917.485979 <  3752.159439  :  0.000000  (0)
 [99 , 99, 99]  351669.645418 vs 347917.485979 <  3752.159439  :  0.000000  (0)
 [99 , 99, 99]  351669.645418 vs 347917.485979 <  3752.159439  :  0.000000  (0)
 [99 , 99, 99]  351669.645418 vs 347917.485979 <  3752.159439  :  0.000000  (0)
 [99 , 99, 99]  351669.645418 vs 347917.485979 <  3752.159439  :  0.000000  (0)
 [99 , 99, 99]  351669.645418 vs 347917.485979 <  3752.159439  :  0.000000  (0)
 [99 , 99, 99]  351669.645418 vs 347917.485979 <  3752.159439  :  0.000000  (0)
 [99 , 99, 99]  351669.645418 vs 347917.485979 <  3752.159439  :  0.000000  (0)
 [99 , 99, 99]  351669.645418 vs 347917.485979 <  3752.159439  :  0.000000  (0)
 [99 , 99, 99]  351669.645418 vs 347917.485979 <  3752.159439  :  0.000000  (0)

 [99 , 99, 99]  351669.645418 vs 347818.741360 <  3850.904058  :  0.000000  (0)
 [99 , 99, 99]  351669.645418 vs 347818.741360 <  3850.904058  :  0.000000  (0)
 [99 , 99, 99]  351669.645418 vs 347818.741360 <  3850.904058  :  0.000000  (0)
 [99 , 99, 99]  351669.645418 vs 347818.741360 <  3850.904058  :  0.000000  (0)
 [99 , 99, 99]  351669.645418 vs 347818.741360 <  3850.904058  :  0.000000  (0)
 [99 , 99, 99]  351669.645418 vs 347818.741360 <  3850.904058  :  0.000000  (0)
 [99 , 99, 99]  351669.645418 vs 347818.741360 <  3850.904058  :  0.000000  (0)
 [99 , 99, 99]  351669.645418 vs 347818.741360 <  3850.904058  :  0.000000  (0)
 [99 , 99, 99]  351669.645418 vs 347818.741360 <  3850.904058  :  0.000000  (0)
 [99 , 99, 99]  351669.645418 vs 347818.741360 <  3850.904058  :  0.000000  (0)