

 [80] ******************************************************

 [99 , 99, 99]  152718.430809 vs 150001.546691 >>  2716.884117  :  0.000000  (0)

 [70] ******************************************************

 [99 , 99, 99]  131002.014504 vs 129011.349630 >>  1990.664874  :  0.000000  (0)

 [60] ******************************************************

 [99 , 99, 99]  116495.898057 vs 115005.494767 >>  1490.403290  :  0.000000  (0)

 [50] ******************************************************

 [99 , 99, 99]  102911.142500 vs 101012.694670 >>  1898.447830  :  0.000000  (0)

 [40] ******************************************************

 [0 , 1, 26]  88822.025518 vs 87012.421605 >>  1809.603913  :  28.265625  (1)
 [931]    28.265625 (1)  [26]

 [30] ******************************************************

 [6 , 7, 26]  72878.288091 vs 71352.432299 >>  1525.855792  :  258.671875  (2)
 [771]    10.125000 (3)  [6, 7, 26]
 [931]    248.546875 (1)  [26]