

 [80] ******************************************************

 [25 , 40, 53]  121891.745328 vs 118572.982831 >>  3318.762497  :  17.968750  (40)
 [32]    0.281250 (1)
 [33]    0.109375 (1)
 [45]    0.578125 (1)
 [88]    0.687500 (1)
 [107]    0.734375 (1)
 [111]    0.625000 (1)
 [113]    0.406250 (1)
 [116]    0.187500 (1)
 [120]    0.312500 (1)
 [123]    0.406250 (1)
 [130]    0.562500 (1)
 [133]    0.468750 (1)
 [134]    0.171875 (1)
 [136]    1.406250 (1)
 [146]    0.562500 (1)
 [152]    0.593750 (1)
 [153]    0.515625 (1)
 [166]    0.281250 (1)
 [174]    0.390625 (1)
 [177]    0.093750 (1)
 [186]    0.375000 (1)
 [191]    0.046875 (1)
 [210]    0.406250 (1)
 [219]    0.875000 (1)
 [220]    1.562500 (1)
 [277]    0.750000 (1)
 [283]    0.875000 (1)
 [286]    0.031250 (1)
 [289]    0.125000 (1)
 [298]    0.437500 (1)
 [311]    0.250000 (1)
 [316]    0.375000 (1)
 [317]    0.828125 (1)
 [342]    0.578125 (1)
 [344]    0.140625 (1)
 [376]    0.328125 (1)
 [377]    0.375000 (1)
 [407]    0.125000 (1)
 [411]    0.187500 (1)
 [412]    0.156250 (1)

 [70] ******************************************************

 [0 , 14, 51]  100181.443032 vs 97773.791759 >>  2407.651272  :  6.296875  (4)
 [120]    1.437500 (1)
 [122]    1.218750 (1)
 [177]    1.078125 (1)
 [286]    2.562500 (1)

 [60] ******************************************************

 [99 , 99, 99]  86232.334477 vs 84643.757423 >>  1588.577054  :  0.000000  (0)

 [50] ******************************************************

 [99 , 99, 99]  75162.802696 vs 74246.294800 >>  916.507896  :  0.000000  (0)

 [40] ******************************************************

 [51 , 54, 59]  64956.747797 vs 64276.766519 >>  679.981278  :  32.203125  (1)
 [722]    32.203125 (3)

 [30] ******************************************************

 [51 , 54, 59]  54436.507764 vs 54001.366697 >>  435.141067  :  106.234375  (1)
 [722]    106.234375 (3)