

 [80] ******************************************************

 [29 , 34, 42]  131347.645610 vs 126745.074244 >>  4602.571366  :  72.875000  (2)
[467]    57  [29, 34]
[609]    21  [34, 42]
[609]    20  [13, 42]
[695]    47  [13, 15, 42]
[467]    63  [29, 34, 38]
[467]    57  [29, 34]
[695]    4  [15, 34]
[467]    60  [29, 34, 60]

 [70] ******************************************************

 [15 , 29, 38]  109138.657973 vs 105882.471033 >>  3256.186941  :  372.859375  (3)
[467]    202  [15, 29, 38]
[615]    90  [15, 38]
[695]    81  [15, 38]
[467]    198  [29, 38]
[609]    61  [38, 42]
[615]    110  [38, 42]
[467]    198  [29, 38]
[615]    134  [12, 38]
[467]    204  [29, 32, 38]
[615]    99  [32, 38]
[662]    31  [29, 32, 38]
[467]    198  [29, 38]
[615]    121  [28, 38]

 [60] ******************************************************

 [29 , 38, 42]  95498.035203 vs 92664.921146 >>  2833.114057  :  521.218750  (3)
[467]    224  [29, 38]
[609]    140  [38, 42]
[615]    162  [38, 42]
[467]    228  [15, 29, 38]
[615]    143  [15, 38]
[695]    83  [15, 38]
[467]    230  [29, 32, 38]
[615]    152  [32, 38]
[662]    64  [29, 32, 38]
[467]    208  [29, 32]
[609]    120  [29, 32, 42]
[662]    99  [29, 32, 42]
[467]    224  [29, 38]
[615]    157  [38, 61]
[756]    34  [29, 38, 61]

 [50] ******************************************************

 [29 , 38, 42]  84826.251863 vs 82527.095794 >>  2299.156069  :  687.281250  (3)
[467]    333  [29, 38]
[609]    170  [38, 42]
[615]    189  [38, 42]
[467]    337  [15, 29, 38]
[615]    170  [15, 38]
[695]    131  [15, 38]
[467]    333  [29, 38]
[582]    109  [29, 38, 49]
[615]    178  [38, 49]
[467]    333  [29, 38]
[615]    184  [38, 61]
[756]    89  [29, 38, 61]
[467]    312  [15, 29]
[609]    144  [29, 42]
[695]    146  [15, 42]

 [40] ******************************************************

 [29 , 38, 42]  73554.422273 vs 71734.584950 >>  1819.837323  :  891.984375  (3)
[467]    394  [29, 38]
[609]    266  [38, 42]
[615]    236  [38, 42]
[466]    275  [42, 63]
[467]    364  [29]
[609]    239  [29, 42]
[466]    263  [38, 63]
[467]    395  [29, 38, 63]
[615]    212  [38]
[466]    256  [63]
[467]    373  [15, 29]
[695]    214  [15]
[467]    373  [15, 29]
[609]    239  [29, 42]
[695]    231  [15, 42]

 [30] ******************************************************

 [29 , 42, 63]  62483.579989 vs 61256.873159 >>  1226.706830  :  1158.468750  (3)
[466]    358  [42, 63]
[467]    357  [29]
[609]    447  [29, 42]
[467]    372  [29, 32]
[609]    454  [29, 32, 42]
[662]    278  [29, 32, 42]
[467]    388  [29, 38]
[609]    474  [38, 42]
[615]    247  [38, 42]
[466]    368  [38, 42, 63]
[609]    474  [38, 42]
[615]    248  [38, 42, 63]
[467]    367  [15, 29]
[609]    447  [29, 42]
[695]    272  [15, 42]