
 now Q is 10

 now outputing  - - - -> end


basis_ent0 = 0.015097
 [34 , 39, 56]  0.015097 + 0.000715 <  0.016502  :  2528.171875  (8)
 [34 , 56, 62]  0.015097 + 0.001011 <  0.016502  :  2346.812500  (10)
 [5 , 55, 56]  0.015097 + 0.000627 <  0.016502  :  2340.843750  (5)
 [39 , 53, 56]  0.015097 + 0.000478 <  0.016502  :  2216.625000  (7)
 [4 , 46, 56]  0.015097 + 0.001029 <  0.016502  :  2214.703125  (6)
 [34 , 53, 56]  0.015097 + 0.001088 <  0.016502  :  2170.281250  (10)
 [24 , 26, 39]  0.015097 + 0.000382 <  0.016502  :  2150.890625  (4)
 [4 , 5, 55]  0.015097 + 0.000369 <  0.016502  :  2141.281250  (4)
 [34 , 55, 56]  0.015097 + 0.000703 <  0.016502  :  2141.203125  (7)
 [33 , 34, 56]  0.015097 + 0.000915 <  0.016502  :  2133.890625  (9)

 [34 , 56, 99]  0.015097 + 0.000792 >>  0.011001  :  1675.578125  (6)
 [39 , 56, 99]  0.015097 + 0.000375 <  0.011001  :  1586.750000  (4)
 [24 , 26, 99]  0.015097 + 0.000435 <  0.011001  :  1355.968750  (2)
 [53 , 56, 99]  0.015097 + 0.000697 <  0.011001  :  1346.531250  (5)
 [5 , 55, 99]  0.015097 + 0.000210 <  0.011001  :  1314.875000  (2)
 [4 , 46, 99]  0.015097 + 0.000871 <  0.011001  :  1261.062500  (4)
 [4 , 56, 99]  0.015097 + 0.000629 <  0.011001  :  1174.437500  (4)
 [56 , 62, 99]  0.015097 + 0.000763 <  0.011001  :  1144.593750  (5)
 [34 , 39, 99]  0.015097 + 0.000517 <  0.011001  :  1103.765625  (6)
 [33 , 39, 99]  0.015097 + 0.000110 <  0.011001  :  1098.171875  (3)

 [56 , 99, 99]  0.015097 + 0.000350 <  0.005501  :  757.468750  (2)
 [39 , 99, 99]  0.015097 + 0.000153 <  0.005501  :  710.125000  (2)
 [24 , 99, 99]  0.015097 + 0.000314 <  0.005501  :  329.968750  (1)
 [34 , 99, 99]  0.015097 + 0.000697 <  0.005501  :  324.265625  (4)
 [4 , 99, 99]  0.015097 + 0.000343 <  0.005501  :  291.671875  (2)
 [62 , 99, 99]  0.015097 + 0.000243 <  0.005501  :  255.859375  (2)
 [58 , 99, 99]  0.015097 + 0.000054 <  0.005501  :  243.093750  (3)
 [38 , 99, 99]  0.015097 + 0.000142 <  0.005501  :  210.562500  (2)
 [46 , 99, 99]  0.015097 + 0.000398 <  0.005501  :  198.500000  (1)
 [53 , 99, 99]  0.015097 + 0.000362 <  0.005501  :  193.515625  (2)
34, 56, 99