

 [80] ******************************************************

 [19 , 38, 48]  131347.645610 vs 126828.856846 >>  4518.788763  :  111.265625  (2)
[421]    45  [19, 38, 48]
[466]    67  [19, 38]

 [70] ******************************************************

 [23 , 38, 48]  109138.657973 vs 105783.413863 >>  3355.244110  :  349.187500  (3)
[421]    108  [23, 38, 48]
[466]    143  [38]
[647]    99  [23, 38, 48]

 [60] ******************************************************

 [32 , 38, 48]  95498.035203 vs 92596.525285 >>  2901.509919  :  490.140625  (3)
[421]    138  [48]
[466]    213  [38]
[650]    141  [32, 38, 48]

 [50] ******************************************************

 [32 , 38, 48]  84826.251863 vs 82510.335648 >>  2315.916215  :  719.250000  (3)
[421]    230  [48]
[466]    246  [38]
[650]    245  [32, 38, 48]

 [40] ******************************************************

 [32 , 38, 48]  73554.422273 vs 71713.566492 >>  1840.855781  :  999.734375  (3)
[421]    258  [48]
[466]    500  [38]
[650]    244  [32, 38, 48]

 [30] ******************************************************

 [32 , 38, 48]  62483.579989 vs 61319.099707 >>  1164.480282  :  1230.218750  (3)
[421]    334  [48]
[466]    583  [38]
[650]    316  [32, 38, 48]