 now Q is 30

basis_ent0 = 0.010714
 [7 , 25, 29]  0.010714 + 0.006699 >>  0.015256  :  967.703125  (61)
 [25 , 29, 39]  0.010714 + 0.005923 <  0.015256  :  956.484375  (55)
 [25 , 29, 52]  0.010714 + 0.005683 <  0.015256  :  928.796875  (50)
 [25 , 27, 29]  0.010714 + 0.005930 <  0.015256  :  914.953125  (52)
 [25 , 29, 33]  0.010714 + 0.005358 <  0.015256  :  895.031250  (50)
 [17 , 25, 29]  0.010714 + 0.005540 <  0.015256  :  892.687500  (51)
 [1 , 25, 29]  0.010714 + 0.006144 <  0.015256  :  886.859375  (51)
 [7 , 29, 39]  0.010714 + 0.005947 <  0.015256  :  883.343750  (52)
 [13 , 25, 29]  0.010714 + 0.005185 <  0.015256  :  882.875000  (49)
 [25 , 29, 48]  0.010714 + 0.005277 <  0.015256  :  881.484375  (46)

 [25 , 29, 99]  0.010714 + 0.006446 <  0.010171  :  803.812500  (47)
 [29 , 39, 99]  0.010714 + 0.005486 <  0.010171  :  709.750000  (39)
 [7 , 29, 99]  0.010714 + 0.006155 <  0.010171  :  702.156250  (42)
 [24 , 29, 99]  0.010714 + 0.004324 <  0.010171  :  667.093750  (30)
 [27 , 29, 99]  0.010714 + 0.005100 <  0.010171  :  666.859375  (32)
 [13 , 29, 99]  0.010714 + 0.004565 <  0.010171  :  666.156250  (27)
 [29 , 52, 99]  0.010714 + 0.005093 <  0.010171  :  662.765625  (28)
 [26 , 29, 99]  0.010714 + 0.004307 <  0.010171  :  652.234375  (30)
 [29 , 33, 99]  0.010714 + 0.004383 <  0.010171  :  645.609375  (28)
 [17 , 29, 99]  0.010714 + 0.004881 <  0.010171  :  636.734375  (30)

 [29 , 99, 99]  0.010714 + 0.005290 <  0.005085  :  536.421875  (24)
 [25 , 99, 99]  0.010714 + 0.001715 <  0.005085  :  108.484375  (26)
 [7 , 99, 99]  0.010714 + 0.001017 <  0.005085  :  70.062500  (16)
 [39 , 99, 99]  0.010714 + 0.000968 <  0.005085  :  41.734375  (16)
 [17 , 99, 99]  0.010714 + 0.000368 <  0.005085  :  29.921875  (6)
 [58 , 99, 99]  0.010714 + 0.000309 <  0.005085  :  28.250000  (8)
 [18 , 99, 99]  0.010714 + 0.000440 <  0.005085  :  28.171875  (7)
 [49 , 99, 99]  0.010714 + 0.000574 <  0.005085  :  25.109375  (11)
 [14 , 99, 99]  0.010714 + 0.000357 <  0.005085  :  24.015625  (8)
 [21 , 99, 99]  0.010714 + 0.000513 <  0.005085  :  24.000000  (8)
7, 25, 29