

 [80] ******************************************************

 [29 , 35, 54]  121891.745328 vs 117155.746042 >>  4735.999286  :  149.656250  (2)
 [723]    110.765625 (2)
 [978]    38.890625 (2)

 [70] ******************************************************

 [29 , 35, 47]  100181.443032 vs 97014.937388 >>  3166.505644  :  279.046875  (2)
 [460]    89.062500 (2)
 [723]    189.984375 (2)

 [60] ******************************************************

 [13 , 29, 35]  86232.334477 vs 84112.298106 >>  2120.036371  :  338.046875  (2)
 [723]    239.218750 (2)
 [1011]    99.093750 (3)

 [50] ******************************************************

 [29 , 35, 47]  75162.802696 vs 73691.567591 >>  1471.235105  :  438.843750  (2)
 [460]    124.718750 (2)
 [723]    314.125000 (2)

 [40] ******************************************************

 [8 , 35, 47]  64956.747797 vs 63769.000214 >>  1187.747583  :  611.171875  (8)
 [460]    161.781250 (1)
 [530]    136.250000 (3)
 [536]    2.109375 (1)
 [603]    1.500000 (1)
 [723]    222.046875 (2)
 [757]    80.453125 (3)
 [777]    1.781250 (1)
 [794]    5.328125 (1)

 [30] ******************************************************

 [8 , 35, 63]  54436.507764 vs 53730.402588 >>  706.105176  :  873.734375  (16)
 [299]    10.093750 (1)
 [524]    6.078125 (2)
 [530]    203.125000 (3)
 [568]    6.000000 (1)
 [705]    4.281250 (1)
 [723]    349.734375 (2)
 [745]    4.593750 (1)
 [757]    126.750000 (2)
 [760]    0.671875 (1)
 [777]    0.781250 (1)
 [785]    1.359375 (1)
 [800]    5.546875 (1)
 [802]    0.562500 (1)
 [849]    12.671875 (1)
 [949]    147.984375 (2)
 [987]    0.984375 (1)
 [1014]    4.453125 (1)