

 [80] ******************************************************

 [17 , 38, 59]  121891.745328 vs 117507.184924 >>  4384.560403  :  2.546875  (1)
[296]    3  [17, 38, 59]

 [70] ******************************************************

 [22 , 29, 48]  100181.443032 vs 97376.816237 >>  2804.626795  :  7.031250  (1)
[456]    7  [22, 29, 48]

 [60] ******************************************************

 [23 , 46, 50]  86232.334477 vs 84361.423352 >>  1870.911124  :  27.812500  (2)
[431]    25  [23, 46, 50]
[471]    3  [23, 46]

 [50] ******************************************************

 [19 , 33, 57]  75162.802696 vs 73783.895779 >>  1378.906917  :  78.500000  (3)
[226]    0  [33]
[296]    3  [19, 33]
[463]    0  [33]
[821]    75  [19, 33, 57]

 [40] ******************************************************

 [19 , 33, 57]  64956.747797 vs 63968.450112 >>  988.297685  :  207.796875  (6)
[226]    2  [33]
[296]    1  [33]
[325]    2  [33]
[463]    2  [33]
[794]    4  [33]
[821]    196  [19, 33, 57]
[856]    3  [33, 57]

 [30] ******************************************************

 [2 , 33, 57]  54436.507764 vs 53549.830426 >>  886.677338  :  668.843750  (10)
[568]    16  [2]
[660]    174  [2, 33, 57]
[705]    3  [2]
[764]    5  [2]
[788]    218  [2, 33, 57]
[800]    2  [57]
[801]    2  [57]
[821]    188  [2, 33, 57]
[985]    38  [2, 33, 57]
[1016]    28  [33]