basis_ent0 = 0.008445
 [24 , 37, 56]  0.008445 + 0.004041 <  0.013429  :  298.078125  (14)
 [20 , 37, 56]  0.008445 + 0.005127 >>  0.013429  :  263.531250  (15)
 [33 , 37, 56]  0.008445 + 0.005294 <  0.013429  :  247.375000  (17)
 [19 , 37, 56]  0.008445 + 0.004348 <  0.013429  :  235.984375  (13)
 [37 , 41, 56]  0.008445 + 0.005919 <  0.013429  :  212.125000  (18)
 [31 , 37, 56]  0.008445 + 0.004648 <  0.013429  :  201.031250  (16)
 [17 , 37, 56]  0.008445 + 0.003036 <  0.013429  :  195.328125  (14)
 [32 , 37, 56]  0.008445 + 0.003451 <  0.013429  :  184.765625  (11)
 [37 , 56, 59]  0.008445 + 0.004139 <  0.013429  :  181.984375  (14)
 [37 , 56, 63]  0.008445 + 0.003614 <  0.013429  :  177.343750  (13)

 [37 , 56, 99]  0.008445 + 0.003801 <  0.008953  :  152.656250  (12)
 [20 , 33, 99]  0.008445 + 0.001388 <  0.008953  :  41.062500  (5)
 [22 , 38, 99]  0.008445 + 0.000386 <  0.008953  :  40.578125  (4)
 [41 , 62, 99]  0.008445 + 0.000484 <  0.008953  :  34.437500  (2)
 [31 , 37, 99]  0.008445 + 0.000816 <  0.008953  :  29.234375  (5)
 [40 , 59, 99]  0.008445 + 0.000731 <  0.008953  :  28.187500  (5)
 [20 , 41, 99]  0.008445 + 0.001386 <  0.008953  :  25.312500  (5)
 [14 , 21, 99]  0.008445 + 0.000204 <  0.008953  :  19.296875  (2)
 [14 , 48, 99]  0.008445 + 0.000188 <  0.008953  :  18.359375  (1)
 [17 , 23, 99]  0.008445 + 0.000928 <  0.008953  :  17.281250  (7)

 [55 , 99, 99]  0.008445 + 0.000299 <  0.004476  :  5.218750  (2)
 [13 , 99, 99]  0.008445 + 0.000387 <  0.004476  :  5.140625  (4)
 [31 , 99, 99]  0.008445 + 0.000217 <  0.004476  :  4.640625  (3)
 [17 , 99, 99]  0.008445 + 0.000380 <  0.004476  :  4.140625  (5)
 [33 , 99, 99]  0.008445 + 0.000136 <  0.004476  :  3.921875  (2)
 [59 , 99, 99]  0.008445 + 0.000085 <  0.004476  :  3.812500  (1)
 [34 , 99, 99]  0.008445 + 0.000129 <  0.004476  :  2.437500  (2)
 [56 , 99, 99]  0.008445 + 0.000188 <  0.004476  :  2.015625  (2)
 [39 , 99, 99]  0.008445 + 0.000044 <  0.004476  :  1.984375  (1)
 [29 , 99, 99]  0.008445 + 0.000171 <  0.004476  :  1.937500  (2)
20, 37, 56