basis_ent0 = 0.005439
 [6 , 36, 42]  0.005439 + 0.002002 <  0.012371  :  72.296875  (19)
 [6 , 36, 53]  0.005439 + 0.002591 <  0.012371  :  70.593750  (23)
 [6 , 32, 36]  0.005439 + 0.002347 <  0.012371  :  69.390625  (21)
 [9 , 36, 42]  0.005439 + 0.001879 <  0.012371  :  68.562500  (18)
 [5 , 6, 36]  0.005439 + 0.001860 <  0.012371  :  68.500000  (18)
 [6 , 9, 36]  0.005439 + 0.001926 <  0.012371  :  68.437500  (19)
 [6 , 20, 36]  0.005439 + 0.002176 <  0.012371  :  66.937500  (21)
 [6 , 14, 36]  0.005439 + 0.002130 <  0.012371  :  66.890625  (19)
 [6 , 8, 36]  0.005439 + 0.002258 <  0.012371  :  66.828125  (19)
 [6 , 36, 45]  0.005439 + 0.002267 <  0.012371  :  65.968750  (17)

 [6 , 36, 99]  0.005439 + 0.002132 <  0.008247  :  44.718750  (15)
 [36 , 57, 99]  0.005439 + 0.001946 <  0.008247  :  34.031250  (16)
 [12 , 36, 99]  0.005439 + 0.002267 <  0.008247  :  33.406250  (19)
 [36 , 53, 99]  0.005439 + 0.001843 <  0.008247  :  32.671875  (16)
 [23 , 36, 99]  0.005439 + 0.002248 <  0.008247  :  32.640625  (17)
 [36 , 58, 99]  0.005439 + 0.002029 <  0.008247  :  31.671875  (15)
 [36 , 61, 99]  0.005439 + 0.001965 <  0.008247  :  31.281250  (17)
 [36 , 62, 99]  0.005439 + 0.001620 <  0.008247  :  30.640625  (13)
 [36 , 54, 99]  0.005439 + 0.001678 <  0.008247  :  30.437500  (13)
 [27 , 36, 99]  0.005439 + 0.001847 <  0.008247  :  30.406250  (15)

 [36 , 99, 99]  0.005439 + 0.001251 >>  0.004124  :  6.500000  (10)
 [42 , 99, 99]  0.005439 + 0.000672 <  0.004124  :  6.484375  (6)
 [35 , 99, 99]  0.005439 + 0.000564 <  0.004124  :  6.046875  (5)
 [52 , 99, 99]  0.005439 + 0.000526 <  0.004124  :  6.000000  (6)
 [23 , 99, 99]  0.005439 + 0.000800 <  0.004124  :  5.750000  (6)
 [30 , 99, 99]  0.005439 + 0.000911 <  0.004124  :  5.703125  (8)
 [12 , 99, 99]  0.005439 + 0.000836 <  0.004124  :  4.640625  (9)
 [5 , 99, 99]  0.005439 + 0.000429 <  0.004124  :  4.109375  (5)
 [32 , 99, 99]  0.005439 + 0.000511 <  0.004124  :  3.593750  (6)
 [9 , 99, 99]  0.005439 + 0.000410 <  0.004124  :  3.328125  (4)
36, 99, 99