 [ 40 ] 8.828125
 [ 41 ] 5.421875
 [ 42 ] 9.375000
 [ 44 ] 8.718750
 [ 74 ] 5.390625
 [ 80 ] 6.390625
 [ 83 ] 6.484375
 [ 91 ] 11.843750
 [ 102 ] 22.359375
 [ 109 ] 5.593750
 [ 111 ] 11.515625
 [ 120 ] 4.343750
 [ 124 ] 9.937500
 [ 133 ] 3.656250
 [ 150 ] 4.156250
 [ 151 ] 7.312500
 [ 152 ] 9.843750
 [ 178 ] 12.843750
 [ 182 ] 7.375000
 [ 183 ] 10.453125
 [ 190 ] 3.656250
 [ 197 ] 6.187500
 [ 198 ] 8.062500
 [ 199 ] 7.562500
 [ 201 ] 10.375000
 [ 208 ] 13.359375
 [ 213 ] 8.609375
 [ 217 ] 6.250000
 [ 223 ] 4.078125
 [ 226 ] 9.375000
 [ 227 ] 11.343750
 [ 244 ] 20.984375
 [ 262 ] 8.015625
 [ 269 ] 8.093750
 [ 271 ] 7.031250
 [ 276 ] 9.078125
 [ 277 ] 8.015625
 [ 295 ] 5.609375
 [ 298 ] 8.421875
 [ 302 ] 3.906250
 [ 305 ] 5.781250
 [ 306 ] 6.640625
 [ 309 ] 8.812500
 [ 312 ] 10.781250
 [ 324 ] 5.218750
 [ 330 ] 5.546875
 [ 331 ] 7.984375
 [ 332 ] 11.015625
 [ 337 ] 7.390625
 [ 338 ] 7.343750
 [ 339 ] 8.906250
 [ 341 ] 7.890625
 [ 343 ] 3.953125
 [ 360 ] 5.359375
 [ 362 ] 4.437500
 [ 367 ] 6.828125
 [ 381 ] 3.890625
 [ 383 ] 3.296875
 [ 394 ] 5.921875
 [ 395 ] 8.203125
 [ 400 ] 9.281250
 [ 402 ] 9.265625
 [ 403 ] 13.750000
 [ 447 ] 17.156250
 [ 454 ] 9.703125
 [ 543 ] 20.937500
 [ 572 ] 4.562500
 [ 598 ] 4.218750
 [ 600 ] 4.265625
 [ 632 ] 8.531250
 [ 698 ] 9.000000
 [ 737 ] 1.921875
 [ 738 ] 5.375000
 [ 772 ] 7.171875
 [ 801 ] 4.390625
 [ 807 ] 22.000000
 [ 861 ] 27.796875
 [ 872 ] 6.468750
 [ 876 ] 15.359375
 [ 904 ] 5.046875
 [ 905 ] 16.140625
 [ 936 ] 5.718750
 [ 969 ] 40.593750
 [ 975 ] 4.656250
 [ 978 ] 8.156250
 [ 1005 ] 131.921875
 [ 1007 ] 40.765625