

 [80] ******************************************************

 [20 , 24, 52]  131347.645610 vs 126984.474799 >>  4363.170810  :  56.078125  (1)
[609]    56  [20, 24, 52]

 [70] ******************************************************

 [20 , 46, 56]  109138.657973 vs 105693.775508 >>  3444.882466  :  269.875000  (3)
[467]    146  [56]
[609]    89  [20, 46, 56]
[693]    35  [20, 46, 56]

 [60] ******************************************************

 [20 , 46, 56]  95498.035203 vs 92537.392433 >>  2960.642771  :  399.671875  (3)
[467]    171  [56]
[609]    168  [20, 46, 56]
[693]    61  [20, 46, 56]

 [50] ******************************************************

 [8 , 20, 56]  84826.251863 vs 82456.178007 >>  2370.073857  :  595.734375  (3)
[467]    284  [8, 56]
[609]    193  [8, 20, 56]
[758]    119  [8, 20, 56]

 [40] ******************************************************

 [8 , 20, 56]  73554.422273 vs 71640.887196 >>  1913.535078  :  798.203125  (3)
[467]    345  [8, 56]
[609]    288  [8, 20, 56]
[758]    165  [8, 20, 56]

 [30] ******************************************************

 [8 , 20, 56]  62483.579989 vs 61236.507017 >>  1247.072972  :  1064.718750  (3)
[467]    338  [8, 56]
[609]    496  [8, 20, 56]
[758]    230  [8, 20, 56]