
 now Q is 10

 now outputing  - - - -> end


basis_ent0 = 0.015097
 [6 , 15, 30]  0.015097 + 0.000443 <  0.015700  :  2355.984375  (3)
 [10 , 43, 53]  0.015097 + 0.000480 <  0.015700  :  2226.687500  (8)
 [6 , 29, 30]  0.015097 + 0.000815 >>  0.015700  :  2109.484375  (4)
 [10 , 15, 30]  0.015097 + 0.000317 <  0.015700  :  2047.906250  (4)
 [10 , 53, 62]  0.015097 + 0.000595 <  0.015700  :  1961.968750  (8)
 [10 , 27, 50]  0.015097 + 0.000277 <  0.015700  :  1859.875000  (4)
 [6 , 14, 30]  0.015097 + 0.000607 <  0.015700  :  1847.921875  (9)
 [30 , 43, 53]  0.015097 + 0.000628 <  0.015700  :  1841.687500  (9)
 [10 , 34, 50]  0.015097 + 0.000324 <  0.015700  :  1818.000000  (5)
 [10 , 41, 51]  0.015097 + 0.000147 <  0.015700  :  1754.968750  (12)

 [10 , 51, 99]  0.015097 + 0.000078 <  0.010467  :  1375.687500  (10)
 [43 , 53, 99]  0.015097 + 0.000561 <  0.010467  :  1316.187500  (6)
 [6 , 30, 99]  0.015097 + 0.000533 <  0.010467  :  1274.078125  (3)
 [10 , 14, 99]  0.015097 + 0.000371 <  0.010467  :  1188.781250  (7)
 [15 , 30, 99]  0.015097 + 0.000304 <  0.010467  :  1182.031250  (3)
 [10 , 18, 99]  0.015097 + 0.000212 <  0.010467  :  1159.828125  (3)
 [10 , 50, 99]  0.015097 + 0.000396 <  0.010467  :  1141.734375  (4)
 [10 , 41, 99]  0.015097 + 0.000202 <  0.010467  :  1140.500000  (4)
 [10 , 30, 99]  0.015097 + 0.000168 <  0.010467  :  1071.421875  (3)
 [53 , 62, 99]  0.015097 + 0.000456 <  0.010467  :  1070.921875  (6)

 [10 , 99, 99]  0.015097 + 0.000139 <  0.005233  :  889.234375  (2)
 [51 , 99, 99]  0.015097 + 0.000059 <  0.005233  :  428.468750  (8)
 [57 , 99, 99]  0.015097 + 0.000074 <  0.005233  :  342.656250  (1)
 [14 , 99, 99]  0.015097 + 0.000161 <  0.005233  :  285.046875  (4)
 [18 , 99, 99]  0.015097 + 0.000073 <  0.005233  :  270.593750  (1)
 [41 , 99, 99]  0.015097 + 0.000153 <  0.005233  :  228.328125  (1)
 [30 , 99, 99]  0.015097 + 0.000029 <  0.005233  :  182.187500  (1)
 [7 , 99, 99]  0.015097 + 0.000242 <  0.005233  :  117.296875  (3)
 [47 , 99, 99]  0.015097 + 0.000203 <  0.005233  :  92.515625  (1)
 [53 , 99, 99]  0.015097 + 0.000271 <  0.005233  :  87.796875  (5)
6, 29, 30