

 [80] ******************************************************

 [14 , 28, 47]  131347.645610 vs 126590.599048 >>  4757.046561  :  139.015625  (3)
[421]    36  [14, 28, 47]
[466]    61  [14, 28]
[791]    42  [14, 28, 47]

 [70] ******************************************************

 [14 , 28, 47]  109138.657973 vs 105802.821947 >>  3335.836026  :  403.296875  (3)
[421]    133  [14, 28, 47]
[466]    179  [14, 28]
[791]    91  [14, 28, 47]

 [60] ******************************************************

 [14 , 28, 47]  95498.035203 vs 92661.021223 >>  2837.013981  :  524.515625  (3)
[421]    165  [14, 28, 47]
[466]    249  [14, 28]
[791]    110  [14, 28, 47]

 [50] ******************************************************

 [14 , 28, 47]  84826.251863 vs 82507.070297 >>  2319.181566  :  656.046875  (3)
[421]    257  [14, 28, 47]
[466]    282  [14, 28]
[791]    117  [14, 28, 47]

 [40] ******************************************************

 [14 , 28, 47]  73554.422273 vs 71704.192812 >>  1850.229461  :  933.453125  (3)
[421]    285  [14, 28, 47]
[466]    536  [14, 28]
[791]    113  [14, 28, 47]

 [30] ******************************************************

 [14 , 28, 47]  62483.579989 vs 61332.795964 >>  1150.784025  :  1177.953125  (3)
[421]    361  [14, 28, 47]
[466]    619  [14, 28]
[791]    199  [14, 28, 47]