

 [80] ******************************************************

 [3 , 10, 33]  152718.430809 vs 149471.606772 >>  3246.824036  :  63.921875  (2)
 [437]    33.484375 (3)  [3, 10, 33]
 [750]    30.437500 (3)  [3, 10, 33]

 [70] ******************************************************

 [10 , 33, 50]  131002.014504 vs 128356.006354 >>  2646.008150  :  200.531250  (3)
 [437]    36.203125 (2)  [10, 33]
 [740]    107.140625 (2)  [33, 50]
 [750]    58.875000 (3)  [10, 33, 50]

 [60] ******************************************************

 [6 , 42, 56]  116495.898057 vs 114473.154642 >>  2022.743415  :  490.109375  (3)
 [375]    110.671875 (3)  [6, 42, 56]
 [771]    235.187500 (3)  [6, 42, 56]
 [837]    144.250000 (3)  [6, 42, 56]

 [50] ******************************************************

 [6 , 42, 56]  102911.142500 vs 100539.200095 >>  2371.942405  :  680.609375  (3)
 [375]    153.953125 (3)  [6, 42, 56]
 [771]    262.781250 (3)  [6, 42, 56]
 [837]    263.875000 (3)  [6, 42, 56]

 [40] ******************************************************

 [6 , 42, 56]  88822.025518 vs 86725.693758 >>  2096.331759  :  1048.312500  (4)
 [375]    224.140625 (3)  [6, 42, 56]
 [581]    1.046875 (2)  [42, 56]
 [771]    437.562500 (3)  [6, 42, 56]
 [837]    385.875000 (3)  [6, 42, 56]

 [30] ******************************************************

 [42 , 50, 56]  72878.288091 vs 71116.697901 >>  1761.590190  :  1602.765625  (4)
 [678]    3.515625 (3)  [42, 50, 56]
 [740]    684.625000 (1)  [50]
 [771]    540.140625 (2)  [42, 56]
 [837]    374.484375 (3)  [42, 50, 56]