

 [80] ******************************************************

 [22 , 26, 37]  121891.745328 vs 118308.774699 >>  3582.970628  :  16.406250  (48)
 [32]    0.281250 (1)
 [33]    0.343750 (1)
 [45]    0.359375 (1)
 [88]    0.515625 (1)
 [107]    0.390625 (1)
 [111]    0.625000 (1)
 [113]    0.312500 (1)
 [116]    0.187500 (1)
 [120]    0.093750 (1)
 [122]    0.218750 (1)
 [123]    0.406250 (1)
 [130]    0.890625 (1)
 [133]    0.468750 (1)
 [134]    0.171875 (1)
 [136]    0.375000 (1)
 [146]    0.562500 (1)
 [152]    0.468750 (1)
 [153]    0.468750 (1)
 [166]    0.281250 (1)
 [174]    1.062500 (1)
 [177]    0.093750 (1)
 [186]    0.375000 (1)
 [191]    0.062500 (1)
 [210]    0.406250 (1)
 [219]    0.406250 (1)
 [220]    0.625000 (1)
 [245]    0.093750 (1)
 [277]    0.750000 (1)
 [283]    0.937500 (1)
 [286]    0.031250 (1)
 [287]    0.031250 (1)
 [288]    0.062500 (1)
 [289]    0.125000 (1)
 [292]    0.062500 (1)
 [298]    0.437500 (1)
 [311]    0.250000 (1)
 [316]    0.375000 (1)
 [317]    0.437500 (1)
 [323]    0.406250 (1)
 [342]    0.281250 (1)
 [344]    0.125000 (1)
 [376]    0.312500 (1)
 [377]    0.375000 (1)
 [384]    0.171875 (1)
 [407]    0.218750 (1)
 [411]    0.187500 (1)
 [412]    0.156250 (1)
 [436]    0.125000 (1)

 [70] ******************************************************

 [11 , 20, 27]  100181.443032 vs 97117.997390 >>  3063.445642  :  71.703125  (1)
 [722]    71.703125 (3)

 [60] ******************************************************

 [11 , 20, 27]  86232.334477 vs 84098.167125 >>  2134.167352  :  181.328125  (1)
 [722]    181.328125 (3)

 [50] ******************************************************

 [11 , 20, 27]  75162.802696 vs 73734.229589 >>  1428.573107  :  265.531250  (1)
 [722]    265.531250 (3)

 [40] ******************************************************

 [11 , 20, 27]  64956.747797 vs 63860.639199 >>  1096.108598  :  323.812500  (1)
 [722]    323.812500 (3)

 [30] ******************************************************

 [11 , 20, 27]  54436.507764 vs 53515.389477 >>  921.118287  :  486.000000  (2)
 [722]    397.843750 (3)
 [755]    88.156250 (3)